-1667.8	1.4544e-06	0
-1661.3	2.1953e-06	0
-1654.8	3.4582e-06	0
-1648.3	3.3033e-06	0
-1641.8	2.1676e-06	0
-1635.2	3.8083e-07	0
-1628.7	2.0513e-07	0
-1622.2	2.1588e-07	0
-1615.7	1.5472e-08	0
-1609.2	1.166e-07	0
-1602.7	3.451e-07	0
-1596.2	2.9076e-08	0
-1589.6	2.7841e-07	0
-1583.1	2.2614e-06	0
-1576.6	9.3763e-07	0
-1570.1	4.013e-06	0
-1563.6	1.1178e-05	0
-1557.1	2.5588e-06	0
-1550.5	2.3596e-06	0
-1544	1.2912e-07	0
-1537.5	3.0564e-06	0
-1531	1.3938e-06	0
-1524.5	4.8121e-06	0
-1518	4.4397e-06	0
-1511.5	6.2389e-06	0
-1504.9	7.5519e-08	0
-1498.4	5.4221e-06	0
-1491.9	5.7535e-06	0
-1485.4	6.1663e-06	0
-1478.9	6.069e-06	0
-1472.4	5.8119e-06	0
-1465.9	5.9238e-06	0
-1459.3	9.9267e-06	0
-1452.8	9.0667e-06	0
-1446.3	5.1896e-06	0
-1439.8	6.9888e-06	0
-1433.3	4.6969e-06	0
-1426.8	1.4118e-05	0
-1420.2	1.9345e-05	0
-1413.7	1.5182e-05	0
-1407.2	2.9195e-05	0
-1400.7	2.6511e-05	0
-1394.2	2.9691e-05	0
-1387.7	3.417e-05	0
-1381.2	3.2558e-05	0
-1374.6	2.3142e-05	0
-1368.1	1.8394e-05	0
-1361.6	1.7287e-05	0
-1355.1	1.4668e-05	0
-1348.6	1.1527e-05	0
-1342.1	5.0416e-06	0
-1335.6	6.3624e-06	0
-1329	1.0744e-05	0
-1322.5	4.8302e-06	0
-1316	8.0142e-06	0
-1309.5	4.2346e-06	0
-1303	1.9515e-06	0
-1296.5	2.2871e-06	0
-1290	1.1403e-06	0
-1283.4	8.4531e-06	0
-1276.9	3.762e-05	0
-1270.4	2.6499e-05	0
-1263.9	2.6263e-05	0
-1257.4	1.4884e-05	0
-1250.9	2.6687e-05	0
-1244.3	1.7961e-05	0
-1237.8	4.5539e-05	0
-1231.3	8.1964e-05	0
-1224.8	0.00017296	0
-1218.3	0.00022548	0
-1211.8	0.000311	0
-1205.3	0.00035067	0
-1198.7	0.00036529	0
-1192.2	0.00040463	0
-1185.7	0.00053253	0
-1179.2	0.00048045	0
-1172.7	0.00049926	0
-1166.2	0.00066623	0
-1159.7	0.00057388	0
-1153.1	0.00073034	0
-1146.6	0.00081205	0
-1140.1	0.00099998	0
-1133.6	0.0011609	0
-1127.1	0.0013685	0
-1120.6	0.0014122	0
-1114	0.0016554	0
-1107.5	0.0018893	0
-1101	0.0021259	0
-1094.5	0.0022662	0
-1088	0.0024532	0
-1081.5	0.0027533	0
-1075	0.002875	0
-1068.4	0.0031723	0
-1061.9	0.003415	0
-1055.4	0.0035489	0
-1048.9	0.0037493	0
-1042.4	0.0040131	0
-1035.9	0.0042743	0
-1029.4	0.0043803	0
-1022.8	0.0046248	0
-1016.3	0.0047032	0
-1009.8	0.0046285	0
-1003.3	0.0050289	0
-996.78	0.0047713	0
-990.26	0.0047092	0
-983.75	0.0047445	0
-977.24	0.0045016	0
-970.72	0.0044946	0
-964.21	0.0044123	0
-957.69	0.0040541	0
-951.18	0.0041055	0
-944.66	0.0037592	0
-938.15	0.0037036	0
-931.63	0.0034489	0
-925.12	0.003136	0
-918.6	0.0030709	0
-912.09	0.0027581	0
-905.57	0.0027089	0
-899.06	0.0024449	0
-892.54	0.0022597	0
-886.03	0.0020031	0
-879.51	0.001918	0
-873	0.0016533	0
-866.48	0.0015249	0
-859.97	0.0013226	0
-853.45	0.0011151	0
-846.94	0.0010825	0
-840.42	0.00091532	0
-833.91	0.00074379	0
-827.39	0.00046948	0
-820.88	0.00045042	0
-814.36	0.00031984	0
-807.85	0.00024288	0
-801.33	0.00018347	0
-794.82	0.0001208	0
-788.3	1.1903e-05	0
-781.79	3.8781e-05	0
-775.27	3.7481e-05	0
-768.76	3.0697e-05	0
-762.24	1.602e-05	0
-755.73	1.1338e-05	0
-749.21	3.081e-05	0
-742.7	7.1427e-05	0
-736.18	0.00017214	0
-729.67	0.00026272	0
-723.15	0.00029915	0
-716.64	0.00033838	0
-710.12	0.00044434	0
-703.61	0.00057077	0
-697.09	0.00069436	0
-690.58	0.00080045	0
-684.06	0.00086961	0
-677.55	0.00099709	0
-671.03	0.0011083	0
-664.52	0.0011596	0
-658	0.0012691	0
-651.49	0.0013501	0
-644.98	0.0014143	0
-638.46	0.0014821	0
-631.95	0.0015583	0
-625.43	0.0015621	0
-618.92	0.0015629	0
-612.4	0.0015568	0
-605.89	0.0015327	0
-599.37	0.0014925	0
-592.86	0.0014338	0
-586.34	0.0013363	0
-579.83	0.0012385	0
-573.31	0.0011539	0
-566.8	0.0010272	0
-560.28	0.0008819	0
-553.77	0.00074926	0
-547.25	0.00061313	0
-540.74	0.00051092	0
-534.22	0.00038714	0
-527.71	0.00027759	0
-521.19	0.00019835	0
-514.68	0.00012975	0
-508.16	7.5201e-05	0
-501.65	3.7933e-05	0
-495.13	1.7067e-05	0
-488.62	8.6198e-06	0
-482.1	1.4621e-05	0
-475.59	3.2215e-05	0
-469.07	6.4069e-05	0
-462.56	0.00010547	0
-456.04	0.00014569	0
-449.53	0.00019484	0
-443.01	0.00023889	0
-436.5	0.00031444	0
-429.98	0.00035666	0
-423.47	0.00038783	0
-416.95	0.00044862	0
-410.44	0.00047589	0
-403.92	0.00050762	0
-397.41	0.00050665	0
-390.89	0.00050576	0
-384.38	0.00051276	0
-377.86	0.00048855	0
-371.35	0.00046725	0
-364.83	0.00038802	0
-358.32	0.00028532	0
-351.8	0.0002444	0
-345.29	0.00016627	0
-338.77	0.00010207	0
-332.26	6.5623e-05	0
-325.75	1.5078e-05	0
-319.23	1.9605e-05	0
-312.72	0.00016141	0
-306.2	0.00030446	0
-299.69	0.00072991	0
-293.17	0.0013242	0
-286.66	0.0018152	0
-280.14	0.0024949	0
-273.63	0.0046745	0
-267.11	0.0054327	0
-260.6	0.0082503	0
-254.08	0.011218	0
-247.57	0.014734	0
-241.05	0.019122	0
-234.54	0.024863	0
-228.02	0.031515	0
-221.51	0.039494	0
-214.99	0.048662	0
-208.48	0.059785	0
-201.96	0.072652	0
-195.45	0.087543	0
-188.93	0.10516	-1.5001
-182.42	0.12523	-1.4681
-175.9	0.14825	-1.4322
-169.39	0.17342	-1.394
-162.87	0.20191	-1.3544
-156.36	0.23339	-1.3127
-149.84	0.26802	-1.2689
-143.33	0.30471	-1.2227
-136.81	0.34398	-1.1751
-130.3	0.38526	-1.1252
-123.78	0.42799	-1.0741
-117.27	0.47135	-1.0214
-110.75	0.51491	-0.96808
-104.24	0.55869	-0.91377
-97.724	0.6014	-0.85907
-91.209	0.64287	-0.80432
-84.694	0.68225	-0.74986
-78.179	0.71998	-0.69601
-71.664	0.75565	-0.64293
-65.149	0.78961	-0.59132
-58.634	0.82208	-0.54155
-52.119	0.85333	-0.49437
-45.604	0.88344	-0.45037
-39.089	0.91198	-0.41047
-32.575	0.93844	-0.3753
-26.06	0.96161	-0.34534
-19.545	0.98042	-0.32089
-13.03	0.99348	-0.30198
-6.5149	1	-0.28849
0	0.99954	-0.27998
6.5149	0.99222	-0.27612
13.03	0.97889	-0.27646
19.545	0.96044	-0.28074
26.06	0.93833	-0.28892
32.575	0.91379	-0.30115
39.089	0.88783	-0.31778
45.604	0.86047	-0.33903
52.119	0.83173	-0.36557
58.634	0.80132	-0.39775
65.149	0.76856	-0.43614
71.664	0.73278	-0.48048
78.179	0.69303	-0.53116
84.694	0.65002	-0.58773
91.209	0.60314	-0.64977
97.724	0.55364	-0.71695
104.24	0.50127	-0.78875
110.75	0.44834	-0.86528
117.27	0.39584	-0.94493
123.78	0.34528	-1.0288
130.3	0.29742	-1.1161
136.81	0.25331	-1.2075
143.33	0.2138	-1.3008
149.84	0.17893	-1.3993
156.36	0.14934	-1.5032
162.87	0.1249	-1.6142
169.39	0.10553	-1.7281
175.9	0.089858	0
182.42	0.078527	0
188.93	0.0703	0
195.45	0.065328	0
201.96	0.061677	0
208.48	0.060983	0
214.99	0.06189	0
221.51	0.064339	0
228.02	0.066596	0
234.54	0.069415	0
241.05	0.073725	0
247.57	0.077123	0
254.08	0.080256	0
260.6	0.081056	0
267.11	0.082935	0
273.63	0.082582	0
280.14	0.080684	0
286.66	0.077316	0
293.17	0.073558	0
299.69	0.069811	0
306.2	0.063223	0
312.72	0.056602	0
319.23	0.049491	0
325.75	0.042912	0
332.26	0.035895	0
338.77	0.029071	0
345.29	0.023626	0
351.8	0.018584	0
358.32	0.014314	0
364.83	0.010742	0
371.35	0.0081331	0
377.86	0.0065187	0
384.38	0.0056242	0
390.89	0.0055923	0
397.41	0.0061126	0
403.92	0.0070259	0
410.44	0.0084429	0
416.95	0.0099989	0
423.47	0.01161	0
429.98	0.013182	0
436.5	0.014625	0
443.01	0.01595	0
449.53	0.016938	0
456.04	0.017666	0
462.56	0.018075	0
469.07	0.018086	0
475.59	0.017826	0
482.1	0.017219	0
488.62	0.016402	0
495.13	0.015351	0
501.65	0.014177	0
508.16	0.013053	0
514.68	0.011785	0
521.19	0.010577	0
527.71	0.0094575	0
534.22	0.0085415	0
540.74	0.0076999	0
547.25	0.0070621	0
553.77	0.0066872	0
560.28	0.0064176	0
566.8	0.006367	0
573.31	0.0063642	0
579.83	0.0066025	0
586.34	0.0069667	0
592.86	0.0074599	0
599.37	0.0078048	0
605.89	0.008206	0
612.4	0.0087516	0
618.92	0.0090779	0
625.43	0.0095372	0
631.95	0.0098954	0
638.46	0.010128	0
644.98	0.01017	0
651.49	0.010091	0
658	0.010073	0
664.52	0.0097755	0
671.03	0.0095017	0
677.55	0.0088983	0
684.06	0.0085157	0
690.58	0.0082423	0
697.09	0.007493	0
703.61	0.0066961	0
710.12	0.0058769	0
716.64	0.005178	0
723.15	0.0045997	0
729.67	0.0043023	0
736.18	0.0039201	0
742.7	0.0033741	0
749.21	0.0029024	0
755.73	0.002549	0
762.24	0.002446	0
768.76	0.0024877	0
775.27	0.0023937	0
781.79	0.002363	0
788.3	0.002438	0
794.82	0.0025212	0
801.33	0.0025768	0
807.85	0.0025916	0
814.36	0.0026253	0
820.88	0.0025726	0
827.39	0.0026315	0
833.91	0.0026377	0
840.42	0.0025971	0
846.94	0.0025017	0
853.45	0.0022627	0
859.97	0.0020411	0
866.48	0.0018388	0
873	0.0017493	0
879.51	0.0015481	0
886.03	0.0013453	0
892.54	0.0011586	0
899.06	0.0010464	0
905.57	0.00090273	0
912.09	0.00076363	0
918.6	0.00062709	0
925.12	0.00047959	0
931.63	0.00039563	0
938.15	0.000366	0
944.66	0.00044676	0
951.18	0.0004245	0
957.69	0.00037388	0
964.21	0.00023178	0
970.72	0.00021336	0
977.24	0.00017487	0
983.75	7.2822e-05	0
990.26	3.9166e-05	0
996.78	1.8993e-05	0
1003.3	4.9811e-06	0
1009.8	2.7785e-05	0
1016.3	6.0139e-05	0
1022.8	7.3322e-05	0
1029.4	6.6347e-05	0
1035.9	5.3573e-05	0
1042.4	4.2709e-05	0
1048.9	6.526e-05	0
1055.4	0.00011158	0
1061.9	5.2938e-05	0
1068.4	2.0154e-05	0
1075	2.1538e-05	0
1081.5	4.4003e-06	0
1088	1.8462e-06	0
1094.5	8.9724e-08	0
1101	1.15e-05	0
1107.5	1.2758e-05	0
1114	1.4942e-05	0
1120.6	7.4826e-06	0
1127.1	6.0743e-06	0
1133.6	1.4391e-05	0
1140.1	2.2321e-05	0
1146.6	4.4349e-05	0
1153.1	9.7925e-05	0
1159.7	0.00011105	0
1166.2	0.00017164	0
1172.7	0.00020288	0
1179.2	0.00022538	0
1185.7	0.00031149	0
1192.2	0.00033623	0
1198.7	0.00042744	0
1205.3	0.00057223	0
1211.8	0.00070792	0
1218.3	0.00078573	0
1224.8	0.00080657	0
1231.3	0.00085153	0
1237.8	0.00096391	0
1244.3	0.00099546	0
1250.9	0.0010093	0
1257.4	0.0010069	0
1263.9	0.001027	0
1270.4	0.0010662	0
1276.9	0.0010271	0
1283.4	0.00099036	0
1290	0.00096884	0
1296.5	0.00091624	0
1303	0.00087113	0
1309.5	0.00079779	0
1316	0.0007205	0
1322.5	0.00068556	0
1329	0.0006567	0
1335.6	0.00062974	0
1342.1	0.00058466	0
1348.6	0.00052471	0
1355.1	0.00050505	0
1361.6	0.00049651	0
1368.1	0.00049716	0
1374.6	0.00044	0
1381.2	0.00039788	0
1387.7	0.00038243	0
1394.2	0.00032219	0
1400.7	0.00028375	0
1407.2	0.00028342	0
1413.7	0.00024466	0
1420.2	0.00020591	0
1426.8	0.00015416	0
1433.3	6.1669e-05	0
1439.8	6.3554e-05	0
1446.3	4.1554e-05	0
1452.8	3.8585e-05	0
1459.3	2.0986e-05	0
1465.9	2.7769e-05	0
1472.4	1.1115e-05	0
1478.9	4.5801e-05	0
1485.4	8.2094e-05	0
1491.9	8.672e-05	0
1498.4	9.4797e-05	0
1504.9	3.8998e-05	0
1511.5	2.5938e-05	0
1518	1.1104e-05	0
1524.5	2.3653e-05	0
1531	2.4786e-05	0
1537.5	3.0324e-05	0
1544	9.0032e-06	0
1550.5	2.5111e-06	0
1557.1	6.6253e-06	0
1563.6	6.0121e-06	0
1570.1	6.5353e-06	0
1576.6	7.7399e-06	0
1583.1	3.7586e-06	0
1589.6	7.4159e-06	0
1596.2	5.3984e-06	0
1602.7	2.8853e-06	0
1609.2	2.9383e-06	0
1615.7	3.4446e-06	0
1622.2	2.5101e-06	0
1628.7	1.7496e-06	0
1635.2	1.3033e-06	0
1641.8	1.8343e-06	0
1648.3	2.3491e-06	0
1654.8	2.2128e-06	0
1661.3	1.6946e-06	0
