3.6077e-08	NaN
3.423e-08	NaN
3.1734e-08	NaN
2.8544e-08	NaN
2.4617e-08	NaN
9.1528e-09	NaN
9.4252e-09	NaN
1.0235e-08	NaN
1.1516e-08	NaN
1.3204e-08	NaN
1.5233e-08	NaN
1.7537e-08	NaN
2.0051e-08	NaN
2.2711e-08	NaN
2.545e-08	NaN
2.8203e-08	NaN
3.0904e-08	NaN
3.3489e-08	NaN
3.5892e-08	NaN
3.8048e-08	NaN
3.9891e-08	NaN
4.1355e-08	NaN
4.2385e-08	NaN
4.2975e-08	NaN
4.3137e-08	NaN
4.2884e-08	NaN
4.2229e-08	NaN
4.1182e-08	NaN
3.9757e-08	NaN
3.7966e-08	NaN
3.5827e-08	NaN
3.3406e-08	NaN
3.0785e-08	NaN
2.8046e-08	NaN
2.5273e-08	NaN
2.2547e-08	NaN
1.9952e-08	NaN
1.757e-08	NaN
1.5478e-08	NaN
1.371e-08	NaN
1.2278e-08	NaN
1.1195e-08	NaN
1.0473e-08	NaN
1.0125e-08	NaN
1.0163e-08	NaN
1.06e-08	NaN
1.1447e-08	NaN
1.27e-08	NaN
1.4347e-08	NaN
1.6376e-08	NaN
1.8775e-08	NaN
2.1533e-08	NaN
2.4636e-08	NaN
2.8075e-08	NaN
3.184e-08	NaN
3.5982e-08	NaN
4.0588e-08	NaN
4.5743e-08	NaN
5.1534e-08	NaN
5.8048e-08	NaN
6.5371e-08	NaN
7.3591e-08	NaN
8.2809e-08	NaN
9.3352e-08	NaN
1.0571e-07	NaN
1.2038e-07	NaN
1.3786e-07	NaN
1.5864e-07	NaN
1.8322e-07	NaN
2.1209e-07	NaN
2.4576e-07	NaN
2.8484e-07	NaN
3.3002e-07	NaN
3.82e-07	NaN
4.4149e-07	NaN
5.0919e-07	NaN
5.8581e-07	NaN
6.7204e-07	NaN
7.6855e-07	NaN
8.7526e-07	NaN
9.9134e-07	NaN
1.1159e-06	NaN
1.2481e-06	NaN
1.3871e-06	NaN
1.5319e-06	NaN
1.6818e-06	NaN
1.8358e-06	NaN
1.9927e-06	NaN
2.1509e-06	NaN
2.3086e-06	NaN
2.4642e-06	NaN
2.6159e-06	NaN
2.7622e-06	NaN
2.9012e-06	NaN
3.0314e-06	NaN
3.1521e-06	NaN
3.2642e-06	NaN
3.3686e-06	NaN
3.4662e-06	NaN
3.5579e-06	NaN
3.6446e-06	NaN
3.7272e-06	NaN
3.8067e-06	NaN
3.8844e-06	NaN
3.9624e-06	NaN
4.043e-06	NaN
4.1283e-06	NaN
4.2205e-06	NaN
4.3217e-06	NaN
4.4341e-06	NaN
4.5599e-06	NaN
4.6991e-06	NaN
4.8481e-06	NaN
5.0028e-06	NaN
5.1592e-06	NaN
5.3132e-06	NaN
5.4608e-06	NaN
5.5979e-06	NaN
5.7205e-06	NaN
5.8245e-06	NaN
5.9056e-06	NaN
5.9596e-06	NaN
5.9822e-06	NaN
5.9692e-06	NaN
5.9162e-06	NaN
5.8191e-06	NaN
5.6736e-06	NaN
5.4786e-06	NaN
5.2409e-06	NaN
4.9686e-06	NaN
4.6694e-06	NaN
4.3514e-06	NaN
4.0225e-06	NaN
3.6905e-06	NaN
3.3635e-06	NaN
3.0503e-06	NaN
2.7625e-06	NaN
2.5121e-06	NaN
2.3111e-06	NaN
2.1715e-06	NaN
2.1054e-06	NaN
2.1247e-06	NaN
2.2415e-06	NaN
2.465e-06	NaN
2.7957e-06	NaN
3.2321e-06	NaN
3.7726e-06	NaN
4.4157e-06	NaN
5.1601e-06	NaN
6.004e-06	NaN
6.9461e-06	NaN
7.9854e-06	NaN
9.1227e-06	NaN
1.0359e-05	NaN
1.1697e-05	NaN
1.3137e-05	NaN
1.468e-05	NaN
1.6328e-05	NaN
1.8082e-05	NaN
1.9943e-05	NaN
2.1906e-05	NaN
2.3968e-05	NaN
2.6123e-05	NaN
2.8365e-05	NaN
3.069e-05	NaN
3.3094e-05	NaN
3.557e-05	NaN
3.8111e-05	NaN
4.0693e-05	NaN
4.3285e-05	NaN
4.5858e-05	NaN
4.8382e-05	NaN
5.0826e-05	NaN
5.3162e-05	NaN
5.5358e-05	NaN
5.7391e-05	NaN
5.9268e-05	NaN
6.1013e-05	NaN
6.2646e-05	NaN
6.4191e-05	NaN
6.5669e-05	NaN
6.7102e-05	NaN
6.8513e-05	NaN
6.9923e-05	NaN
7.1356e-05	NaN
7.2835e-05	NaN
7.4382e-05	NaN
7.6021e-05	NaN
7.7775e-05	NaN
7.9667e-05	NaN
8.172e-05	NaN
8.3958e-05	NaN
8.6397e-05	NaN
8.9055e-05	NaN
9.1945e-05	NaN
9.5085e-05	NaN
9.849e-05	NaN
0.00010217	NaN
0.00010616	NaN
0.00011045	NaN
0.00011508	NaN
0.00012009	NaN
0.00012552	NaN
0.00013139	NaN
0.00013775	NaN
0.00014463	NaN
0.00015207	NaN
0.0001601	NaN
0.00016882	NaN
0.00017835	NaN
0.00018882	NaN
0.00020035	NaN
0.00021307	NaN
0.0002271	NaN
0.00024258	NaN
0.00025962	NaN
0.00027834	NaN
0.00029886	NaN
0.00032128	NaN
0.0003457	NaN
0.00037224	NaN
0.00040101	NaN
0.0004321	NaN
0.00046565	NaN
0.00050177	NaN
0.00054068	NaN
0.00058254	NaN
0.00062754	NaN
0.00067587	NaN
0.00072772	NaN
0.00078326	NaN
0.00084268	NaN
0.00090614	NaN
0.0009738	NaN
0.0010458	NaN
0.0011222	NaN
0.0012033	NaN
0.0012891	NaN
0.0013798	NaN
0.0014756	NaN
0.0015763	NaN
0.0016818	NaN
0.0017917	NaN
0.0019059	NaN
0.0020239	NaN
0.0021457	NaN
0.0022708	NaN
0.002399	NaN
0.00253	NaN
0.0026634	NaN
0.0027988	NaN
0.0029356	NaN
0.0030734	NaN
0.0032119	NaN
0.0033506	NaN
0.0034891	NaN
0.0036268	NaN
0.0037635	NaN
0.0038986	NaN
0.0040318	NaN
0.0041625	NaN
0.0042905	NaN
0.0044151	NaN
0.0045361	NaN
0.0046531	NaN
0.0047658	NaN
0.0048742	NaN
0.0049782	NaN
0.0050776	NaN
0.0051722	NaN
0.005262	NaN
0.0053468	NaN
0.0054266	NaN
0.0055018	NaN
0.0055728	NaN
0.0056399	NaN
0.0057037	NaN
0.0057644	NaN
0.0058226	NaN
0.0058786	NaN
0.0059326	NaN
0.0059844	NaN
0.0060338	NaN
0.0060804	NaN
0.006124	NaN
0.0061642	NaN
0.0062008	NaN
0.0062334	NaN
0.0062619	NaN
0.0062859	NaN
0.0063055	NaN
0.0063204	NaN
0.0063304	NaN
0.0063355	NaN
0.0063354	NaN
0.0063301	NaN
0.0063194	NaN
0.006303	NaN
0.0062807	NaN
0.0062523	NaN
0.0062176	NaN
0.0061762	NaN
0.006128	NaN
0.0060727	NaN
0.0060102	NaN
0.0059411	NaN
0.0058659	NaN
0.0057855	NaN
0.0057004	NaN
0.0056114	NaN
0.0055192	NaN
0.0054244	NaN
0.0053277	NaN
0.0052304	NaN
0.0051336	NaN
0.0050387	NaN
0.0049468	NaN
0.0048592	NaN
0.0047772	NaN
0.004702	NaN
0.0046348	NaN
0.0045764	NaN
0.0045274	NaN
0.0044886	NaN
0.0044605	NaN
0.0044438	NaN
0.0044391	NaN
0.0044471	NaN
0.0044684	NaN
0.004503	NaN
0.0045506	NaN
0.0046109	NaN
0.0046838	NaN
0.0047689	NaN
0.004866	NaN
0.0049749	NaN
0.0050952	NaN
0.0052262	NaN
0.0053665	NaN
0.0055151	NaN
0.0056708	NaN
0.0058325	NaN
0.005999	NaN
0.0061691	NaN
0.0063416	NaN
0.0065149	NaN
0.0066869	NaN
0.0068556	NaN
0.0070189	NaN
0.0071748	NaN
0.0073213	NaN
0.0074563	NaN
0.0075779	NaN
0.0076851	NaN
0.0077772	NaN
0.0078539	NaN
0.0079148	NaN
0.0079593	NaN
0.007987	NaN
0.0079975	NaN
0.0079903	NaN
0.0079656	NaN
0.007924	NaN
0.007866	NaN
0.0077923	NaN
0.0077035	NaN
0.0076002	NaN
0.0074829	NaN
0.0073524	NaN
0.0072091	NaN
0.0070537	NaN
0.0068865	NaN
0.0067082	NaN
0.0065192	NaN
0.0063201	NaN
0.0061115	NaN
0.0058938	NaN
0.0056681	NaN
0.0054358	NaN
0.0051984	NaN
0.0049574	NaN
0.0047144	NaN
0.0044709	NaN
0.0042283	NaN
0.0039882	NaN
0.0037518	NaN
0.0035202	NaN
0.0032945	NaN
0.0030756	NaN
0.0028646	NaN
0.0026625	NaN
0.0024703	NaN
0.0022891	NaN
0.0021194	NaN
0.0019611	NaN
0.001814	NaN
0.0016778	NaN
0.0015524	NaN
0.0014375	NaN
0.001333	NaN
0.0012387	NaN
0.0011541	NaN
0.0010785	NaN
0.0010108	NaN
0.00095025	NaN
0.00089598	NaN
0.00084712	NaN
0.00080277	NaN
0.00076207	NaN
0.00072419	NaN
0.0006884	NaN
0.000654	NaN
0.00062025	NaN
0.00058645	NaN
0.00055188	NaN
0.00051583	NaN
0.00047758	NaN
0.00043689	NaN
0.00039463	NaN
0.00035182	NaN
0.00030949	NaN
0.00026866	NaN
0.00023034	NaN
0.00019556	NaN
0.00016535	NaN
0.00014044	NaN
0.00012086	NaN
0.0001065	NaN
9.7245e-05	NaN
9.2997e-05	NaN
9.3647e-05	NaN
9.9089e-05	NaN
0.00010921	NaN
0.00012409	NaN
0.00014432	NaN
0.00017064	NaN
0.00020374	NaN
0.00024436	NaN
0.00029321	NaN
0.00035101	NaN
0.00041847	NaN
0.00049802	NaN
0.00059848	NaN
0.00073014	NaN
0.00090329	NaN
0.0011282	NaN
0.0014153	NaN
0.0017747	NaN
0.0022168	NaN
0.002753	NaN
0.0033993	NaN
0.004173	NaN
0.0050915	NaN
0.0061721	NaN
0.0074322	NaN
0.0088892	NaN
0.01056	NaN
0.012466	NaN
0.014638	NaN
0.017115	NaN
0.019935	NaN
0.023135	NaN
0.026752	NaN
0.030823	NaN
0.035388	NaN
0.04048	NaN
0.046125	NaN
0.052343	NaN
0.059153	NaN
0.066575	NaN
0.07463	NaN
0.083337	NaN
0.092717	NaN
0.10279	-0.88391
0.11361	-0.87253
0.12525	-0.86026
0.13775	-0.84704
0.15118	-0.8328
0.16561	-0.81748
0.18109	-0.80101
0.19769	-0.78333
0.21547	-0.76438
0.2345	-0.74421
0.25482	-0.72295
0.27651	-0.70069
0.29963	-0.67755
0.32422	-0.65364
0.35037	-0.62906
0.37812	-0.60394
0.40753	-0.57836
0.43847	-0.55238
0.47072	-0.52599
0.50408	-0.4992
0.53832	-0.47201
0.57322	-0.44443
0.60857	-0.41645
0.64415	-0.38808
0.67973	-0.35934
0.71503	-0.3303
0.7497	-0.30113
0.7834	-0.27197
0.81579	-0.24297
0.84653	-0.21429
0.87529	-0.18607
0.90171	-0.15847
0.92547	-0.13165
0.9463	-0.1058
0.96403	-0.081181
0.97845	-0.058041
0.98937	-0.03663
0.99662	-0.0172
1	0
0.99932	0.014719
0.99441	0.026704
0.98553	0.035641
0.9733	0.041164
0.95839	0.042901
0.94145	0.040484
0.92312	0.033542
0.90407	0.021706
0.88495	0.0046046
0.8664	-0.018113
0.84895	-0.046312
0.833	-0.07934
0.81894	-0.11651
0.80715	-0.15715
0.79803	-0.20058
0.79196	-0.24611
0.78934	-0.29306
0.79052	-0.34077
0.79516	-0.38899
0.80196	-0.43803
0.8096	-0.48821
0.81674	-0.53985
0.82205	-0.5933
0.8242	-0.64888
0.82185	-0.70691
0.81368	-0.7677
0.79908	-0.83063
0.77842	-0.89368
0.75215	-0.95475
0.72074	-1.0117
0.68464	-1.0625
0.6443	-1.105
0.60018	-1.1371
0.55274	-1.1568
0.50272	-1.1664
0.45134	-1.1762
0.39985	-1.1967
0.3495	-1.2387
0.30155	-1.313
0.25726	-1.4302
0.21788	-1.6012
0.18467	-1.8364
0.15827	-2.1314
0.13816	-2.4522
0.1237	-2.7617
0.11423	-3.0226
0.10912	-3.1978
0.1077	-3.2501
0.10934	-3.1422
0.11337	-2.837
0.11922	-2.3232
0.12641	-1.6471
0.13449	-0.86307
0.14301	-0.025282
0.15152	0.81194
0.15956	1.5943
0.16669	2.2675
0.17246	2.7774
0.17656	3.0912
0.17909	3.2329
0.1802	3.2358
0.18004	3.1331
0.17878	2.958
0.17657	2.7437
0.17356	2.5234
0.1699	2.3304
0.16574	2.1888
0.16109	2.0946
0.15596	2.0383
0.15039	2.0107
0.14437	2.0022
0.13792	2.0034
0.13105	2.005
0.12379	1.9975
0.11614	1.9741
0.10818	1.9373
0.099983	NaN
0.091611	NaN
0.08314	NaN
0.074641	NaN
0.066186	NaN
0.057848	NaN
0.049702	NaN
0.041852	NaN
0.034405	NaN
0.027471	NaN
0.021156	NaN
0.015571	NaN
0.010822	NaN
0.0070199	NaN
0.0042424	NaN
0.0024216	NaN
0.0014424	NaN
0.0011898	NaN
0.0015489	NaN
0.0024045	NaN
0.0036416	NaN
0.0051452	NaN
0.0068035	NaN
0.008525	NaN
0.010225	NaN
0.01182	NaN
0.013226	NaN
0.014358	NaN
0.015131	NaN
0.015463	NaN
0.015283	NaN
0.014634	NaN
0.013603	NaN
0.012279	NaN
0.010753	NaN
0.009111	NaN
0.0074438	NaN
0.0058398	NaN
0.0043845	NaN
0.0031354	NaN
0.0021357	NaN
0.0014284	NaN
0.0010565	NaN
0.001063	NaN
0.001491	NaN
0.0023836	NaN
0.0037749	NaN
0.0056085	NaN
0.0077747	NaN
0.010163	NaN
0.012663	NaN
0.015164	NaN
0.017556	NaN
0.019728	NaN
0.021576	NaN
0.023059	NaN
0.024186	NaN
0.024963	NaN
0.025398	NaN
0.025497	NaN
0.025269	NaN
0.024722	NaN
0.023863	NaN
0.022728	NaN
0.021374	NaN
0.019856	NaN
0.018232	NaN
0.016558	NaN
0.014891	NaN
0.013287	NaN
0.011801	NaN
0.010456	NaN
0.0092415	NaN
0.0081496	NaN
0.0071704	NaN
0.0062946	NaN
0.0055127	NaN
0.0048153	NaN
0.004193	NaN
0.0036383	NaN
0.0031458	NaN
0.0027099	NaN
0.0023254	NaN
0.0019868	NaN
0.0016887	NaN
0.0014256	NaN
0.0011922	NaN
0.00098516	NaN
0.00080326	NaN
0.00064559	NaN
0.00051118	NaN
0.00039909	NaN
0.00030835	NaN
0.000238	NaN
0.00018709	NaN
0.00015409	NaN
0.00013673	NaN
0.00013267	NaN
0.00013958	NaN
0.00015513	NaN
0.00017698	NaN
0.00020279	NaN
0.00023024	NaN
0.00025763	NaN
0.00028427	NaN
0.00030957	NaN
0.00033293	NaN
0.00035375	NaN
0.00037145	NaN
0.00038543	NaN
0.0003951	NaN
0.00040017	NaN
0.0004009	NaN
0.00039762	NaN
0.00039066	NaN
0.00038036	NaN
0.00036704	NaN
0.00035103	NaN
0.00033267	NaN
0.00031232	NaN
0.00029045	NaN
0.00026752	NaN
0.000244	NaN
0.00022037	NaN
0.00019709	NaN
0.00017464	NaN
0.00015348	NaN
0.00013398	NaN
0.00011618	NaN
0.0001001	NaN
8.5744e-05	NaN
7.3132e-05	NaN
6.2272e-05	NaN
5.3173e-05	NaN
4.5848e-05	NaN
4.0253e-05	NaN
3.6184e-05	NaN
3.3406e-05	NaN
3.1685e-05	NaN
3.0786e-05	NaN
3.0474e-05	NaN
3.0514e-05	NaN
3.0672e-05	NaN
3.076e-05	NaN
3.0758e-05	NaN
3.0684e-05	NaN
3.0554e-05	NaN
3.0386e-05	NaN
3.0196e-05	NaN
3.0003e-05	NaN
2.9823e-05	NaN
2.9674e-05	NaN
2.958e-05	NaN
2.9562e-05	NaN
2.9646e-05	NaN
2.9854e-05	NaN
3.0209e-05	NaN
3.0737e-05	NaN
3.1459e-05	NaN
3.2394e-05	NaN
3.354e-05	NaN
3.4886e-05	NaN
3.642e-05	NaN
3.8133e-05	NaN
4.0014e-05	NaN
4.2051e-05	NaN
4.4236e-05	NaN
4.656e-05	NaN
4.9036e-05	NaN
5.1685e-05	NaN
5.4527e-05	NaN
5.7582e-05	NaN
6.0871e-05	NaN
6.4414e-05	NaN
6.8231e-05	NaN
7.2333e-05	NaN
7.6661e-05	NaN
8.1129e-05	NaN
8.565e-05	NaN
9.0136e-05	NaN
9.4501e-05	NaN
9.8657e-05	NaN
0.00010252	NaN
0.000106	NaN
0.00010912	NaN
0.00011192	NaN
0.00011444	NaN
0.00011673	NaN
0.00011884	NaN
0.00012082	NaN
0.0001227	NaN
0.00012454	NaN
0.00012636	NaN
0.00012815	NaN
0.00012993	NaN
0.0001317	NaN
0.00013346	NaN
0.00013522	NaN
0.00013698	NaN
0.00013874	NaN
0.00014042	NaN
0.00014186	NaN
0.0001429	NaN
0.00014341	NaN
0.00014322	NaN
0.0001422	NaN
0.00014017	NaN
0.00013702	NaN
0.00013275	NaN
0.00012751	NaN
0.00012146	NaN
0.00011475	NaN
0.00010752	NaN
9.9922e-05	NaN
9.211e-05	NaN
8.4238e-05	NaN
7.6551e-05	NaN
6.9378e-05	NaN
6.3048e-05	NaN
5.7892e-05	NaN
5.424e-05	NaN
5.2423e-05	NaN
5.2772e-05	NaN
5.5614e-05	NaN
6.1211e-05	NaN
6.9759e-05	NaN
8.145e-05	NaN
9.6476e-05	NaN
0.00011503	NaN
0.0001373	NaN
0.00016348	NaN
0.00019376	NaN
0.00022812	NaN
0.00026629	NaN
0.000308	NaN
0.00035297	NaN
0.00040092	NaN
0.00045157	NaN
0.00050464	NaN
0.00055986	NaN
0.00061677	NaN
0.00067466	NaN
0.00073282	NaN
0.00079053	NaN
0.00084707	NaN
0.00090173	NaN
0.00095379	NaN
0.0010025	NaN
0.0010474	NaN
0.001088	NaN
0.0011242	NaN
0.0011555	NaN
0.0011818	NaN
0.0012026	NaN
0.0012178	NaN
0.0012269	NaN
0.00123	NaN
0.0012272	NaN
0.001219	NaN
0.0012057	NaN
0.0011877	NaN
0.0011652	NaN
0.0011386	NaN
0.0011083	NaN
0.0010746	NaN
0.001038	NaN
0.00099894	NaN
0.00095795	NaN
0.00091547	NaN
0.00087197	NaN
0.00082794	NaN
0.00078384	NaN
0.00074007	NaN
0.00069689	NaN
0.0006545	NaN
0.00061311	NaN
0.00057295	NaN
0.00053422	NaN
0.00049715	NaN
0.00046193	NaN
0.00042874	NaN
0.00039756	NaN
0.00036833	NaN
0.00034102	NaN
0.00031557	NaN
0.00029195	NaN
0.0002701	NaN
0.00024998	NaN
0.00023153	NaN
0.00021463	NaN
0.00019917	NaN
0.00018501	NaN
0.00017205	NaN
0.00016014	NaN
0.00014918	NaN
0.00013903	NaN
0.00012959	NaN
0.00012079	NaN
0.00011258	NaN
0.00010492	NaN
9.7745e-05	NaN
9.1017e-05	NaN
8.4682e-05	NaN
7.8689e-05	NaN
7.2995e-05	NaN
6.7583e-05	NaN
6.2447e-05	NaN
5.7579e-05	NaN
5.2971e-05	NaN
4.8617e-05	NaN
4.4508e-05	NaN
4.0637e-05	NaN
3.6998e-05	NaN
3.3584e-05	NaN
3.0389e-05	NaN
2.7407e-05	NaN
2.4632e-05	NaN
2.2059e-05	NaN
1.9681e-05	NaN
1.7493e-05	NaN
1.5489e-05	NaN
1.3659e-05	NaN
1.1996e-05	NaN
1.0491e-05	NaN
9.1347e-06	NaN
7.9179e-06	NaN
6.8321e-06	NaN
5.8682e-06	NaN
5.0174e-06	NaN
4.271e-06	NaN
3.62e-06	NaN
3.0556e-06	NaN
2.5691e-06	NaN
2.1515e-06	NaN
1.7942e-06	NaN
1.4882e-06	NaN
1.2251e-06	NaN
9.9969e-07	NaN
8.0868e-07	NaN
6.4874e-07	NaN
5.1657e-07	NaN
4.0887e-07	NaN
3.2233e-07	NaN
2.5366e-07	NaN
1.9962e-07	NaN
1.5789e-07	NaN
1.2676e-07	NaN
1.0451e-07	NaN
8.9436e-08	NaN
7.9814e-08	NaN
7.3939e-08	NaN
7.0097e-08	NaN
6.6642e-08	NaN
6.2903e-08	NaN
5.8942e-08	NaN
5.4842e-08	NaN
5.0683e-08	NaN
4.6549e-08	NaN
4.252e-08	NaN
3.8678e-08	NaN
3.5105e-08	NaN
3.1865e-08	NaN
2.9009e-08	NaN
2.6586e-08	NaN
2.4647e-08	NaN
2.3242e-08	NaN
2.242e-08	NaN
2.2233e-08	NaN
2.2726e-08	NaN
2.3848e-08	NaN
2.5451e-08	NaN
2.7382e-08	NaN
2.949e-08	NaN
3.1622e-08	NaN
3.3624e-08	NaN
3.5346e-08	NaN
3.6636e-08	NaN
3.7417e-08	NaN
3.7698e-08	NaN
3.7492e-08	NaN
3.681e-08	NaN
3.5667e-08	NaN
3.4075e-08	NaN
3.2047e-08	NaN
2.9597e-08	NaN
2.6782e-08	NaN
2.3721e-08	NaN
2.0535e-08	NaN
1.7346e-08	NaN
1.4275e-08	NaN
1.1445e-08	NaN
8.9762e-09	NaN
6.9899e-09	NaN
5.5396e-09	NaN
4.5738e-09	NaN
4.032e-09	NaN
3.8537e-09	NaN
3.9786e-09	NaN
4.346e-09	NaN
4.8955e-09	NaN
5.5667e-09	NaN
6.3043e-09	NaN
7.0625e-09	NaN
7.7965e-09	NaN
8.4615e-09	NaN
9.0126e-09	NaN
9.4051e-09	NaN
9.594e-09	NaN
9.5349e-09	NaN
9.225e-09	NaN
8.7502e-09	NaN
8.2073e-09	NaN
7.6934e-09	NaN
7.3054e-09	NaN
7.1402e-09	NaN
7.2947e-09	NaN
7.8658e-09	NaN
8.907e-09	NaN
1.0365e-08	NaN
1.217e-08	NaN
1.4254e-08	NaN
1.6546e-08	NaN
1.8977e-08	NaN
2.1479e-08	NaN
2.3981e-08	NaN
2.642e-08	NaN
2.8748e-08	NaN
3.092e-08	NaN
3.2892e-08	NaN
3.4619e-08	NaN
3.6056e-08	NaN
3.7158e-08	NaN
3.788e-08	NaN
3.8178e-08	NaN
3.8007e-08	NaN
3.7322e-08	NaN
