2.597e-07	NaN
2.3475e-07	NaN
2.0993e-07	NaN
1.8559e-07	NaN
1.6207e-07	NaN
1.3972e-07	NaN
1.1888e-07	NaN
9.9894e-08	NaN
8.3115e-08	NaN
6.8885e-08	NaN
5.7549e-08	NaN
4.9454e-08	NaN
4.4945e-08	NaN
4.4367e-08	NaN
4.8066e-08	NaN
5.6388e-08	NaN
6.9552e-08	NaN
8.7069e-08	NaN
1.0821e-07	NaN
1.3224e-07	NaN
1.5842e-07	NaN
1.8603e-07	NaN
2.1432e-07	NaN
2.4258e-07	NaN
2.7013e-07	NaN
2.9674e-07	NaN
3.2237e-07	NaN
3.4697e-07	NaN
3.705e-07	NaN
3.929e-07	NaN
4.1414e-07	NaN
4.3416e-07	NaN
4.5301e-07	NaN
4.7135e-07	NaN
4.9018e-07	NaN
5.1047e-07	NaN
5.3321e-07	NaN
5.5939e-07	NaN
5.8999e-07	NaN
6.2599e-07	NaN
6.6834e-07	NaN
7.1763e-07	NaN
7.7426e-07	NaN
8.3862e-07	NaN
9.1111e-07	NaN
9.9211e-07	NaN
1.082e-06	NaN
1.1812e-06	NaN
1.2899e-06	NaN
1.4057e-06	NaN
1.5246e-06	NaN
1.6427e-06	NaN
1.7557e-06	NaN
1.8598e-06	NaN
1.951e-06	NaN
2.0251e-06	NaN
2.0785e-06	NaN
2.11e-06	NaN
2.1211e-06	NaN
2.113e-06	NaN
2.087e-06	NaN
2.0444e-06	NaN
1.9863e-06	NaN
1.9143e-06	NaN
1.8295e-06	NaN
1.7337e-06	NaN
1.6294e-06	NaN
1.5188e-06	NaN
1.4041e-06	NaN
1.2878e-06	NaN
1.172e-06	NaN
1.0592e-06	NaN
9.5151e-07	NaN
8.5048e-07	NaN
7.5674e-07	NaN
6.7093e-07	NaN
5.9367e-07	NaN
5.2559e-07	NaN
4.6731e-07	NaN
4.1947e-07	NaN
3.8271e-07	NaN
3.5789e-07	NaN
3.4619e-07	NaN
3.4879e-07	NaN
3.6686e-07	NaN
4.0158e-07	NaN
4.5414e-07	NaN
5.2572e-07	NaN
6.1745e-07	NaN
7.2927e-07	NaN
8.5944e-07	NaN
1.0062e-06	NaN
1.1676e-06	NaN
1.3419e-06	NaN
1.5272e-06	NaN
1.7218e-06	NaN
1.9238e-06	NaN
2.1315e-06	NaN
2.3434e-06	NaN
2.5578e-06	NaN
2.7735e-06	NaN
2.9887e-06	NaN
3.2019e-06	NaN
3.4118e-06	NaN
3.6167e-06	NaN
3.8165e-06	NaN
4.0136e-06	NaN
4.2104e-06	NaN
4.4097e-06	NaN
4.6139e-06	NaN
4.8256e-06	NaN
5.0473e-06	NaN
5.2817e-06	NaN
5.5286e-06	NaN
5.7823e-06	NaN
6.0366e-06	NaN
6.2852e-06	NaN
6.5217e-06	NaN
6.7398e-06	NaN
6.9333e-06	NaN
7.0958e-06	NaN
7.2236e-06	NaN
7.3194e-06	NaN
7.3866e-06	NaN
7.4288e-06	NaN
7.4495e-06	NaN
7.4522e-06	NaN
7.4404e-06	NaN
7.4177e-06	NaN
7.3888e-06	NaN
7.3622e-06	NaN
7.347e-06	NaN
7.3523e-06	NaN
7.3872e-06	NaN
7.4609e-06	NaN
7.5823e-06	NaN
7.7606e-06	NaN
8.0004e-06	NaN
8.2912e-06	NaN
8.6196e-06	NaN
8.9721e-06	NaN
9.3351e-06	NaN
9.6953e-06	NaN
1.0039e-05	NaN
1.0353e-05	NaN
1.0625e-05	NaN
1.0849e-05	NaN
1.1021e-05	NaN
1.1137e-05	NaN
1.1192e-05	NaN
1.1182e-05	NaN
1.1103e-05	NaN
1.095e-05	NaN
1.0722e-05	NaN
1.0428e-05	NaN
1.008e-05	NaN
9.6912e-06	NaN
9.274e-06	NaN
8.841e-06	NaN
8.4049e-06	NaN
7.9782e-06	NaN
7.5726e-06	NaN
7.1951e-06	NaN
6.8513e-06	NaN
6.5465e-06	NaN
6.2861e-06	NaN
6.0756e-06	NaN
5.9204e-06	NaN
5.8259e-06	NaN
5.7982e-06	NaN
5.8469e-06	NaN
5.9836e-06	NaN
6.2195e-06	NaN
6.5661e-06	NaN
7.0345e-06	NaN
7.6363e-06	NaN
8.3826e-06	NaN
9.2842e-06	NaN
1.0346e-05	NaN
1.157e-05	NaN
1.2959e-05	NaN
1.4515e-05	NaN
1.624e-05	NaN
1.8137e-05	NaN
2.0207e-05	NaN
2.245e-05	NaN
2.4827e-05	NaN
2.7283e-05	NaN
2.9759e-05	NaN
3.22e-05	NaN
3.4547e-05	NaN
3.6745e-05	NaN
3.8737e-05	NaN
4.0466e-05	NaN
4.1896e-05	NaN
4.3e-05	NaN
4.3752e-05	NaN
4.4126e-05	NaN
4.4096e-05	NaN
4.3635e-05	NaN
4.2718e-05	NaN
4.1322e-05	NaN
3.9486e-05	NaN
3.729e-05	NaN
3.4815e-05	NaN
3.2145e-05	NaN
2.9359e-05	NaN
2.6541e-05	NaN
2.3771e-05	NaN
2.113e-05	NaN
1.8655e-05	NaN
1.6347e-05	NaN
1.4208e-05	NaN
1.2239e-05	NaN
1.0442e-05	NaN
8.8168e-06	NaN
7.3651e-06	NaN
6.0876e-06	NaN
4.9795e-06	NaN
4.0299e-06	NaN
3.228e-06	NaN
2.5628e-06	NaN
2.0234e-06	NaN
1.5988e-06	NaN
1.2781e-06	NaN
1.0512e-06	NaN
9.2761e-07	NaN
9.3933e-07	NaN
1.1195e-06	NaN
1.5012e-06	NaN
2.1175e-06	NaN
3.0017e-06	NaN
4.1867e-06	NaN
5.7061e-06	NaN
7.6019e-06	NaN
9.9279e-06	NaN
1.2739e-05	NaN
1.6088e-05	NaN
2.0032e-05	NaN
2.4623e-05	NaN
2.9917e-05	NaN
3.5966e-05	NaN
4.2748e-05	NaN
5.0123e-05	NaN
5.7946e-05	NaN
6.6067e-05	NaN
7.4341e-05	NaN
8.2619e-05	NaN
9.0754e-05	NaN
9.8599e-05	NaN
0.00010603	NaN
0.00011293	NaN
0.00011923	NaN
0.00012482	NaN
0.00012962	NaN
0.00013351	NaN
0.00013642	NaN
0.00013824	NaN
0.00013899	NaN
0.00013888	NaN
0.00013816	NaN
0.00013706	NaN
0.00013584	NaN
0.00013472	NaN
0.00013396	NaN
0.0001338	NaN
0.00013444	NaN
0.00013603	NaN
0.00013869	NaN
0.00014255	NaN
0.00014773	NaN
0.00015437	NaN
0.00016259	NaN
0.00017252	NaN
0.00018439	NaN
0.00019865	NaN
0.00021585	NaN
0.0002365	NaN
0.00026112	NaN
0.00029023	NaN
0.00032435	NaN
0.00036401	NaN
0.00040971	NaN
0.0004619	NaN
0.00052103	NaN
0.00058754	NaN
0.00066187	NaN
0.00074446	NaN
0.00083577	NaN
0.00093622	NaN
0.0010461	NaN
0.0011654	NaN
0.0012936	NaN
0.0014305	NaN
0.0015759	NaN
0.0017294	NaN
0.0018908	NaN
0.0020598	NaN
0.0022359	NaN
0.0024183	NaN
0.0026057	NaN
0.0027971	NaN
0.0029914	NaN
0.0031875	NaN
0.0033842	NaN
0.0035804	NaN
0.0037751	NaN
0.0039665	NaN
0.0041532	NaN
0.0043335	NaN
0.0045058	NaN
0.0046684	NaN
0.0048198	NaN
0.0049582	NaN
0.0050825	NaN
0.0051934	NaN
0.0052926	NaN
0.0053818	NaN
0.0054627	NaN
0.0055368	NaN
0.005606	NaN
0.0056717	NaN
0.0057358	NaN
0.0057995	NaN
0.0058644	NaN
0.0059317	NaN
0.0060029	NaN
0.0060793	NaN
0.0061622	NaN
0.0062531	NaN
0.0063531	NaN
0.0064623	NaN
0.0065798	NaN
0.006705	NaN
0.006837	NaN
0.0069752	NaN
0.0071188	NaN
0.007267	NaN
0.0074192	NaN
0.0075735	NaN
0.0077279	NaN
0.0078803	NaN
0.0080285	NaN
0.0081705	NaN
0.008304	NaN
0.008427	NaN
0.0085373	NaN
0.008633	NaN
0.0087126	NaN
0.0087742	NaN
0.0088163	NaN
0.0088372	NaN
0.0088351	NaN
0.0088084	NaN
0.0087554	NaN
0.0086757	NaN
0.0085694	NaN
0.0084367	NaN
0.008278	NaN
0.0080935	NaN
0.0078835	NaN
0.0076483	NaN
0.0073882	NaN
0.0071052	NaN
0.0068031	NaN
0.0064854	NaN
0.0061559	NaN
0.0058183	NaN
0.0054764	NaN
0.0051337	NaN
0.0047941	NaN
0.0044601	NaN
0.0041335	NaN
0.0038156	NaN
0.0035082	NaN
0.0032128	NaN
0.0029308	NaN
0.002664	NaN
0.0024137	NaN
0.0021806	NaN
0.001964	NaN
0.001763	NaN
0.0015769	NaN
0.0014051	NaN
0.0012465	NaN
0.0011006	NaN
0.00096653	NaN
0.00084368	NaN
0.00073168	NaN
0.0006302	NaN
0.00053888	NaN
0.00045736	NaN
0.0003853	NaN
0.00032235	NaN
0.00026815	NaN
0.0002222	NaN
0.00018375	NaN
0.00015201	NaN
0.0001262	NaN
0.00010553	NaN
8.9231e-05	NaN
7.6514e-05	NaN
6.6598e-05	NaN
5.8926e-05	NaN
5.3379e-05	NaN
4.989e-05	NaN
4.8392e-05	NaN
4.8817e-05	NaN
5.1098e-05	NaN
5.5169e-05	NaN
6.0961e-05	NaN
6.8215e-05	NaN
7.6234e-05	NaN
8.426e-05	NaN
9.1534e-05	NaN
9.7296e-05	NaN
0.00010079	NaN
0.00010125	NaN
9.7931e-05	NaN
9.058e-05	NaN
8.0345e-05	NaN
6.8604e-05	NaN
5.6731e-05	NaN
4.6105e-05	NaN
3.8101e-05	NaN
3.4096e-05	NaN
3.5467e-05	NaN
4.3803e-05	NaN
6.1361e-05	NaN
9.0534e-05	NaN
0.00013371	NaN
0.00019329	NaN
0.00027165	NaN
0.0003712	NaN
0.00049431	NaN
0.00064387	NaN
0.00082449	NaN
0.0010412	NaN
0.0012992	NaN
0.0016033	NaN
0.0019588	NaN
0.0023705	NaN
0.0028436	NaN
0.003387	NaN
0.0040263	NaN
0.004792	NaN
0.0057142	NaN
0.0068233	NaN
0.0081497	NaN
0.0097237	NaN
0.011576	NaN
0.013737	NaN
0.016248	NaN
0.019149	NaN
0.022482	NaN
0.026289	NaN
0.030612	NaN
0.035493	NaN
0.040972	NaN
0.047087	NaN
0.053842	NaN
0.061232	NaN
0.069248	NaN
0.077884	NaN
0.087134	NaN
0.096989	NaN
0.10744	-0.56105
0.11849	-0.55996
0.13012	-0.55788
0.14232	-0.55475
0.15507	-0.55052
0.16838	-0.54514
0.18221	-0.53855
0.19657	-0.53069
0.21143	-0.52151
0.2268	-0.51096
0.24273	-0.49912
0.2593	-0.48613
0.27659	-0.47211
0.29469	-0.45721
0.31368	-0.44157
0.33365	-0.4253
0.35467	-0.40857
0.37683	-0.39148
0.40009	-0.37413
0.42438	-0.35659
0.44962	-0.33889
0.47571	-0.32111
0.50258	-0.30329
0.53014	-0.2855
0.55832	-0.26779
0.58701	-0.25022
0.6161	-0.23283
0.64541	-0.21566
0.6748	-0.19874
0.70409	-0.18212
0.73313	-0.16581
0.76175	-0.14987
0.78979	-0.13432
0.81709	-0.11921
0.84343	-0.10459
0.86856	-0.090551
0.8922	-0.07717
0.91411	-0.064533
0.93402	-0.052722
0.95168	-0.04182
0.96682	-0.03191
0.9792	-0.023075
0.98869	-0.015394
0.99531	-0.0089382
0.99908	-0.0037825
1	0
0.9981	0.0023361
0.99339	0.0031524
0.98589	0.0023755
0.97562	-6.8367e-05
0.96273	-0.0042681
0.94754	-0.010328
0.93035	-0.018355
0.91147	-0.028453
0.89122	-0.040728
0.86991	-0.055285
0.84785	-0.072231
0.82535	-0.091669
0.80257	-0.11367
0.7795	-0.13828
0.75609	-0.16552
0.73233	-0.19543
0.70819	-0.22803
0.68362	-0.26336
0.65861	-0.30146
0.63313	-0.34236
0.60717	-0.38594
0.58076	-0.43192
0.55396	-0.48
0.52679	-0.52986
0.49931	-0.5812
0.47154	-0.63372
0.44353	-0.6871
0.41532	-0.74105
0.38702	-0.79558
0.35883	-0.85126
0.33098	-0.90867
0.30368	-0.96843
0.27717	-1.0311
0.25165	-1.0974
0.22736	-1.1678
0.20452	-1.243
0.18326	-1.3227
0.16362	-1.4051
0.1456	-1.4882
0.12919	-1.5701
0.11439	-1.6487
0.10121	-1.722
0.089658	NaN
0.079722	NaN
0.071379	NaN
0.064529	NaN
0.059064	NaN
0.054878	NaN
0.051861	NaN
0.049906	NaN
0.048905	NaN
0.04875	NaN
0.049335	NaN
0.050556	NaN
0.052311	NaN
0.054498	NaN
0.057015	NaN
0.059758	NaN
0.062626	NaN
0.065516	NaN
0.068336	NaN
0.071027	NaN
0.073536	NaN
0.07581	NaN
0.077795	NaN
0.079439	NaN
0.080688	NaN
0.081489	NaN
0.081804	NaN
0.081653	NaN
0.081065	NaN
0.080073	NaN
0.078706	NaN
0.076998	NaN
0.074977	NaN
0.072677	NaN
0.070127	NaN
0.067356	NaN
0.064394	NaN
0.061269	NaN
0.058009	NaN
0.054644	NaN
0.051202	NaN
0.047713	NaN
0.044203	NaN
0.040697	NaN
0.037221	NaN
0.033796	NaN
0.030447	NaN
0.027198	NaN
0.024072	NaN
0.021093	NaN
0.018284	NaN
0.015667	NaN
0.013263	NaN
0.011092	NaN
0.0091755	NaN
0.0075337	NaN
0.0061875	NaN
0.0051578	NaN
0.0044612	NaN
0.0040849	NaN
0.0040034	NaN
0.0041912	NaN
0.0046226	NaN
0.0052721	NaN
0.006114	NaN
0.0071229	NaN
0.0082719	NaN
0.009523	NaN
0.010833	NaN
0.012158	NaN
0.013455	NaN
0.01468	NaN
0.01579	NaN
0.016741	NaN
0.017493	NaN
0.018036	NaN
0.018379	NaN
0.01853	NaN
0.018498	NaN
0.018293	NaN
0.017922	NaN
0.017395	NaN
0.016721	NaN
0.015917	NaN
0.015007	NaN
0.014014	NaN
0.01296	NaN
0.01187	NaN
0.010767	NaN
0.0096728	NaN
0.0086112	NaN
0.0075948	NaN
0.006629	NaN
0.005719	NaN
0.0048698	NaN
0.0040867	NaN
0.0033748	NaN
0.0027393	NaN
0.0021849	NaN
0.0017108	NaN
0.0013108	NaN
0.00097846	NaN
0.0007073	NaN
0.00049094	NaN
0.00032297	NaN
0.00019697	NaN
0.00010656	NaN
4.6324e-05	NaN
1.1868e-05	NaN
1.1615e-06	NaN
2.8829e-06	NaN
1.965e-05	NaN
4.4789e-05	NaN
7.3947e-05	NaN
0.00010283	NaN
0.00012899	NaN
0.00015224	NaN
0.00017252	NaN
0.00018978	NaN
0.00020396	NaN
0.000215	NaN
0.00022285	NaN
0.00022747	NaN
0.000229	NaN
0.00022793	NaN
0.00022474	NaN
0.00021993	NaN
0.00021398	NaN
0.0002074	NaN
0.00020066	NaN
0.00019426	NaN
0.00018843	NaN
0.00018298	NaN
0.00017769	NaN
0.00017234	NaN
0.0001667	NaN
0.00016055	NaN
0.00015367	NaN
0.00014583	NaN
0.00013693	NaN
0.00012713	NaN
0.0001166	NaN
0.00010551	NaN
9.4025e-05	NaN
8.2328e-05	NaN
7.0588e-05	NaN
5.8979e-05	NaN
4.7732e-05	NaN
3.7211e-05	NaN
2.7796e-05	NaN
1.9866e-05	NaN
1.3803e-05	NaN
9.9854e-06	NaN
8.7943e-06	NaN
1.061e-05	NaN
1.5912e-05	NaN
2.5437e-05	NaN
3.9963e-05	NaN
6.0267e-05	NaN
8.7125e-05	NaN
0.00012132	NaN
0.00016362	NaN
0.0002148	NaN
0.00027526	NaN
0.00034418	NaN
0.00042053	NaN
0.00050328	NaN
0.00059141	NaN
0.00068387	NaN
0.00077965	NaN
0.0008777	NaN
0.00097698	NaN
0.0010764	NaN
0.0011747	NaN
0.0012709	NaN
0.0013637	NaN
0.001452	NaN
0.0015347	NaN
0.0016107	NaN
0.001679	NaN
0.0017404	NaN
0.0017957	NaN
0.0018459	NaN
0.001892	NaN
0.0019349	NaN
0.0019755	NaN
0.0020149	NaN
0.0020539	NaN
0.0020933	NaN
0.0021338	NaN
0.0021763	NaN
0.0022214	NaN
0.0022699	NaN
0.0023225	NaN
0.00238	NaN
0.0024429	NaN
0.0025111	NaN
0.0025841	NaN
0.0026614	NaN
0.0027424	NaN
0.0028267	NaN
0.0029137	NaN
0.0030031	NaN
0.0030941	NaN
0.003186	NaN
0.0032776	NaN
0.0033679	NaN
0.0034559	NaN
0.0035404	NaN
0.0036204	NaN
0.0036948	NaN
0.0037626	NaN
0.0038231	NaN
0.0038754	NaN
0.0039189	NaN
0.003953	NaN
0.0039768	NaN
0.0039898	NaN
0.0039912	NaN
0.0039805	NaN
0.0039576	NaN
0.0039231	NaN
0.0038774	NaN
0.0038211	NaN
0.0037545	NaN
0.0036782	NaN
0.0035927	NaN
0.0034984	NaN
0.003396	NaN
0.0032866	NaN
0.0031708	NaN
0.0030497	NaN
0.002924	NaN
0.0027948	NaN
0.0026628	NaN
0.002529	NaN
0.0023939	NaN
0.0022579	NaN
0.0021216	NaN
0.0019853	NaN
0.0018495	NaN
0.0017146	NaN
0.0015809	NaN
0.0014491	NaN
0.0013196	NaN
0.0011933	NaN
0.0010712	NaN
0.00095401	NaN
0.00084266	NaN
0.00073799	NaN
0.00064086	NaN
0.00055213	NaN
0.00047264	NaN
0.00040323	NaN
0.00034474	NaN
0.00029801	NaN
0.00026387	NaN
0.00024317	NaN
0.00023673	NaN
0.00024537	NaN
0.00026884	NaN
0.0003056	NaN
0.00035407	NaN
0.00041266	NaN
0.00047977	NaN
0.00055381	NaN
0.00063319	NaN
0.00071632	NaN
0.00080164	NaN
0.00088767	NaN
0.00097292	NaN
0.0010559	NaN
0.0011351	NaN
0.0012091	NaN
0.0012764	NaN
0.0013354	NaN
0.0013853	NaN
0.0014259	NaN
0.001457	NaN
0.0014785	NaN
0.0014904	NaN
0.0014926	NaN
0.001485	NaN
0.0014675	NaN
0.0014403	NaN
0.0014043	NaN
0.0013605	NaN
0.0013099	NaN
0.0012534	NaN
0.001192	NaN
0.0011267	NaN
0.0010584	NaN
0.00098803	NaN
0.00091661	NaN
0.00084509	NaN
0.00077441	NaN
0.00070554	NaN
0.00063943	NaN
0.00057704	NaN
0.00051932	NaN
0.00046694	NaN
0.00041982	NaN
0.00037775	NaN
0.00034055	NaN
0.00030802	NaN
0.00027996	NaN
0.00025619	NaN
0.0002365	NaN
0.00022063	NaN
0.00020816	NaN
0.0001986	NaN
0.00019148	NaN
0.00018632	NaN
0.00018267	NaN
0.00018003	NaN
0.00017793	NaN
0.00017598	NaN
0.00017399	NaN
0.00017185	NaN
0.00016943	NaN
0.0001666	NaN
0.00016325	NaN
0.00015925	NaN
0.00015447	NaN
0.00014885	NaN
0.00014245	NaN
0.00013543	NaN
0.00012791	NaN
0.00012002	NaN
0.0001119	NaN
0.00010367	NaN
9.5481e-05	NaN
8.7441e-05	NaN
7.9605e-05	NaN
7.201e-05	NaN
6.4689e-05	NaN
5.7677e-05	NaN
5.101e-05	NaN
4.4722e-05	NaN
3.8848e-05	NaN
3.3417e-05	NaN
2.8434e-05	NaN
2.3892e-05	NaN
1.9787e-05	NaN
1.6112e-05	NaN
1.2862e-05	NaN
1.0031e-05	NaN
7.6137e-06	NaN
5.6013e-06	NaN
3.9656e-06	NaN
2.6701e-06	NaN
1.6785e-06	NaN
9.5419e-07	NaN
4.608e-07	NaN
1.6184e-07	NaN
2.0869e-08	NaN
2.412e-09	NaN
7.9045e-08	NaN
2.2724e-07	NaN
4.235e-07	NaN
6.4431e-07	NaN
8.6618e-07	NaN
1.0656e-06	NaN
1.2191e-06	NaN
1.3052e-06	NaN
1.3237e-06	NaN
1.2857e-06	NaN
1.2029e-06	NaN
1.0867e-06	NaN
9.4861e-07	NaN
8.0017e-07	NaN
6.5286e-07	NaN
5.1762e-07	NaN
3.987e-07	NaN
2.9601e-07	NaN
2.0937e-07	NaN
1.3859e-07	NaN
8.3499e-08	NaN
4.3916e-08	NaN
1.966e-08	NaN
1.0523e-08	NaN
1.5869e-08	NaN
3.4739e-08	NaN
6.6165e-08	NaN
1.0918e-07	NaN
1.6282e-07	NaN
2.2611e-07	NaN
2.9808e-07	NaN
3.777e-07	NaN
4.6245e-07	NaN
5.4854e-07	NaN
6.3215e-07	NaN
7.0945e-07	NaN
7.766e-07	NaN
8.2979e-07	NaN
8.6518e-07	NaN
8.7909e-07	NaN
8.7162e-07	NaN
8.466e-07	NaN
8.0806e-07	NaN
7.6003e-07	NaN
7.0653e-07	NaN
6.5157e-07	NaN
5.9919e-07	NaN
5.5334e-07	NaN
5.1601e-07	NaN
4.8688e-07	NaN
4.6552e-07	NaN
4.5149e-07	NaN
4.4434e-07	NaN
4.4363e-07	NaN
4.4893e-07	NaN
4.5978e-07	NaN
4.752e-07	NaN
4.9353e-07	NaN
5.1303e-07	NaN
5.3198e-07	NaN
5.4865e-07	NaN
5.6131e-07	NaN
5.6825e-07	NaN
5.6776e-07	NaN
5.5929e-07	NaN
5.4412e-07	NaN
5.2371e-07	NaN
4.9949e-07	NaN
4.729e-07	NaN
4.4538e-07	NaN
4.1838e-07	NaN
3.9332e-07	NaN
3.7104e-07	NaN
3.5121e-07	NaN
3.3343e-07	NaN
3.1727e-07	NaN
3.0232e-07	NaN
2.8815e-07	NaN
2.7435e-07	NaN
2.6049e-07	NaN
2.4641e-07	NaN
2.324e-07	NaN
2.1885e-07	NaN
2.0615e-07	NaN
1.9466e-07	NaN
1.8478e-07	NaN
1.7687e-07	NaN
1.7133e-07	NaN
1.6838e-07	NaN
1.6794e-07	NaN
1.6986e-07	NaN
1.7399e-07	NaN
1.8019e-07	NaN
1.8831e-07	NaN
1.9821e-07	NaN
2.0973e-07	NaN
2.227e-07	NaN
2.3678e-07	NaN
2.5165e-07	NaN
2.6696e-07	NaN
2.8237e-07	NaN
2.9755e-07	NaN
3.1214e-07	NaN
3.2581e-07	NaN
3.3823e-07	NaN
3.4904e-07	NaN
3.5791e-07	NaN
3.6451e-07	NaN
3.6848e-07	NaN
3.6949e-07	NaN
3.672e-07	NaN
3.6127e-07	NaN
2.8443e-07	NaN
