1.6753e-07	NaN
1.6414e-07	NaN
1.6064e-07	NaN
1.5693e-07	NaN
1.5294e-07	NaN
1.4857e-07	NaN
1.4373e-07	NaN
1.3834e-07	NaN
1.3231e-07	NaN
1.2554e-07	NaN
1.1795e-07	NaN
1.0945e-07	NaN
9.9954e-08	NaN
8.9424e-08	NaN
7.8125e-08	NaN
6.6424e-08	NaN
5.469e-08	NaN
4.3291e-08	NaN
3.2594e-08	NaN
2.2967e-08	NaN
1.4779e-08	NaN
8.3468e-09	NaN
3.6603e-09	NaN
5.7429e-10	NaN
1.0567e-09	NaN
1.378e-09	NaN
5.3504e-10	NaN
1.3269e-09	NaN
4.0625e-09	NaN
7.5247e-09	NaN
1.1554e-08	NaN
1.5983e-08	NaN
2.0647e-08	NaN
2.5379e-08	NaN
3.0014e-08	NaN
3.4385e-08	NaN
3.8326e-08	NaN
4.1675e-08	NaN
4.4299e-08	NaN
4.6084e-08	NaN
4.6915e-08	NaN
4.6679e-08	NaN
4.526e-08	NaN
4.2545e-08	NaN
3.8418e-08	NaN
3.2827e-08	NaN
2.6435e-08	NaN
2.036e-08	NaN
1.5729e-08	NaN
1.3668e-08	NaN
1.5305e-08	NaN
2.1765e-08	NaN
3.4176e-08	NaN
5.3707e-08	NaN
8.2144e-08	NaN
1.2173e-07	NaN
1.7471e-07	NaN
2.4334e-07	NaN
3.2986e-07	NaN
4.3654e-07	NaN
5.6563e-07	NaN
7.1921e-07	NaN
8.966e-07	NaN
1.0947e-06	NaN
1.3104e-06	NaN
1.5406e-06	NaN
1.782e-06	NaN
2.0316e-06	NaN
2.2861e-06	NaN
2.5425e-06	NaN
2.7981e-06	NaN
3.0507e-06	NaN
3.2982e-06	NaN
3.5385e-06	NaN
3.7694e-06	NaN
3.9887e-06	NaN
4.1943e-06	NaN
4.3842e-06	NaN
4.5585e-06	NaN
4.7204e-06	NaN
4.8728e-06	NaN
5.0189e-06	NaN
5.1619e-06	NaN
5.3048e-06	NaN
5.4508e-06	NaN
5.603e-06	NaN
5.7673e-06	NaN
5.953e-06	NaN
6.1696e-06	NaN
6.4267e-06	NaN
6.7339e-06	NaN
7.1008e-06	NaN
7.5368e-06	NaN
8.0516e-06	NaN
8.6537e-06	NaN
9.3504e-06	NaN
1.0149e-05	NaN
1.1056e-05	NaN
1.2079e-05	NaN
1.3225e-05	NaN
1.4501e-05	NaN
1.5914e-05	NaN
1.7468e-05	NaN
1.9157e-05	NaN
2.0976e-05	NaN
2.2921e-05	NaN
2.4986e-05	NaN
2.7166e-05	NaN
2.9457e-05	NaN
3.1852e-05	NaN
3.4345e-05	NaN
3.6928e-05	NaN
3.959e-05	NaN
4.2323e-05	NaN
4.5116e-05	NaN
4.796e-05	NaN
5.0846e-05	NaN
5.3764e-05	NaN
5.6703e-05	NaN
5.9644e-05	NaN
6.2571e-05	NaN
6.5464e-05	NaN
6.8307e-05	NaN
7.1079e-05	NaN
7.3765e-05	NaN
7.6345e-05	NaN
7.8798e-05	NaN
8.1098e-05	NaN
8.3216e-05	NaN
8.5121e-05	NaN
8.6786e-05	NaN
8.8182e-05	NaN
8.928e-05	NaN
9.0051e-05	NaN
9.0488e-05	NaN
9.0662e-05	NaN
9.0659e-05	NaN
9.0563e-05	NaN
9.046e-05	NaN
9.0437e-05	NaN
9.0577e-05	NaN
9.0967e-05	NaN
9.1688e-05	NaN
9.2807e-05	NaN
9.4386e-05	NaN
9.6488e-05	NaN
9.9175e-05	NaN
0.00010251	NaN
0.00010656	NaN
0.00011137	NaN
0.00011702	NaN
0.00012348	NaN
0.00013073	NaN
0.00013876	NaN
0.00014755	NaN
0.00015706	NaN
0.00016729	NaN
0.00017821	NaN
0.00018979	NaN
0.000202	NaN
0.00021481	NaN
0.00022818	NaN
0.00024208	NaN
0.00025646	NaN
0.0002713	NaN
0.00028656	NaN
0.00030219	NaN
0.00031807	NaN
0.00033407	NaN
0.00035004	NaN
0.00036583	NaN
0.00038131	NaN
0.00039632	NaN
0.00041073	NaN
0.0004244	NaN
0.00043724	NaN
0.00044922	NaN
0.00046026	NaN
0.00047033	NaN
0.00047936	NaN
0.00048731	NaN
0.00049412	NaN
0.00049973	NaN
0.00050409	NaN
0.00050714	NaN
0.00050881	NaN
0.00050904	NaN
0.00050778	NaN
0.00050496	NaN
0.00050052	NaN
0.00049442	NaN
0.00048683	NaN
0.00047807	NaN
0.00046844	NaN
0.00045827	NaN
0.00044786	NaN
0.00043753	NaN
0.00042759	NaN
0.00041836	NaN
0.00041013	NaN
0.00040322	NaN
0.00039792	NaN
0.00039453	NaN
0.00039335	NaN
0.00039469	NaN
0.00039884	NaN
0.0004061	NaN
0.00041683	NaN
0.00043141	NaN
0.00045023	NaN
0.00047367	NaN
0.00050212	NaN
0.00053597	NaN
0.00057561	NaN
0.00062141	NaN
0.00067351	NaN
0.00073182	NaN
0.00079625	NaN
0.00086668	NaN
0.00094303	NaN
0.0010252	NaN
0.0011131	NaN
0.0012066	NaN
0.0013053	NaN
0.0014087	NaN
0.001516	NaN
0.0016266	NaN
0.00174	NaN
0.0018553	NaN
0.0019721	NaN
0.0020896	NaN
0.0022074	NaN
0.0023253	NaN
0.0024431	NaN
0.0025607	NaN
0.002678	NaN
0.0027946	NaN
0.0029106	NaN
0.0030256	NaN
0.0031394	NaN
0.0032517	NaN
0.0033618	NaN
0.0034693	NaN
0.0035739	NaN
0.003675	NaN
0.0037721	NaN
0.0038648	NaN
0.0039526	NaN
0.0040348	NaN
0.0041108	NaN
0.0041799	NaN
0.0042415	NaN
0.0042949	NaN
0.0043395	NaN
0.0043746	NaN
0.0043997	NaN
0.0044144	NaN
0.0044183	NaN
0.0044112	NaN
0.0043925	NaN
0.004362	NaN
0.0043193	NaN
0.0042641	NaN
0.0041966	NaN
0.0041186	NaN
0.004032	NaN
0.0039387	NaN
0.0038406	NaN
0.0037398	NaN
0.0036381	NaN
0.0035374	NaN
0.0034396	NaN
0.0033464	NaN
0.0032592	NaN
0.0031796	NaN
0.0031092	NaN
0.0030495	NaN
0.0030021	NaN
0.0029685	NaN
0.0029498	NaN
0.0029457	NaN
0.0029553	NaN
0.002978	NaN
0.0030131	NaN
0.0030598	NaN
0.0031175	NaN
0.0031854	NaN
0.0032626	NaN
0.0033482	NaN
0.0034408	NaN
0.0035391	NaN
0.003642	NaN
0.0037482	NaN
0.0038565	NaN
0.0039656	NaN
0.0040744	NaN
0.0041822	NaN
0.0042884	NaN
0.0043923	NaN
0.0044934	NaN
0.0045911	NaN
0.0046848	NaN
0.0047739	NaN
0.0048578	NaN
0.0049364	NaN
0.0050098	NaN
0.0050779	NaN
0.0051408	NaN
0.0051984	NaN
0.0052507	NaN
0.0052978	NaN
0.0053397	NaN
0.0053764	NaN
0.0054082	NaN
0.0054351	NaN
0.0054574	NaN
0.0054752	NaN
0.0054886	NaN
0.0054978	NaN
0.0055029	NaN
0.0055034	NaN
0.0054986	NaN
0.0054879	NaN
0.0054705	NaN
0.0054459	NaN
0.0054132	NaN
0.0053719	NaN
0.0053214	NaN
0.0052615	NaN
0.0051926	NaN
0.0051151	NaN
0.0050292	NaN
0.0049352	NaN
0.0048336	NaN
0.0047245	NaN
0.0046084	NaN
0.0044855	NaN
0.0043564	NaN
0.0042215	NaN
0.0040811	NaN
0.0039358	NaN
0.003786	NaN
0.0036321	NaN
0.0034746	NaN
0.0033141	NaN
0.0031514	NaN
0.0029875	NaN
0.0028232	NaN
0.0026593	NaN
0.0024966	NaN
0.002336	NaN
0.0021783	NaN
0.0020243	NaN
0.0018747	NaN
0.0017302	NaN
0.0015915	NaN
0.0014593	NaN
0.0013344	NaN
0.0012173	NaN
0.0011089	NaN
0.0010091	NaN
0.0009173	NaN
0.00083281	NaN
0.00075501	NaN
0.00068323	NaN
0.00061683	NaN
0.00055516	NaN
0.00049758	NaN
0.00044366	NaN
0.00039328	NaN
0.00034627	NaN
0.00030252	NaN
0.00026187	NaN
0.00022419	NaN
0.00018935	NaN
0.00015719	NaN
0.00012771	NaN
0.00010102	NaN
7.7247e-05	NaN
5.6515e-05	NaN
3.8952e-05	NaN
2.4686e-05	NaN
1.3844e-05	NaN
6.5508e-06	NaN
2.8461e-06	NaN
2.6449e-06	NaN
5.8521e-06	NaN
1.2372e-05	NaN
2.2111e-05	NaN
3.4972e-05	NaN
5.086e-05	NaN
6.9679e-05	NaN
9.117e-05	NaN
0.0001148	NaN
0.00014001	NaN
0.00016625	NaN
0.00019295	NaN
0.00021956	NaN
0.00024552	NaN
0.00027027	NaN
0.00029333	NaN
0.00031438	NaN
0.00033312	NaN
0.00034925	NaN
0.00036246	NaN
0.00037245	NaN
0.00037892	NaN
0.00038157	NaN
0.00038022	NaN
0.00037501	NaN
0.0003661	NaN
0.00035366	NaN
0.00033786	NaN
0.00031888	NaN
0.00029688	NaN
0.00027203	NaN
0.00024464	NaN
0.00021541	NaN
0.00018509	NaN
0.00015442	NaN
0.00012418	NaN
9.5096e-05	NaN
6.7939e-05	NaN
4.3456e-05	NaN
2.2663e-05	NaN
7.3943e-06	NaN
3.5195e-07	NaN
1.4219e-06	NaN
1.4714e-05	NaN
4.1521e-05	NaN
8.3841e-05	NaN
0.00014367	NaN
0.00022373	NaN
0.00032939	NaN
0.00046667	NaN
0.00064157	NaN
0.00086009	NaN
0.0011282	NaN
0.001452	NaN
0.0018375	NaN
0.002293	NaN
0.0028381	NaN
0.003495	NaN
0.0042862	NaN
0.005234	NaN
0.0063609	NaN
0.0076891	NaN
0.009241	NaN
0.01104	NaN
0.013116	NaN
0.015498	NaN
0.018217	NaN
0.021306	NaN
0.024793	NaN
0.02871	NaN
0.033087	NaN
0.037955	NaN
0.043342	NaN
0.049274	NaN
0.055779	NaN
0.062881	NaN
0.07061	NaN
0.07899	NaN
0.088049	NaN
0.09782	NaN
0.10838	-0.62878
0.11984	-0.62235
0.1323	-0.6145
0.14585	-0.60536
0.16061	-0.59503
0.17667	-0.58364
0.19413	-0.57129
0.21309	-0.55811
0.23353	-0.54421
0.25541	-0.52975
0.27867	-0.51484
0.30325	-0.49964
0.32909	-0.48427
0.35614	-0.46888
0.38433	-0.45359
0.41362	-0.43854
0.44379	-0.4237
0.47459	-0.40897
0.50576	-0.39423
0.53703	-0.37939
0.56813	-0.36433
0.59881	-0.34895
0.6288	-0.33314
0.65784	-0.31681
0.68582	-0.29994
0.7127	-0.2826
0.73848	-0.26486
0.76312	-0.24677
0.7866	-0.2284
0.8089	-0.20981
0.82999	-0.19108
0.84985	-0.17225
0.86849	-0.15348
0.8859	-0.13495
0.90211	-0.11686
0.91712	-0.099393
0.93095	-0.082746
0.94362	-0.067111
0.95512	-0.05268
0.96548	-0.039645
0.97465	-0.028171
0.98255	-0.0184
0.98909	-0.010472
0.9942	-0.004527
0.99777	-0.00070657
0.99974	0.00084927
1	0
0.99848	-0.0033923
0.99511	-0.0093993
0.98983	-0.018021
0.98259	-0.029254
0.97334	-0.043094
0.96204	-0.059539
0.94861	-0.078585
0.93302	-0.10023
0.91522	-0.12446
0.89524	-0.15116
0.87325	-0.18004
0.84943	-0.21082
0.82392	-0.24321
0.79691	-0.27693
0.76855	-0.31169
0.73903	-0.3472
0.7085	-0.38318
0.67714	-0.4197
0.64515	-0.45732
0.6127	-0.49665
0.57998	-0.5383
0.5472	-0.58286
0.51453	-0.63094
0.48216	-0.68314
0.45029	-0.74005
0.41907	-0.80124
0.38861	-0.86456
0.35904	-0.92771
0.33045	-0.9884
0.30295	-1.0443
0.27666	-1.0931
0.25169	-1.1326
0.22814	-1.1604
0.20609	-1.178
0.18558	-1.1939
0.16661	-1.2178
0.14921	-1.2588
0.13339	-1.3266
0.11919	-1.4305
0.1066	-1.58
0.095657	NaN
0.086337	NaN
0.078541	NaN
0.072156	NaN
0.06707	NaN
0.063171	NaN
0.060348	NaN
0.058488	NaN
0.057479	NaN
0.057216	NaN
0.057608	NaN
0.058568	NaN
0.060008	NaN
0.061842	NaN
0.063981	NaN
0.066337	NaN
0.068825	NaN
0.071363	NaN
0.073893	NaN
0.076364	NaN
0.078721	NaN
0.080912	NaN
0.082883	NaN
0.084581	NaN
0.085954	NaN
0.086955	NaN
0.087566	NaN
0.087776	NaN
0.087573	NaN
0.086945	NaN
0.085879	NaN
0.084365	NaN
0.082389	NaN
0.079951	NaN
0.077091	NaN
0.07386	NaN
0.070311	NaN
0.066495	NaN
0.062464	NaN
0.05827	NaN
0.053965	NaN
0.0496	NaN
0.045225	NaN
0.040885	NaN
0.03663	NaN
0.032507	NaN
0.028564	NaN
0.024848	NaN
0.021408	NaN
0.018285	NaN
0.015489	NaN
0.013017	NaN
0.010866	NaN
0.0090321	NaN
0.0075131	NaN
0.0063058	NaN
0.0054072	NaN
0.0048124	NaN
0.0045028	NaN
0.0044542	NaN
0.0046422	NaN
0.0050423	NaN
0.0056302	NaN
0.0063816	NaN
0.0072721	NaN
0.0082774	NaN
0.0093746	NaN
0.010541	NaN
0.011756	NaN
0.012995	NaN
0.014237	NaN
0.01546	NaN
0.016641	NaN
0.017759	NaN
0.018799	NaN
0.019751	NaN
0.020603	NaN
0.021345	NaN
0.021968	NaN
0.022459	NaN
0.02281	NaN
0.023009	NaN
0.02306	NaN
0.022971	NaN
0.022755	NaN
0.02242	NaN
0.021977	NaN
0.021436	NaN
0.020808	NaN
0.020102	NaN
0.01933	NaN
0.018504	NaN
0.017635	NaN
0.016734	NaN
0.015813	NaN
0.014883	NaN
0.013956	NaN
0.013044	NaN
0.012154	NaN
0.01129	NaN
0.010458	NaN
0.0096601	NaN
0.0089023	NaN
0.0081884	NaN
0.0075227	NaN
0.0069095	NaN
0.00635	NaN
0.0058424	NaN
0.0053845	NaN
0.0049743	NaN
0.0046099	NaN
0.004289	NaN
0.0040098	NaN
0.00377	NaN
0.0035668	NaN
0.0033962	NaN
0.0032541	NaN
0.0031364	NaN
0.0030391	NaN
0.0029581	NaN
0.0028894	NaN
0.0028289	NaN
0.0027737	NaN
0.0027224	NaN
0.002674	NaN
0.0026272	NaN
0.0025809	NaN
0.0025338	NaN
0.0024849	NaN
0.0024328	NaN
0.0023768	NaN
0.002317	NaN
0.0022534	NaN
0.002186	NaN
0.0021148	NaN
0.0020399	NaN
0.0019614	NaN
0.0018792	NaN
0.0017936	NaN
0.0017053	NaN
0.0016149	NaN
0.001523	NaN
0.0014304	NaN
0.0013378	NaN
0.0012457	NaN
0.0011549	NaN
0.001066	NaN
0.00097948	NaN
0.00089572	NaN
0.00081521	NaN
0.0007384	NaN
0.00066574	NaN
0.00059768	NaN
0.00053467	NaN
0.00047698	NaN
0.00042435	NaN
0.00037646	NaN
0.000333	NaN
0.00029364	NaN
0.00025807	NaN
0.00022595	NaN
0.00019697	NaN
0.00017084	NaN
0.00014736	NaN
0.00012635	NaN
0.00010763	NaN
9.1025e-05	NaN
7.6351e-05	NaN
6.3429e-05	NaN
5.2081e-05	NaN
4.2146e-05	NaN
3.3537e-05	NaN
2.6183e-05	NaN
2.0011e-05	NaN
1.4949e-05	NaN
1.0927e-05	NaN
7.8721e-06	NaN
5.7127e-06	NaN
4.3853e-06	NaN
3.8606e-06	NaN
4.1185e-06	NaN
5.1388e-06	NaN
6.9011e-06	NaN
9.3853e-06	NaN
1.2571e-05	NaN
1.6438e-05	NaN
2.0947e-05	NaN
2.5961e-05	NaN
3.1313e-05	NaN
3.6837e-05	NaN
4.2366e-05	NaN
4.7734e-05	NaN
5.2773e-05	NaN
5.7318e-05	NaN
6.1213e-05	NaN
6.437e-05	NaN
6.6727e-05	NaN
6.8218e-05	NaN
6.8782e-05	NaN
6.8354e-05	NaN
6.6871e-05	NaN
6.427e-05	NaN
6.0525e-05	NaN
5.5874e-05	NaN
5.0668e-05	NaN
4.5258e-05	NaN
3.9994e-05	NaN
3.5229e-05	NaN
3.1312e-05	NaN
2.8595e-05	NaN
2.7391e-05	NaN
2.7698e-05	NaN
2.936e-05	NaN
3.2218e-05	NaN
3.6115e-05	NaN
4.0892e-05	NaN
4.6391e-05	NaN
5.2455e-05	NaN
5.8924e-05	NaN
6.5635e-05	NaN
7.2418e-05	NaN
7.9106e-05	NaN
8.5531e-05	NaN
9.1524e-05	NaN
9.6919e-05	NaN
0.00010155	NaN
0.00010525	NaN
0.00010807	NaN
0.00011016	NaN
0.00011167	NaN
0.00011276	NaN
0.0001136	NaN
0.00011433	NaN
0.00011512	NaN
0.00011611	NaN
0.00011732	NaN
0.00011863	NaN
0.00011994	NaN
0.00012115	NaN
0.00012214	NaN
0.00012282	NaN
0.00012308	NaN
0.00012281	NaN
0.000122	NaN
0.00012069	NaN
0.00011894	NaN
0.0001168	NaN
0.00011433	NaN
0.00011158	NaN
0.0001086	NaN
0.00010545	NaN
0.00010222	NaN
9.9023e-05	NaN
9.5987e-05	NaN
9.3234e-05	NaN
9.0888e-05	NaN
8.907e-05	NaN
8.7905e-05	NaN
8.7512e-05	NaN
8.7926e-05	NaN
8.9077e-05	NaN
9.0891e-05	NaN
9.3292e-05	NaN
9.6206e-05	NaN
9.9558e-05	NaN
0.00010327	NaN
0.00010728	NaN
0.00011146	NaN
0.00011568	NaN
0.00011977	NaN
0.0001236	NaN
0.000127	NaN
0.00012983	NaN
0.00013193	NaN
0.00013316	NaN
0.00013344	NaN
0.00013285	NaN
0.00013147	NaN
0.00012937	NaN
0.00012665	NaN
0.00012338	NaN
0.00011965	NaN
0.00011552	NaN
0.00011108	NaN
0.00010635	NaN
0.00010138	NaN
9.6183e-05	NaN
9.0804e-05	NaN
8.5274e-05	NaN
7.9625e-05	NaN
7.3891e-05	NaN
6.8107e-05	NaN
6.2308e-05	NaN
5.6535e-05	NaN
5.0822e-05	NaN
4.521e-05	NaN
3.9735e-05	NaN
3.4434e-05	NaN
2.9347e-05	NaN
2.4512e-05	NaN
1.9978e-05	NaN
1.5791e-05	NaN
1.2001e-05	NaN
8.6558e-06	NaN
5.8027e-06	NaN
3.4903e-06	NaN
1.7667e-06	NaN
6.5173e-07	NaN
8.2199e-08	NaN
2.0375e-08	NaN
2.6553e-07	NaN
8.6142e-07	NaN
1.6888e-06	NaN
2.6692e-06	NaN
3.7242e-06	NaN
4.7846e-06	NaN
5.8135e-06	NaN
6.7814e-06	NaN
7.6585e-06	NaN
8.4151e-06	NaN
9.0214e-06	NaN
9.4478e-06	NaN
9.6644e-06	NaN
9.6519e-06	NaN
9.4323e-06	NaN
9.0387e-06	NaN
8.5039e-06	NaN
7.8608e-06	NaN
7.1424e-06	NaN
6.3816e-06	NaN
5.6113e-06	NaN
4.861e-06	NaN
4.1437e-06	NaN
3.4672e-06	NaN
2.8396e-06	NaN
2.2688e-06	NaN
1.7627e-06	NaN
1.3294e-06	NaN
9.7672e-07	NaN
7.1036e-07	NaN
5.2256e-07	NaN
4.0085e-07	NaN
3.3276e-07	NaN
3.0582e-07	NaN
3.0755e-07	NaN
3.2548e-07	NaN
3.4713e-07	NaN
3.6132e-07	NaN
3.656e-07	NaN
3.6116e-07	NaN
3.4921e-07	NaN
3.3094e-07	NaN
3.0755e-07	NaN
2.8025e-07	NaN
2.5023e-07	NaN
2.1869e-07	NaN
1.8679e-07	NaN
1.5565e-07	NaN
1.2642e-07	NaN
1.0023e-07	NaN
7.8205e-08	NaN
6.1491e-08	NaN
5.1219e-08	NaN
4.8382e-08	NaN
5.2606e-08	NaN
6.2745e-08	NaN
7.7643e-08	NaN
9.6146e-08	NaN
1.171e-07	NaN
1.3934e-07	NaN
1.6173e-07	NaN
1.8314e-07	NaN
2.0297e-07	NaN
2.2095e-07	NaN
2.368e-07	NaN
2.5026e-07	NaN
2.6105e-07	NaN
2.6891e-07	NaN
2.7356e-07	NaN
2.7475e-07	NaN
2.7245e-07	NaN
2.6676e-07	NaN
2.5783e-07	NaN
2.4577e-07	NaN
2.3072e-07	NaN
2.1279e-07	NaN
1.9212e-07	NaN
1.6888e-07	NaN
1.4411e-07	NaN
1.1963e-07	NaN
9.7265e-08	NaN
7.8849e-08	NaN
6.6216e-08	NaN
6.1201e-08	NaN
6.5636e-08	NaN
8.1267e-08	NaN
1.0773e-07	NaN
1.4254e-07	NaN
1.8311e-07	NaN
2.2685e-07	NaN
2.712e-07	NaN
3.1355e-07	NaN
3.5133e-07	NaN
3.82e-07	NaN
4.0427e-07	NaN
4.1829e-07	NaN
4.2432e-07	NaN
4.2261e-07	NaN
4.134e-07	NaN
3.9695e-07	NaN
3.7349e-07	NaN
3.433e-07	NaN
3.0727e-07	NaN
2.6715e-07	NaN
2.2476e-07	NaN
1.8191e-07	NaN
1.4042e-07	NaN
1.021e-07	NaN
6.8768e-08	NaN
4.222e-08	NaN
2.3443e-08	NaN
1.2154e-08	NaN
7.9576e-09	NaN
1.0458e-08	NaN
1.9261e-08	NaN
3.397e-08	NaN
5.4192e-08	NaN
7.9529e-08	NaN
1.0944e-07	NaN
1.4314e-07	NaN
1.7979e-07	NaN
2.1858e-07	NaN
2.5868e-07	NaN
2.9927e-07	NaN
3.3953e-07	NaN
3.7864e-07	NaN
4.1572e-07	NaN
4.4983e-07	NaN
4.8001e-07	NaN
5.0531e-07	NaN
5.2475e-07	NaN
5.3739e-07	NaN
5.4225e-07	NaN
5.3838e-07	NaN
5.2547e-07	NaN
5.0472e-07	NaN
4.7762e-07	NaN
4.4561e-07	NaN
4.1018e-07	NaN
3.7277e-07	NaN
3.3487e-07	NaN
2.9792e-07	NaN
2.631e-07	NaN
2.3074e-07	NaN
2.0099e-07	NaN
1.7403e-07	NaN
1.5003e-07	NaN
1.2915e-07	NaN
1.1157e-07	NaN
9.745e-08	NaN
8.6962e-08	NaN
8.0275e-08	NaN
7.7557e-08	NaN
7.8977e-08	NaN
8.4704e-08	NaN
9.4906e-08	NaN
1.0975e-07	NaN
1.2941e-07	NaN
1.8176e-07	NaN
1.7793e-07	NaN
1.7434e-07	NaN
1.709e-07	NaN
