8.8991e-08	NaN
1.2075e-07	NaN
1.5033e-07	NaN
1.7772e-07	NaN
2.0292e-07	NaN
2.2593e-07	NaN
2.4677e-07	NaN
2.6542e-07	NaN
2.8189e-07	NaN
2.9618e-07	NaN
3.083e-07	NaN
3.1823e-07	NaN
3.26e-07	NaN
3.3158e-07	NaN
3.35e-07	NaN
3.3624e-07	NaN
3.354e-07	NaN
3.3306e-07	NaN
3.2997e-07	NaN
3.2689e-07	NaN
3.2458e-07	NaN
3.2378e-07	NaN
3.2525e-07	NaN
3.2974e-07	NaN
3.3795e-07	NaN
3.502e-07	NaN
3.6662e-07	NaN
3.8737e-07	NaN
4.126e-07	NaN
4.4247e-07	NaN
4.7711e-07	NaN
5.167e-07	NaN
5.6127e-07	NaN
6.1013e-07	NaN
6.6224e-07	NaN
7.1652e-07	NaN
7.7194e-07	NaN
8.2743e-07	NaN
8.8193e-07	NaN
9.3439e-07	NaN
9.8378e-07	NaN
1.0294e-06	NaN
1.0706e-06	NaN
1.1069e-06	NaN
1.1377e-06	NaN
1.1624e-06	NaN
1.1805e-06	NaN
1.1914e-06	NaN
1.1946e-06	NaN
1.1909e-06	NaN
1.1818e-06	NaN
1.1688e-06	NaN
1.1536e-06	NaN
1.1376e-06	NaN
1.1224e-06	NaN
1.1096e-06	NaN
1.1005e-06	NaN
1.0959e-06	NaN
1.0955e-06	NaN
1.0993e-06	NaN
1.1073e-06	NaN
1.1192e-06	NaN
1.135e-06	NaN
1.1545e-06	NaN
1.1777e-06	NaN
1.2038e-06	NaN
1.2317e-06	NaN
1.2601e-06	NaN
1.2878e-06	NaN
1.3136e-06	NaN
1.3364e-06	NaN
1.3548e-06	NaN
1.3678e-06	NaN
1.3753e-06	NaN
1.378e-06	NaN
1.3771e-06	NaN
1.3733e-06	NaN
1.3678e-06	NaN
1.3614e-06	NaN
1.355e-06	NaN
1.3496e-06	NaN
1.346e-06	NaN
1.3446e-06	NaN
1.346e-06	NaN
1.3506e-06	NaN
1.359e-06	NaN
1.3715e-06	NaN
1.3887e-06	NaN
1.4113e-06	NaN
1.4424e-06	NaN
1.4894e-06	NaN
1.5595e-06	NaN
1.6602e-06	NaN
1.7989e-06	NaN
1.9829e-06	NaN
2.2197e-06	NaN
2.5165e-06	NaN
2.8774e-06	NaN
3.3011e-06	NaN
3.7861e-06	NaN
4.3306e-06	NaN
4.9332e-06	NaN
5.5921e-06	NaN
6.3057e-06	NaN
7.0725e-06	NaN
7.8971e-06	NaN
8.7949e-06	NaN
9.7825e-06	NaN
1.0877e-05	NaN
1.2094e-05	NaN
1.345e-05	NaN
1.4963e-05	NaN
1.6648e-05	NaN
1.8519e-05	NaN
2.0577e-05	NaN
2.2826e-05	NaN
2.5266e-05	NaN
2.7901e-05	NaN
3.0731e-05	NaN
3.376e-05	NaN
3.6988e-05	NaN
4.0407e-05	NaN
4.3979e-05	NaN
4.7661e-05	NaN
5.1411e-05	NaN
5.5188e-05	NaN
5.895e-05	NaN
6.2654e-05	NaN
6.6259e-05	NaN
6.9736e-05	NaN
7.31e-05	NaN
7.637e-05	NaN
7.9565e-05	NaN
8.2705e-05	NaN
8.5811e-05	NaN
8.8903e-05	NaN
9.1999e-05	NaN
9.5128e-05	NaN
9.8343e-05	NaN
0.0001017	NaN
0.00010526	NaN
0.00010908	NaN
0.00011321	NaN
0.00011772	NaN
0.00012266	NaN
0.00012811	NaN
0.00013429	NaN
0.00014142	NaN
0.00014973	NaN
0.00015944	NaN
0.0001708	NaN
0.00018402	NaN
0.00019933	NaN
0.00021694	NaN
0.00023693	NaN
0.00025933	NaN
0.00028419	NaN
0.00031154	NaN
0.00034142	NaN
0.00037388	NaN
0.00040896	NaN
0.00044663	NaN
0.00048654	NaN
0.00052825	NaN
0.00057128	NaN
0.00061519	NaN
0.0006595	NaN
0.00070376	NaN
0.00074752	NaN
0.00079031	NaN
0.00083164	NaN
0.00087103	NaN
0.00090799	NaN
0.00094202	NaN
0.00097264	NaN
0.00099935	NaN
0.0010217	NaN
0.0010392	NaN
0.0010518	NaN
0.0010596	NaN
0.0010629	NaN
0.0010618	NaN
0.0010563	NaN
0.0010466	NaN
0.001033	NaN
0.0010154	NaN
0.00099405	NaN
0.00096902	NaN
0.00094037	NaN
0.00090821	NaN
0.0008726	NaN
0.00083366	NaN
0.00079145	NaN
0.0007461	NaN
0.00069815	NaN
0.00064836	NaN
0.00059755	NaN
0.00054648	NaN
0.00049595	NaN
0.00044674	NaN
0.00039965	NaN
0.00035545	NaN
0.00031477	NaN
0.00027816	NaN
0.00024615	NaN
0.00021926	NaN
0.00019805	NaN
0.00018303	NaN
0.00017474	NaN
0.00017372	NaN
0.00018028	NaN
0.00019464	NaN
0.00021695	NaN
0.00024742	NaN
0.00028621	NaN
0.00033351	NaN
0.00038951	NaN
0.00045437	NaN
0.00052802	NaN
0.00061017	NaN
0.0007005	NaN
0.0007987	NaN
0.00090446	NaN
0.0010175	NaN
0.0011374	NaN
0.001264	NaN
0.0013966	NaN
0.0015342	NaN
0.0016759	NaN
0.0018206	NaN
0.0019674	NaN
0.0021154	NaN
0.0022634	NaN
0.0024107	NaN
0.0025565	NaN
0.0027005	NaN
0.0028428	NaN
0.002983	NaN
0.0031209	NaN
0.0032565	NaN
0.0033895	NaN
0.0035198	NaN
0.0036473	NaN
0.0037724	NaN
0.0038952	NaN
0.004016	NaN
0.0041352	NaN
0.004253	NaN
0.0043696	NaN
0.0044853	NaN
0.0046005	NaN
0.0047156	NaN
0.004831	NaN
0.0049472	NaN
0.0050647	NaN
0.0051839	NaN
0.0053052	NaN
0.0054291	NaN
0.0055556	NaN
0.0056841	NaN
0.0058138	NaN
0.0059438	NaN
0.0060734	NaN
0.0062017	NaN
0.006328	NaN
0.0064515	NaN
0.0065711	NaN
0.0066851	NaN
0.0067915	NaN
0.0068886	NaN
0.0069746	NaN
0.0070475	NaN
0.0071055	NaN
0.0071468	NaN
0.0071699	NaN
0.0071743	NaN
0.0071595	NaN
0.0071251	NaN
0.0070707	NaN
0.0069961	NaN
0.0069006	NaN
0.0067841	NaN
0.0066465	NaN
0.0064895	NaN
0.0063151	NaN
0.0061251	NaN
0.0059216	NaN
0.0057066	NaN
0.0054819	NaN
0.0052495	NaN
0.0050114	NaN
0.004769	NaN
0.0045242	NaN
0.0042782	NaN
0.0040329	NaN
0.0037897	NaN
0.0035501	NaN
0.0033159	NaN
0.0030883	NaN
0.0028682	NaN
0.0026559	NaN
0.0024521	NaN
0.0022572	NaN
0.0020717	NaN
0.0018962	NaN
0.0017311	NaN
0.0015769	NaN
0.0014336	NaN
0.0013011	NaN
0.0011793	NaN
0.001068	NaN
0.00096719	NaN
0.00087664	NaN
0.00079627	NaN
0.00072591	NaN
0.00066507	NaN
0.00061313	NaN
0.00056947	NaN
0.00053347	NaN
0.00050453	NaN
0.00048201	NaN
0.0004653	NaN
0.00045381	NaN
0.00044708	NaN
0.00044474	NaN
0.00044639	NaN
0.00045167	NaN
0.00046019	NaN
0.00047157	NaN
0.00048543	NaN
0.0005014	NaN
0.00051926	NaN
0.00053885	NaN
0.00056004	NaN
0.00058267	NaN
0.0006066	NaN
0.00063167	NaN
0.00065774	NaN
0.00068463	NaN
0.0007119	NaN
0.00073893	NaN
0.0007651	NaN
0.00078981	NaN
0.00081243	NaN
0.00083234	NaN
0.00084893	NaN
0.00086161	NaN
0.00087019	NaN
0.00087478	NaN
0.00087546	NaN
0.00087235	NaN
0.00086554	NaN
0.00085513	NaN
0.00084124	NaN
0.00082396	NaN
0.0008036	NaN
0.00078061	NaN
0.00075546	NaN
0.0007286	NaN
0.0007005	NaN
0.00067161	NaN
0.00064239	NaN
0.0006133	NaN
0.00058456	NaN
0.00055623	NaN
0.00052832	NaN
0.00050088	NaN
0.00047393	NaN
0.00044751	NaN
0.00042164	NaN
0.00039636	NaN
0.00037168	NaN
0.00034761	NaN
0.00032415	NaN
0.00030129	NaN
0.00027905	NaN
0.00025742	NaN
0.0002364	NaN
0.00021599	NaN
0.00019624	NaN
0.00017724	NaN
0.00015907	NaN
0.00014183	NaN
0.0001256	NaN
0.00011049	NaN
9.6581e-05	NaN
8.3964e-05	NaN
7.2686e-05	NaN
6.2734e-05	NaN
5.4086e-05	NaN
4.6721e-05	NaN
4.0619e-05	NaN
3.576e-05	NaN
3.2122e-05	NaN
2.9687e-05	NaN
2.8455e-05	NaN
2.8469e-05	NaN
2.9774e-05	NaN
3.2415e-05	NaN
3.6437e-05	NaN
4.1887e-05	NaN
4.8809e-05	NaN
5.7247e-05	NaN
6.715e-05	NaN
7.8272e-05	NaN
9.0347e-05	NaN
0.00010311	NaN
0.00011629	NaN
0.00012962	NaN
0.00014284	NaN
0.00015568	NaN
0.00016805	NaN
0.0001803	NaN
0.0001928	NaN
0.00020595	NaN
0.00022015	NaN
0.00023578	NaN
0.00025324	NaN
0.00027292	NaN
0.00029504	NaN
0.00031936	NaN
0.00034556	NaN
0.00037332	NaN
0.00040234	NaN
0.0004323	NaN
0.00046287	NaN
0.00049375	NaN
0.00052448	NaN
0.00055417	NaN
0.00058187	NaN
0.00060661	NaN
0.00062742	NaN
0.00064333	NaN
0.00065338	NaN
0.0006566	NaN
0.00065381	NaN
0.00065251	NaN
0.00066172	NaN
0.00069049	NaN
0.00074787	NaN
0.00084287	NaN
0.00098456	NaN
0.001182	NaN
0.0014465	NaN
0.0018004	NaN
0.0022686	NaN
0.0028762	NaN
0.0036482	NaN
0.0046097	NaN
0.0057857	NaN
0.0072012	NaN
0.0088854	NaN
0.010888	NaN
0.013266	NaN
0.016077	NaN
0.019376	NaN
0.023222	NaN
0.02767	NaN
0.032777	NaN
0.038598	NaN
0.045172	NaN
0.052531	NaN
0.060708	NaN
0.069737	NaN
0.07965	NaN
0.09048	NaN
0.10226	-0.60554
0.11502	-0.6057
0.12876	-0.6042
0.14348	-0.60115
0.15917	-0.59664
0.17581	-0.59077
0.19341	-0.58365
0.21195	-0.57537
0.23142	-0.56603
0.25182	-0.55574
0.2731	-0.54455
0.29523	-0.5325
0.31816	-0.51961
0.34185	-0.50594
0.36624	-0.49152
0.39129	-0.47638
0.41695	-0.46056
0.44319	-0.44411
0.4699	-0.42706
0.49698	-0.4095
0.52432	-0.39148
0.55182	-0.37307
0.57936	-0.35434
0.60684	-0.33534
0.63415	-0.31616
0.66117	-0.29684
0.68782	-0.27745
0.71401	-0.25802
0.73966	-0.23862
0.76468	-0.21928
0.78898	-0.20005
0.81249	-0.18098
0.83511	-0.16211
0.85677	-0.1435
0.87736	-0.12527
0.89676	-0.10761
0.91487	-0.09068
0.93155	-0.074681
0.9467	-0.059792
0.96019	-0.046195
0.97192	-0.034072
0.98177	-0.023605
0.98962	-0.014908
0.99535	-0.0080382
0.99885	-0.0030508
1	0
0.99869	0.0010597
0.9948	7.375e-05
0.98822	-0.0030124
0.97883	-0.0082524
0.96675	-0.015676
0.95231	-0.025287
0.93584	-0.037087
0.91771	-0.05108
0.89824	-0.067268
0.87779	-0.085653
0.8567	-0.10624
0.83532	-0.12902
0.81384	-0.15392
0.79232	-0.18074
0.77078	-0.20927
0.74926	-0.23931
0.7278	-0.27067
0.70641	-0.30313
0.68514	-0.3365
0.66402	-0.37057
0.64301	-0.40549
0.62197	-0.44187
0.60075	-0.48035
0.5792	-0.52159
0.55718	-0.56621
0.53453	-0.61489
0.51112	-0.66825
0.48678	-0.72695
0.46152	-0.79054
0.43552	-0.85684
0.40902	-0.9235
0.38224	-0.98816
0.3554	-1.0485
0.32872	-1.1021
0.30243	-1.1466
0.27675	-1.1798
0.25189	-1.203
0.22799	-1.2245
0.20522	-1.2538
0.18373	-1.3
0.16367	-1.3723
0.14521	-1.4802
0.12848	-1.6327
0.11366	-1.8392
0.1008	-2.0965
0.089775	NaN
0.080446	NaN
0.072656	NaN
0.066255	NaN
0.061093	NaN
0.057019	NaN
0.053882	NaN
0.051548	NaN
0.049931	NaN
0.048951	NaN
0.048526	NaN
0.048578	NaN
0.049026	NaN
0.04979	NaN
0.05079	NaN
0.051957	NaN
0.053253	NaN
0.054646	NaN
0.056106	NaN
0.057601	NaN
0.0591	NaN
0.060572	NaN
0.061986	NaN
0.06331	NaN
0.064514	NaN
0.065569	NaN
0.066445	NaN
0.067112	NaN
0.067541	NaN
0.0677	NaN
0.067561	NaN
0.067101	NaN
0.066329	NaN
0.065262	NaN
0.063916	NaN
0.06231	NaN
0.06046	NaN
0.058384	NaN
0.056098	NaN
0.053622	NaN
0.05098	NaN
0.048202	NaN
0.045315	NaN
0.042347	NaN
0.039327	NaN
0.036282	NaN
0.033242	NaN
0.030232	NaN
0.027279	NaN
0.024407	NaN
0.02164	NaN
0.019001	NaN
0.016516	NaN
0.014207	NaN
0.0121	NaN
0.010216	NaN
0.0085606	NaN
0.0071344	NaN
0.0059363	NaN
0.0049656	NaN
0.0042216	NaN
0.0037037	NaN
0.0034113	NaN
0.003342	NaN
0.0034786	NaN
0.0037963	NaN
0.0042704	NaN
0.0048761	NaN
0.0055887	NaN
0.0063833	NaN
0.0072353	NaN
0.0081206	NaN
0.0090244	NaN
0.0099372	NaN
0.01085	NaN
0.011752	NaN
0.012635	NaN
0.013489	NaN
0.014305	NaN
0.015073	NaN
0.015789	NaN
0.016451	NaN
0.017059	NaN
0.017611	NaN
0.018105	NaN
0.018541	NaN
0.018916	NaN
0.01923	NaN
0.019483	NaN
0.019676	NaN
0.019809	NaN
0.019885	NaN
0.019904	NaN
0.019867	NaN
0.019776	NaN
0.019633	NaN
0.019437	NaN
0.019194	NaN
0.018904	NaN
0.018571	NaN
0.018197	NaN
0.017785	NaN
0.017337	NaN
0.016857	NaN
0.016347	NaN
0.015811	NaN
0.015253	NaN
0.014677	NaN
0.014087	NaN
0.013486	NaN
0.012879	NaN
0.012269	NaN
0.01166	NaN
0.011056	NaN
0.010461	NaN
0.0098788	NaN
0.009314	NaN
0.0087701	NaN
0.0082513	NaN
0.0077613	NaN
0.007302	NaN
0.0068722	NaN
0.0064706	NaN
0.0060957	NaN
0.0057462	NaN
0.0054205	NaN
0.0051175	NaN
0.0048355	NaN
0.0045732	NaN
0.0043285	NaN
0.0040998	NaN
0.003885	NaN
0.0036824	NaN
0.0034901	NaN
0.0033061	NaN
0.0031287	NaN
0.0029568	NaN
0.0027906	NaN
0.0026308	NaN
0.0024778	NaN
0.0023321	NaN
0.0021942	NaN
0.0020646	NaN
0.0019439	NaN
0.0018321	NaN
0.0017287	NaN
0.0016328	NaN
0.0015437	NaN
0.0014607	NaN
0.001383	NaN
0.0013097	NaN
0.0012403	NaN
0.001174	NaN
0.0011105	NaN
0.0010497	NaN
0.00099132	NaN
0.00093512	NaN
0.00088088	NaN
0.00082839	NaN
0.00077742	NaN
0.00072779	NaN
0.00067949	NaN
0.00063253	NaN
0.00058693	NaN
0.00054269	NaN
0.00049984	NaN
0.00045838	NaN
0.00041833	NaN
0.00037972	NaN
0.00034264	NaN
0.00030719	NaN
0.00027348	NaN
0.00024162	NaN
0.0002117	NaN
0.00018385	NaN
0.00015815	NaN
0.00013469	NaN
0.00011343	NaN
9.4298e-05	NaN
7.7225e-05	NaN
6.2142e-05	NaN
4.8978e-05	NaN
3.7663e-05	NaN
2.8128e-05	NaN
2.0291e-05	NaN
1.4015e-05	NaN
9.1465e-06	NaN
5.5312e-06	NaN
3.015e-06	NaN
1.4438e-06	NaN
6.6341e-07	NaN
5.1985e-07	NaN
8.6776e-07	NaN
1.6133e-06	NaN
2.6812e-06	NaN
3.9965e-06	NaN
5.4838e-06	NaN
7.0681e-06	NaN
8.6742e-06	NaN
1.0227e-05	NaN
1.1655e-05	NaN
1.2911e-05	NaN
1.3961e-05	NaN
1.4769e-05	NaN
1.5298e-05	NaN
1.5514e-05	NaN
1.5381e-05	NaN
1.4863e-05	NaN
1.3936e-05	NaN
1.2657e-05	NaN
1.1129e-05	NaN
9.4522e-06	NaN
7.7282e-06	NaN
6.0584e-06	NaN
4.5441e-06	NaN
3.2867e-06	NaN
2.3779e-06	NaN
1.8134e-06	NaN
1.5339e-06	NaN
1.479e-06	NaN
1.5885e-06	NaN
1.8024e-06	NaN
2.0603e-06	NaN
2.3021e-06	NaN
2.4712e-06	NaN
2.5544e-06	NaN
2.5676e-06	NaN
2.5273e-06	NaN
2.4498e-06	NaN
2.3515e-06	NaN
2.2489e-06	NaN
2.1585e-06	NaN
2.0966e-06	NaN
2.0805e-06	NaN
2.1276e-06	NaN
2.2556e-06	NaN
2.4821e-06	NaN
2.8248e-06	NaN
3.3012e-06	NaN
3.929e-06	NaN
4.7242e-06	NaN
5.6734e-06	NaN
6.7369e-06	NaN
7.874e-06	NaN
9.0442e-06	NaN
1.0207e-05	NaN
1.1321e-05	NaN
1.2346e-05	NaN
1.3243e-05	NaN
1.3992e-05	NaN
1.4596e-05	NaN
1.506e-05	NaN
1.5387e-05	NaN
1.5581e-05	NaN
1.5645e-05	NaN
1.5585e-05	NaN
1.5403e-05	NaN
1.5106e-05	NaN
1.4705e-05	NaN
1.4211e-05	NaN
1.3634e-05	NaN
1.2983e-05	NaN
1.2271e-05	NaN
1.1507e-05	NaN
1.0701e-05	NaN
9.8688e-06	NaN
9.0266e-06	NaN
8.1934e-06	NaN
7.3875e-06	NaN
6.6272e-06	NaN
5.9309e-06	NaN
5.3169e-06	NaN
4.8035e-06	NaN
4.3994e-06	NaN
4.0984e-06	NaN
3.8929e-06	NaN
3.7754e-06	NaN
3.7383e-06	NaN
3.7741e-06	NaN
3.8752e-06	NaN
4.034e-06	NaN
4.2406e-06	NaN
4.4805e-06	NaN
4.7391e-06	NaN
5.0015e-06	NaN
5.2528e-06	NaN
5.4782e-06	NaN
5.663e-06	NaN
5.7924e-06	NaN
5.8584e-06	NaN
5.8682e-06	NaN
5.8307e-06	NaN
5.755e-06	NaN
5.65e-06	NaN
5.5247e-06	NaN
5.3882e-06	NaN
5.2495e-06	NaN
5.1142e-06	NaN
4.98e-06	NaN
4.8433e-06	NaN
4.7004e-06	NaN
4.5478e-06	NaN
4.3818e-06	NaN
4.1987e-06	NaN
3.995e-06	NaN
3.7697e-06	NaN
3.5296e-06	NaN
3.2829e-06	NaN
3.0378e-06	NaN
2.8027e-06	NaN
2.5858e-06	NaN
2.3954e-06	NaN
2.2396e-06	NaN
2.1236e-06	NaN
2.0414e-06	NaN
1.9847e-06	NaN
1.9451e-06	NaN
1.9143e-06	NaN
1.884e-06	NaN
1.8457e-06	NaN
1.7912e-06	NaN
1.7138e-06	NaN
1.6146e-06	NaN
1.496e-06	NaN
1.3609e-06	NaN
1.212e-06	NaN
1.0519e-06	NaN
8.8339e-07	NaN
7.0919e-07	NaN
5.336e-07	NaN
3.6867e-07	NaN
2.2883e-07	NaN
1.2846e-07	NaN
8.198e-08	NaN
1.0379e-07	NaN
2.0829e-07	NaN
4.099e-07	NaN
7.1896e-07	NaN
1.1227e-06	NaN
1.6e-06	NaN
2.1299e-06	NaN
2.6914e-06	NaN
3.2634e-06	NaN
3.8249e-06	NaN
4.3549e-06	NaN
4.834e-06	NaN
5.2544e-06	NaN
5.6129e-06	NaN
5.9066e-06	NaN
6.1323e-06	NaN
6.287e-06	NaN
6.3676e-06	NaN
6.3711e-06	NaN
6.2955e-06	NaN
6.1488e-06	NaN
5.9436e-06	NaN
5.6925e-06	NaN
5.4082e-06	NaN
5.1034e-06	NaN
4.7907e-06	NaN
4.4828e-06	NaN
4.1913e-06	NaN
3.9185e-06	NaN
3.6613e-06	NaN
3.4165e-06	NaN
3.181e-06	NaN
2.9515e-06	NaN
2.725e-06	NaN
2.4983e-06	NaN
2.2686e-06	NaN
2.0377e-06	NaN
1.8105e-06	NaN
1.5918e-06	NaN
1.3867e-06	NaN
1.2e-06	NaN
1.0365e-06	NaN
9.0127e-07	NaN
7.9875e-07	NaN
7.2836e-07	NaN
6.8555e-07	NaN
6.6568e-07	NaN
6.6413e-07	NaN
6.7626e-07	NaN
6.9744e-07	NaN
7.2302e-07	NaN
7.485e-07	NaN
7.7133e-07	NaN
7.9074e-07	NaN
8.0599e-07	NaN
8.1637e-07	NaN
8.2114e-07	NaN
8.1959e-07	NaN
8.1098e-07	NaN
7.9466e-07	NaN
7.7128e-07	NaN
7.4291e-07	NaN
7.1163e-07	NaN
6.7954e-07	NaN
6.4874e-07	NaN
6.2133e-07	NaN
5.9942e-07	NaN
5.8503e-07	NaN
5.7836e-07	NaN
5.7744e-07	NaN
5.8018e-07	NaN
5.845e-07	NaN
5.883e-07	NaN
5.8949e-07	NaN
5.86e-07	NaN
5.7575e-07	NaN
5.5817e-07	NaN
5.3462e-07	NaN
5.0661e-07	NaN
4.7566e-07	NaN
4.4329e-07	NaN
4.11e-07	NaN
3.8031e-07	NaN
3.5272e-07	NaN
3.2898e-07	NaN
3.0862e-07	NaN
2.911e-07	NaN
2.7587e-07	NaN
2.6236e-07	NaN
2.5004e-07	NaN
2.3834e-07	NaN
2.2672e-07	NaN
2.1513e-07	NaN
2.0443e-07	NaN
1.9557e-07	NaN
1.895e-07	NaN
1.8719e-07	NaN
1.8958e-07	NaN
1.9762e-07	NaN
2.1228e-07	NaN
2.3375e-07	NaN
2.6073e-07	NaN
2.9168e-07	NaN
3.2507e-07	NaN
3.594e-07	NaN
3.9314e-07	NaN
4.2476e-07	NaN
4.5275e-07	NaN
4.7589e-07	NaN
4.9376e-07	NaN
5.0605e-07	NaN
5.1243e-07	NaN
5.1261e-07	NaN
5.0625e-07	NaN
4.9305e-07	NaN
4.727e-07	NaN
4.4525e-07	NaN
4.1183e-07	NaN
3.7374e-07	NaN
3.323e-07	NaN
2.8883e-07	NaN
2.4462e-07	NaN
2.0101e-07	NaN
1.5929e-07	NaN
1.2078e-07	NaN
8.6804e-08	NaN
5.8661e-08	NaN
3.7667e-08	NaN
2.5136e-08	NaN
2.238e-08	NaN
3.0712e-08	NaN
5.1443e-08	NaN
5.5039e-08	NaN
