1.4402e-07	NaN
1.2419e-07	NaN
1.0752e-07	NaN
9.3793e-08	NaN
8.2759e-08	NaN
7.4184e-08	NaN
6.7832e-08	NaN
6.3467e-08	NaN
6.0852e-08	NaN
5.975e-08	NaN
5.9925e-08	NaN
6.1139e-08	NaN
6.3144e-08	NaN
6.5613e-08	NaN
6.8191e-08	NaN
7.0527e-08	NaN
7.2267e-08	NaN
7.3058e-08	NaN
7.2547e-08	NaN
7.0381e-08	NaN
6.6295e-08	NaN
6.0609e-08	NaN
5.3883e-08	NaN
4.6674e-08	NaN
3.9542e-08	NaN
3.3045e-08	NaN
2.7743e-08	NaN
2.4195e-08	NaN
2.2881e-08	NaN
2.3672e-08	NaN
2.6147e-08	NaN
2.9884e-08	NaN
3.446e-08	NaN
3.9454e-08	NaN
4.4443e-08	NaN
4.9005e-08	NaN
5.2738e-08	NaN
5.543e-08	NaN
5.6977e-08	NaN
5.7274e-08	NaN
5.6217e-08	NaN
5.3701e-08	NaN
4.9622e-08	NaN
4.3875e-08	NaN
3.6419e-08	NaN
2.7932e-08	NaN
1.9553e-08	NaN
1.243e-08	NaN
7.71e-09	NaN
6.5397e-09	NaN
1.0066e-08	NaN
1.9437e-08	NaN
3.5796e-08	NaN
6.0239e-08	NaN
9.383e-08	NaN
1.3763e-07	NaN
1.927e-07	NaN
2.601e-07	NaN
3.409e-07	NaN
4.3615e-07	NaN
5.4685e-07	NaN
6.7261e-07	NaN
8.1194e-07	NaN
9.6326e-07	NaN
1.125e-06	NaN
1.2956e-06	NaN
1.4736e-06	NaN
1.6573e-06	NaN
1.8452e-06	NaN
2.0357e-06	NaN
2.2271e-06	NaN
2.4177e-06	NaN
2.6059e-06	NaN
2.7899e-06	NaN
2.9682e-06	NaN
3.1389e-06	NaN
3.3006e-06	NaN
3.453e-06	NaN
3.598e-06	NaN
3.7373e-06	NaN
3.8727e-06	NaN
4.0061e-06	NaN
4.1391e-06	NaN
4.2737e-06	NaN
4.4115e-06	NaN
4.554e-06	NaN
4.7022e-06	NaN
4.8567e-06	NaN
5.0185e-06	NaN
5.1884e-06	NaN
5.3673e-06	NaN
5.5559e-06	NaN
5.7553e-06	NaN
5.9697e-06	NaN
6.2083e-06	NaN
6.4809e-06	NaN
6.7972e-06	NaN
7.1671e-06	NaN
7.6001e-06	NaN
8.1062e-06	NaN
8.6949e-06	NaN
9.369e-06	NaN
1.0119e-05	NaN
1.0935e-05	NaN
1.1806e-05	NaN
1.2722e-05	NaN
1.3671e-05	NaN
1.4644e-05	NaN
1.563e-05	NaN
1.6621e-05	NaN
1.7612e-05	NaN
1.86e-05	NaN
1.9583e-05	NaN
2.0557e-05	NaN
2.1519e-05	NaN
2.2465e-05	NaN
2.3393e-05	NaN
2.4306e-05	NaN
2.5226e-05	NaN
2.6178e-05	NaN
2.7186e-05	NaN
2.8274e-05	NaN
2.9467e-05	NaN
3.079e-05	NaN
3.2266e-05	NaN
3.3914e-05	NaN
3.5737e-05	NaN
3.7732e-05	NaN
3.99e-05	NaN
4.2239e-05	NaN
4.4748e-05	NaN
4.7426e-05	NaN
5.0273e-05	NaN
5.3268e-05	NaN
5.6326e-05	NaN
5.9351e-05	NaN
6.2243e-05	NaN
6.4905e-05	NaN
6.7241e-05	NaN
6.9151e-05	NaN
7.0539e-05	NaN
7.1331e-05	NaN
7.1549e-05	NaN
7.1241e-05	NaN
7.0453e-05	NaN
6.9231e-05	NaN
6.7621e-05	NaN
6.567e-05	NaN
6.3423e-05	NaN
6.0959e-05	NaN
5.8495e-05	NaN
5.6289e-05	NaN
5.46e-05	NaN
5.3687e-05	NaN
5.3808e-05	NaN
5.5223e-05	NaN
5.8188e-05	NaN
6.2916e-05	NaN
6.9351e-05	NaN
7.7352e-05	NaN
8.6774e-05	NaN
9.7476e-05	NaN
0.00010931	NaN
0.00012214	NaN
0.00013582	NaN
0.00015019	NaN
0.00016493	NaN
0.00017969	NaN
0.00019411	NaN
0.00020783	NaN
0.00022047	NaN
0.00023169	NaN
0.00024112	NaN
0.00024843	NaN
0.0002536	NaN
0.00025673	NaN
0.00025793	NaN
0.0002573	NaN
0.00025494	NaN
0.00025097	NaN
0.00024548	NaN
0.0002386	NaN
0.0002305	NaN
0.00022143	NaN
0.00021162	NaN
0.00020129	NaN
0.00019068	NaN
0.00018002	NaN
0.00016955	NaN
0.0001595	NaN
0.00015028	NaN
0.00014239	NaN
0.00013634	NaN
0.00013262	NaN
0.00013174	NaN
0.00013421	NaN
0.00014052	NaN
0.00015114	NaN
0.00016622	NaN
0.00018562	NaN
0.00020919	NaN
0.00023682	NaN
0.00026836	NaN
0.00030368	NaN
0.00034264	NaN
0.00038512	NaN
0.00043108	NaN
0.00048057	NaN
0.00053366	NaN
0.00059038	NaN
0.0006508	NaN
0.00071496	NaN
0.00078293	NaN
0.00085475	NaN
0.00093042	NaN
0.0010099	NaN
0.0010931	NaN
0.0011801	NaN
0.0012707	NaN
0.0013649	NaN
0.0014626	NaN
0.0015639	NaN
0.0016682	NaN
0.0017744	NaN
0.0018815	NaN
0.0019886	NaN
0.0020944	NaN
0.0021981	NaN
0.0022986	NaN
0.0023948	NaN
0.0024861	NaN
0.0025726	NaN
0.0026541	NaN
0.0027307	NaN
0.0028023	NaN
0.0028689	NaN
0.0029306	NaN
0.0029873	NaN
0.0030394	NaN
0.0030876	NaN
0.0031328	NaN
0.0031758	NaN
0.0032176	NaN
0.0032589	NaN
0.0033007	NaN
0.0033437	NaN
0.0033886	NaN
0.0034353	NaN
0.003484	NaN
0.0035346	NaN
0.0035873	NaN
0.0036419	NaN
0.0036985	NaN
0.0037572	NaN
0.0038179	NaN
0.0038803	NaN
0.0039441	NaN
0.0040091	NaN
0.0040749	NaN
0.0041413	NaN
0.004208	NaN
0.0042748	NaN
0.0043413	NaN
0.0044079	NaN
0.0044748	NaN
0.004542	NaN
0.0046099	NaN
0.0046786	NaN
0.0047484	NaN
0.0048194	NaN
0.0048917	NaN
0.0049648	NaN
0.0050382	NaN
0.0051112	NaN
0.0051834	NaN
0.0052542	NaN
0.005323	NaN
0.0053894	NaN
0.0054526	NaN
0.0055119	NaN
0.0055667	NaN
0.0056161	NaN
0.0056593	NaN
0.0056957	NaN
0.0057244	NaN
0.0057446	NaN
0.0057558	NaN
0.005758	NaN
0.0057515	NaN
0.0057363	NaN
0.0057128	NaN
0.0056811	NaN
0.0056414	NaN
0.0055939	NaN
0.005539	NaN
0.0054776	NaN
0.0054108	NaN
0.0053397	NaN
0.0052654	NaN
0.0051891	NaN
0.0051118	NaN
0.0050347	NaN
0.0049588	NaN
0.0048847	NaN
0.0048126	NaN
0.004743	NaN
0.0046762	NaN
0.0046127	NaN
0.0045527	NaN
0.0044966	NaN
0.0044449	NaN
0.0043977	NaN
0.0043552	NaN
0.0043177	NaN
0.0042852	NaN
0.004258	NaN
0.0042364	NaN
0.0042204	NaN
0.0042103	NaN
0.0042062	NaN
0.0042084	NaN
0.0042171	NaN
0.0042323	NaN
0.0042544	NaN
0.0042835	NaN
0.0043198	NaN
0.0043634	NaN
0.0044139	NaN
0.0044707	NaN
0.0045331	NaN
0.0046004	NaN
0.004672	NaN
0.0047472	NaN
0.0048253	NaN
0.0049057	NaN
0.0049875	NaN
0.00507	NaN
0.0051522	NaN
0.0052332	NaN
0.0053122	NaN
0.0053884	NaN
0.0054608	NaN
0.0055286	NaN
0.0055915	NaN
0.0056493	NaN
0.0057019	NaN
0.0057492	NaN
0.0057912	NaN
0.0058278	NaN
0.0058588	NaN
0.0058843	NaN
0.0059044	NaN
0.0059202	NaN
0.0059322	NaN
0.0059412	NaN
0.005948	NaN
0.0059534	NaN
0.005958	NaN
0.0059627	NaN
0.0059679	NaN
0.005974	NaN
0.0059813	NaN
0.0059899	NaN
0.0060002	NaN
0.0060125	NaN
0.0060271	NaN
0.0060442	NaN
0.0060634	NaN
0.0060837	NaN
0.0061037	NaN
0.0061224	NaN
0.0061387	NaN
0.0061513	NaN
0.006159	NaN
0.0061609	NaN
0.006156	NaN
0.0061445	NaN
0.0061263	NaN
0.0061013	NaN
0.0060695	NaN
0.006031	NaN
0.0059856	NaN
0.0059334	NaN
0.005875	NaN
0.0058118	NaN
0.0057455	NaN
0.0056775	NaN
0.0056096	NaN
0.0055432	NaN
0.0054799	NaN
0.0054214	NaN
0.005368	NaN
0.0053188	NaN
0.0052723	NaN
0.0052273	NaN
0.0051824	NaN
0.0051364	NaN
0.0050878	NaN
0.0050355	NaN
0.0049784	NaN
0.0049158	NaN
0.0048473	NaN
0.0047723	NaN
0.0046904	NaN
0.0046011	NaN
0.0045037	NaN
0.0043979	NaN
0.0042839	NaN
0.0041639	NaN
0.0040403	NaN
0.0039156	NaN
0.0037921	NaN
0.0036724	NaN
0.0035587	NaN
0.0034537	NaN
0.0033588	NaN
0.0032736	NaN
0.0031972	NaN
0.0031289	NaN
0.0030677	NaN
0.0030128	NaN
0.0029633	NaN
0.0029185	NaN
0.0028779	NaN
0.0028429	NaN
0.0028153	NaN
0.0027965	NaN
0.0027884	NaN
0.0027925	NaN
0.0028105	NaN
0.0028441	NaN
0.0028956	NaN
0.0029697	NaN
0.0030716	NaN
0.0032068	NaN
0.0033804	NaN
0.0035976	NaN
0.0038639	NaN
0.0041845	NaN
0.0045653	NaN
0.0050154	NaN
0.0055447	NaN
0.0061632	NaN
0.0068808	NaN
0.0077074	NaN
0.0086529	NaN
0.0097273	NaN
0.010943	NaN
0.012323	NaN
0.013896	NaN
0.01569	NaN
0.017731	NaN
0.020049	NaN
0.02267	NaN
0.025623	NaN
0.028938	NaN
0.032669	NaN
0.036877	NaN
0.041623	NaN
0.046968	NaN
0.052973	NaN
0.0597	NaN
0.06721	NaN
0.075557	NaN
0.084753	NaN
0.094788	NaN
0.10565	-0.62149
0.11734	-0.61988
0.12984	-0.61687
0.14315	-0.61252
0.15724	-0.60688
0.17213	-0.60001
0.18779	-0.59193
0.20425	-0.58267
0.22149	-0.57223
0.23953	-0.56063
0.25835	-0.54787
0.27797	-0.53398
0.29839	-0.51895
0.31961	-0.50282
0.34163	-0.48568
0.36449	-0.46769
0.38819	-0.44899
0.41276	-0.42973
0.43822	-0.41007
0.46457	-0.39016
0.49185	-0.37014
0.52005	-0.35016
0.54903	-0.33029
0.57851	-0.31055
0.60825	-0.29096
0.63797	-0.27154
0.66741	-0.2523
0.69631	-0.23327
0.7244	-0.21446
0.75142	-0.1959
0.77727	-0.17762
0.8019	-0.1597
0.82533	-0.1422
0.84753	-0.1252
0.86849	-0.10875
0.88819	-0.092923
0.90664	-0.077793
0.9238	-0.063427
0.9396	-0.049974
0.95389	-0.037654
0.96654	-0.026689
0.9774	-0.017304
0.98631	-0.0097194
0.99315	-0.0041596
0.99776	-0.00084709
1	0
0.99979	-0.0017145
0.99712	-0.0059554
0.99197	-0.012681
0.98434	-0.02185
0.9742	-0.033421
0.96156	-0.047352
0.9464	-0.063601
0.92871	-0.082127
0.90863	-0.10286
0.88646	-0.12568
0.86252	-0.1505
0.83714	-0.17719
0.81063	-0.20565
0.78331	-0.23576
0.7555	-0.26742
0.72752	-0.30052
0.69958	-0.33493
0.67174	-0.37049
0.64404	-0.40705
0.61654	-0.44444
0.58929	-0.48252
0.56232	-0.52112
0.5357	-0.56009
0.50947	-0.59928
0.48365	-0.63883
0.45825	-0.6794
0.43326	-0.7217
0.40868	-0.76644
0.38451	-0.81432
0.36074	-0.86605
0.33737	-0.92233
0.31439	-0.98386
0.29184	-1.0505
0.26982	-1.1206
0.24844	-1.1921
0.22782	-1.2632
0.20805	-1.3319
0.18927	-1.3965
0.17157	-1.4548
0.15506	-1.5051
0.13984	-1.5483
0.12592	-1.5921
0.11331	-1.6449
0.10204	-1.7151
0.092105	NaN
0.083532	NaN
0.07633	NaN
0.070515	NaN
0.06605	NaN
0.062779	NaN
0.06052	NaN
0.059095	NaN
0.058325	NaN
0.05803	NaN
0.058031	NaN
0.058148	NaN
0.05824	NaN
0.058281	NaN
0.058267	NaN
0.058195	NaN
0.058062	NaN
0.057864	NaN
0.057597	NaN
0.057259	NaN
0.056848	NaN
0.056375	NaN
0.055854	NaN
0.055296	NaN
0.054715	NaN
0.054124	NaN
0.053536	NaN
0.052963	NaN
0.052412	NaN
0.051863	NaN
0.051287	NaN
0.050656	NaN
0.049942	NaN
0.049117	NaN
0.048153	NaN
0.047022	NaN
0.045702	NaN
0.044208	NaN
0.042564	NaN
0.040795	NaN
0.038925	NaN
0.03698	NaN
0.034984	NaN
0.032962	NaN
0.030937	NaN
0.028927	NaN
0.026945	NaN
0.025006	NaN
0.023124	NaN
0.021314	NaN
0.019589	NaN
0.017964	NaN
0.016451	NaN
0.015055	NaN
0.013772	NaN
0.012601	NaN
0.01154	NaN
0.010589	NaN
0.0097447	NaN
0.009006	NaN
0.0083708	NaN
0.0078334	NaN
0.0073861	NaN
0.0070213	NaN
0.0067316	NaN
0.0065093	NaN
0.0063467	NaN
0.0062364	NaN
0.0061707	NaN
0.0061422	NaN
0.0061435	NaN
0.0061673	NaN
0.0062062	NaN
0.0062528	NaN
0.0062997	NaN
0.0063397	NaN
0.0063656	NaN
0.0063739	NaN
0.0063635	NaN
0.0063334	NaN
0.0062826	NaN
0.0062099	NaN
0.0061145	NaN
0.0059952	NaN
0.0058512	NaN
0.0056838	NaN
0.005496	NaN
0.0052911	NaN
0.0050721	NaN
0.0048421	NaN
0.0046044	NaN
0.0043619	NaN
0.0041179	NaN
0.0038749	NaN
0.003635	NaN
0.0034001	NaN
0.0031722	NaN
0.0029536	NaN
0.0027461	NaN
0.0025518	NaN
0.0023726	NaN
0.0022091	NaN
0.00206	NaN
0.0019241	NaN
0.0018001	NaN
0.0016868	NaN
0.001583	NaN
0.0014873	NaN
0.0013985	NaN
0.0013158	NaN
0.0012387	NaN
0.0011667	NaN
0.0010994	NaN
0.0010364	NaN
0.00097724	NaN
0.00092144	NaN
0.00086859	NaN
0.00081833	NaN
0.00077038	NaN
0.0007245	NaN
0.00068043	NaN
0.00063791	NaN
0.00059669	NaN
0.00055652	NaN
0.00051713	NaN
0.00047839	NaN
0.00044033	NaN
0.00040303	NaN
0.00036654	NaN
0.00033092	NaN
0.00029623	NaN
0.00026252	NaN
0.00022987	NaN
0.00019844	NaN
0.00016856	NaN
0.0001406	NaN
0.00011495	NaN
9.1958e-05	NaN
7.2002e-05	NaN
5.5448e-05	NaN
4.2664e-05	NaN
3.3807e-05	NaN
2.8567e-05	NaN
2.6572e-05	NaN
2.7451e-05	NaN
3.0834e-05	NaN
3.6347e-05	NaN
4.3621e-05	NaN
5.2283e-05	NaN
6.1973e-05	NaN
7.236e-05	NaN
8.3115e-05	NaN
9.3911e-05	NaN
0.00010442	NaN
0.00011432	NaN
0.00012327	NaN
0.00013096	NaN
0.00013713	NaN
0.0001418	NaN
0.00014501	NaN
0.00014683	NaN
0.0001473	NaN
0.00014648	NaN
0.00014443	NaN
0.0001412	NaN
0.00013686	NaN
0.00013153	NaN
0.00012535	NaN
0.00011845	NaN
0.00011098	NaN
0.00010306	NaN
9.4836e-05	NaN
8.644e-05	NaN
7.8004e-05	NaN
6.9636e-05	NaN
6.1439e-05	NaN
5.3514e-05	NaN
4.5963e-05	NaN
3.889e-05	NaN
3.2395e-05	NaN
2.6582e-05	NaN
2.1531e-05	NaN
1.721e-05	NaN
1.3555e-05	NaN
1.0501e-05	NaN
7.9822e-06	NaN
5.9344e-06	NaN
4.2924e-06	NaN
2.9913e-06	NaN
1.9703e-06	NaN
1.1925e-06	NaN
6.3017e-07	NaN
2.5517e-07	NaN
3.9588e-08	NaN
4.4542e-08	NaN
2.5181e-08	NaN
6.9708e-08	NaN
2.1462e-07	NaN
4.0115e-07	NaN
6.2815e-07	NaN
8.9452e-07	NaN
1.1991e-06	NaN
1.5409e-06	NaN
1.9187e-06	NaN
2.3313e-06	NaN
2.7764e-06	NaN
3.2398e-06	NaN
3.7015e-06	NaN
4.1417e-06	NaN
4.5405e-06	NaN
4.8778e-06	NaN
5.1339e-06	NaN
5.2887e-06	NaN
5.3242e-06	NaN
5.2417e-06	NaN
5.0537e-06	NaN
4.7725e-06	NaN
4.4107e-06	NaN
3.9808e-06	NaN
3.4954e-06	NaN
2.9668e-06	NaN
2.4087e-06	NaN
1.8473e-06	NaN
1.3174e-06	NaN
8.5402e-07	NaN
4.9207e-07	NaN
2.665e-07	NaN
2.1227e-07	NaN
3.6432e-07	NaN
7.5516e-07	NaN
1.3805e-06	NaN
2.2077e-06	NaN
3.2034e-06	NaN
4.334e-06	NaN
5.5663e-06	NaN
6.8667e-06	NaN
8.2018e-06	NaN
9.5389e-06	NaN
1.0855e-05	NaN
1.2138e-05	NaN
1.3374e-05	NaN
1.4551e-05	NaN
1.5656e-05	NaN
1.6676e-05	NaN
1.7599e-05	NaN
1.8411e-05	NaN
1.9119e-05	NaN
1.9744e-05	NaN
2.0311e-05	NaN
2.0842e-05	NaN
2.1361e-05	NaN
2.1891e-05	NaN
2.2456e-05	NaN
2.3079e-05	NaN
2.3784e-05	NaN
2.4595e-05	NaN
2.5539e-05	NaN
2.6638e-05	NaN
2.7919e-05	NaN
2.9405e-05	NaN
3.1122e-05	NaN
3.3094e-05	NaN
3.5331e-05	NaN
3.7823e-05	NaN
4.0559e-05	NaN
4.3529e-05	NaN
4.672e-05	NaN
5.0122e-05	NaN
5.3724e-05	NaN
5.7513e-05	NaN
6.1464e-05	NaN
6.5528e-05	NaN
6.9651e-05	NaN
7.3782e-05	NaN
7.7869e-05	NaN
8.1859e-05	NaN
8.5702e-05	NaN
8.9344e-05	NaN
9.2748e-05	NaN
9.5904e-05	NaN
9.8803e-05	NaN
0.00010144	NaN
0.0001038	NaN
0.00010587	NaN
0.00010766	NaN
0.00010915	NaN
0.00011033	NaN
0.00011119	NaN
0.00011171	NaN
0.00011187	NaN
0.00011167	NaN
0.00011108	NaN
0.00011008	NaN
0.00010867	NaN
0.00010684	NaN
0.00010463	NaN
0.00010205	NaN
9.9152e-05	NaN
9.5966e-05	NaN
9.2527e-05	NaN
8.8869e-05	NaN
8.5025e-05	NaN
8.1039e-05	NaN
7.698e-05	NaN
7.2921e-05	NaN
6.8936e-05	NaN
6.51e-05	NaN
6.1485e-05	NaN
5.8165e-05	NaN
5.5215e-05	NaN
5.2681e-05	NaN
5.0519e-05	NaN
4.8665e-05	NaN
4.7055e-05	NaN
4.5624e-05	NaN
4.4308e-05	NaN
4.3043e-05	NaN
4.1765e-05	NaN
4.0419e-05	NaN
3.8993e-05	NaN
3.7486e-05	NaN
3.5894e-05	NaN
3.4218e-05	NaN
3.2454e-05	NaN
3.0601e-05	NaN
2.8657e-05	NaN
2.6624e-05	NaN
2.4523e-05	NaN
2.238e-05	NaN
2.0221e-05	NaN
1.8073e-05	NaN
1.5961e-05	NaN
1.3912e-05	NaN
1.1953e-05	NaN
1.0107e-05	NaN
8.3912e-06	NaN
6.8171e-06	NaN
5.3972e-06	NaN
4.144e-06	NaN
3.0699e-06	NaN
2.1873e-06	NaN
1.5085e-06	NaN
1.042e-06	NaN
7.6914e-07	NaN
6.5997e-07	NaN
6.846e-07	NaN
8.1308e-07	NaN
1.0155e-06	NaN
1.2619e-06	NaN
1.5224e-06	NaN
1.7691e-06	NaN
1.9911e-06	NaN
2.1858e-06	NaN
2.3505e-06	NaN
2.4825e-06	NaN
2.5793e-06	NaN
2.6383e-06	NaN
2.6567e-06	NaN
2.6324e-06	NaN
2.5686e-06	NaN
2.4712e-06	NaN
2.346e-06	NaN
2.1991e-06	NaN
2.0364e-06	NaN
1.8639e-06	NaN
1.6875e-06	NaN
1.513e-06	NaN
1.3435e-06	NaN
1.18e-06	NaN
1.0238e-06	NaN
8.7617e-07	NaN
7.3824e-07	NaN
6.1121e-07	NaN
4.9629e-07	NaN
3.946e-07	NaN
3.0627e-07	NaN
2.3067e-07	NaN
1.6713e-07	NaN
1.1501e-07	NaN
7.3638e-08	NaN
4.2372e-08	NaN
2.0553e-08	NaN
7.4989e-09	NaN
2.0298e-09	NaN
2.5331e-09	NaN
7.3811e-09	NaN
1.4946e-08	NaN
2.36e-08	NaN
3.1715e-08	NaN
3.7664e-08	NaN
3.9875e-08	NaN
3.8078e-08	NaN
3.3323e-08	NaN
2.6716e-08	NaN
1.9363e-08	NaN
1.2371e-08	NaN
6.8474e-09	NaN
3.8982e-09	NaN
4.6064e-09	NaN
9.3211e-09	NaN
1.7535e-08	NaN
2.8693e-08	NaN
4.224e-08	NaN
5.762e-08	NaN
7.4277e-08	NaN
9.1656e-08	NaN
1.092e-07	NaN
1.2642e-07	NaN
1.4288e-07	NaN
1.5818e-07	NaN
1.7188e-07	NaN
1.8358e-07	NaN
1.9285e-07	NaN
1.9929e-07	NaN
2.0247e-07	NaN
2.0228e-07	NaN
1.9909e-07	NaN
1.9328e-07	NaN
1.8525e-07	NaN
1.754e-07	NaN
1.6413e-07	NaN
1.5183e-07	NaN
1.3889e-07	NaN
1.2573e-07	NaN
1.1274e-07	NaN
1.0034e-07	NaN
8.8925e-08	NaN
7.8913e-08	NaN
7.0709e-08	NaN
6.4721e-08	NaN
6.1356e-08	NaN
6.0716e-08	NaN
6.2268e-08	NaN
6.5396e-08	NaN
6.9484e-08	NaN
7.3916e-08	NaN
7.8078e-08	NaN
8.1353e-08	NaN
8.3127e-08	NaN
8.3085e-08	NaN
8.165e-08	NaN
7.9358e-08	NaN
7.6742e-08	NaN
7.4338e-08	NaN
7.2679e-08	NaN
7.2302e-08	NaN
7.3739e-08	NaN
7.738e-08	NaN
8.3191e-08	NaN
9.1061e-08	NaN
1.0088e-07	NaN
1.1255e-07	NaN
1.2594e-07	NaN
1.4096e-07	NaN
1.5749e-07	NaN
1.7542e-07	NaN
1.9465e-07	NaN
2.1506e-07	NaN
2.3655e-07	NaN
2.59e-07	NaN
2.8231e-07	NaN
3.0637e-07	NaN
3.3107e-07	NaN
2.99e-07	NaN
2.5977e-07	NaN
2.2489e-07	NaN
1.9414e-07	NaN
1.6726e-07	NaN
