5.0635e-07	NaN
4.5896e-07	NaN
4.5929e-07	NaN
4.567e-07	NaN
4.5155e-07	NaN
4.442e-07	NaN
4.3499e-07	NaN
4.2428e-07	NaN
4.1243e-07	NaN
3.998e-07	NaN
3.8672e-07	NaN
3.7357e-07	NaN
3.607e-07	NaN
3.4845e-07	NaN
3.3719e-07	NaN
3.2727e-07	NaN
3.1904e-07	NaN
3.1286e-07	NaN
3.0901e-07	NaN
3.0733e-07	NaN
3.0753e-07	NaN
3.093e-07	NaN
3.1234e-07	NaN
3.1635e-07	NaN
3.2104e-07	NaN
3.261e-07	NaN
3.312e-07	NaN
3.3588e-07	NaN
3.396e-07	NaN
3.4181e-07	NaN
3.4199e-07	NaN
3.3959e-07	NaN
3.3408e-07	NaN
3.2493e-07	NaN
3.117e-07	NaN
2.9482e-07	NaN
2.7509e-07	NaN
2.5336e-07	NaN
2.3044e-07	NaN
2.0715e-07	NaN
1.8432e-07	NaN
1.6278e-07	NaN
1.4328e-07	NaN
1.2598e-07	NaN
1.1071e-07	NaN
9.73e-08	NaN
8.5566e-08	NaN
7.5334e-08	NaN
6.6428e-08	NaN
5.8673e-08	NaN
5.1897e-08	NaN
4.5986e-08	NaN
4.0858e-08	NaN
3.6435e-08	NaN
3.2637e-08	NaN
2.9385e-08	NaN
2.66e-08	NaN
2.4201e-08	NaN
2.2117e-08	NaN
2.0364e-08	NaN
1.9025e-08	NaN
1.8186e-08	NaN
1.7932e-08	NaN
1.8347e-08	NaN
1.9517e-08	NaN
2.1526e-08	NaN
2.4461e-08	NaN
2.8413e-08	NaN
3.3479e-08	NaN
3.9755e-08	NaN
4.7339e-08	NaN
5.6329e-08	NaN
6.682e-08	NaN
7.8911e-08	NaN
9.2696e-08	NaN
1.0821e-07	NaN
1.2545e-07	NaN
1.4439e-07	NaN
1.6501e-07	NaN
1.8729e-07	NaN
2.1123e-07	NaN
2.3679e-07	NaN
2.6398e-07	NaN
2.9321e-07	NaN
3.2532e-07	NaN
3.6123e-07	NaN
4.0182e-07	NaN
4.4798e-07	NaN
5.0062e-07	NaN
5.6061e-07	NaN
6.2885e-07	NaN
7.0621e-07	NaN
7.9348e-07	NaN
8.9149e-07	NaN
1.001e-06	NaN
1.1229e-06	NaN
1.258e-06	NaN
1.407e-06	NaN
1.5708e-06	NaN
1.7519e-06	NaN
1.9551e-06	NaN
2.1856e-06	NaN
2.4485e-06	NaN
2.7489e-06	NaN
3.0919e-06	NaN
3.4826e-06	NaN
3.9263e-06	NaN
4.4346e-06	NaN
5.0311e-06	NaN
5.7404e-06	NaN
6.5871e-06	NaN
7.5959e-06	NaN
8.7915e-06	NaN
1.0198e-05	NaN
1.1841e-05	NaN
1.3729e-05	NaN
1.5839e-05	NaN
1.8143e-05	NaN
2.0616e-05	NaN
2.3229e-05	NaN
2.5956e-05	NaN
2.8769e-05	NaN
3.1642e-05	NaN
3.4544e-05	NaN
3.7431e-05	NaN
4.0261e-05	NaN
4.299e-05	NaN
4.5574e-05	NaN
4.797e-05	NaN
5.0133e-05	NaN
5.2021e-05	NaN
5.3609e-05	NaN
5.493e-05	NaN
5.6024e-05	NaN
5.6933e-05	NaN
5.7699e-05	NaN
5.8363e-05	NaN
5.8966e-05	NaN
5.9549e-05	NaN
6.0174e-05	NaN
6.096e-05	NaN
6.2042e-05	NaN
6.3553e-05	NaN
6.5628e-05	NaN
6.84e-05	NaN
7.2003e-05	NaN
7.657e-05	NaN
8.2246e-05	NaN
8.9206e-05	NaN
9.7639e-05	NaN
0.00010773	NaN
0.00011967	NaN
0.00013364	NaN
0.00014982	NaN
0.00016842	NaN
0.00018956	NaN
0.00021317	NaN
0.00023914	NaN
0.00026734	NaN
0.00029763	NaN
0.00032989	NaN
0.00036399	NaN
0.0003998	NaN
0.00043718	NaN
0.00047586	NaN
0.00051551	NaN
0.00055583	NaN
0.00059652	NaN
0.00063725	NaN
0.00067771	NaN
0.0007176	NaN
0.00075658	NaN
0.00079424	NaN
0.00083012	NaN
0.00086377	NaN
0.00089473	NaN
0.00092254	NaN
0.00094674	NaN
0.00096689	NaN
0.00098255	NaN
0.00099352	NaN
0.00099969	NaN
0.0010009	NaN
0.00099718	NaN
0.00098831	NaN
0.0009742	NaN
0.00095477	NaN
0.00092994	NaN
0.00090004	NaN
0.00086563	NaN
0.00082727	NaN
0.00078549	NaN
0.00074084	NaN
0.00069389	NaN
0.00064518	NaN
0.00059527	NaN
0.0005447	NaN
0.00049404	NaN
0.00044385	NaN
0.00039469	NaN
0.00034712	NaN
0.00030171	NaN
0.000259	NaN
0.00021956	NaN
0.00018382	NaN
0.00015215	NaN
0.00012491	NaN
0.00010244	NaN
8.5118e-05	NaN
7.3295e-05	NaN
6.733e-05	NaN
6.7593e-05	NaN
7.4628e-05	NaN
8.9131e-05	NaN
0.0001118	NaN
0.00014334	NaN
0.00018443	NaN
0.0002358	NaN
0.00029812	NaN
0.00037208	NaN
0.00045776	NaN
0.00055469	NaN
0.00066237	NaN
0.00078031	NaN
0.000908	NaN
0.0010449	NaN
0.0011906	NaN
0.0013446	NaN
0.0015057	NaN
0.0016723	NaN
0.0018428	NaN
0.0020153	NaN
0.0021883	NaN
0.0023599	NaN
0.0025286	NaN
0.0026926	NaN
0.0028508	NaN
0.0030031	NaN
0.0031493	NaN
0.0032893	NaN
0.0034228	NaN
0.0035498	NaN
0.0036701	NaN
0.0037835	NaN
0.0038904	NaN
0.0039922	NaN
0.0040901	NaN
0.0041857	NaN
0.0042801	NaN
0.0043749	NaN
0.0044712	NaN
0.0045706	NaN
0.0046735	NaN
0.0047791	NaN
0.0048867	NaN
0.0049952	NaN
0.0051038	NaN
0.0052116	NaN
0.0053176	NaN
0.005421	NaN
0.0055209	NaN
0.0056166	NaN
0.0057073	NaN
0.0057923	NaN
0.0058708	NaN
0.0059422	NaN
0.0060057	NaN
0.0060606	NaN
0.006106	NaN
0.0061409	NaN
0.0061642	NaN
0.006175	NaN
0.006172	NaN
0.0061542	NaN
0.0061205	NaN
0.00607	NaN
0.0060019	NaN
0.0059166	NaN
0.0058149	NaN
0.0056974	NaN
0.0055649	NaN
0.0054178	NaN
0.005257	NaN
0.0050831	NaN
0.0048969	NaN
0.0046997	NaN
0.004493	NaN
0.0042781	NaN
0.0040566	NaN
0.0038299	NaN
0.0035993	NaN
0.0033663	NaN
0.0031324	NaN
0.0028989	NaN
0.0026671	NaN
0.0024386	NaN
0.0022147	NaN
0.0019967	NaN
0.001786	NaN
0.0015841	NaN
0.0013922	NaN
0.0012111	NaN
0.0010413	NaN
0.00088349	NaN
0.0007383	NaN
0.00060633	NaN
0.0004882	NaN
0.00038451	NaN
0.0002957	NaN
0.00022122	NaN
0.0001602	NaN
0.00011175	NaN
7.5019e-05	NaN
4.9117e-05	NaN
3.3174e-05	NaN
2.6317e-05	NaN
2.7659e-05	NaN
3.6245e-05	NaN
5.1089e-05	NaN
7.1206e-05	NaN
9.5612e-05	NaN
0.00012332	NaN
0.00015335	NaN
0.00018471	NaN
0.00021649	NaN
0.00024826	NaN
0.00027983	NaN
0.000311	NaN
0.00034157	NaN
0.00037135	NaN
0.00040014	NaN
0.00042775	NaN
0.000454	NaN
0.00047889	NaN
0.00050253	NaN
0.00052501	NaN
0.00054643	NaN
0.00056689	NaN
0.00058649	NaN
0.00060533	NaN
0.0006235	NaN
0.00064089	NaN
0.00065729	NaN
0.0006725	NaN
0.0006863	NaN
0.00069849	NaN
0.00070885	NaN
0.00071717	NaN
0.00072326	NaN
0.00072708	NaN
0.00072871	NaN
0.00072825	NaN
0.00072579	NaN
0.0007214	NaN
0.00071519	NaN
0.00070723	NaN
0.00069762	NaN
0.0006865	NaN
0.00067402	NaN
0.00066036	NaN
0.00064569	NaN
0.00063018	NaN
0.000614	NaN
0.00059731	NaN
0.00058029	NaN
0.00056302	NaN
0.00054553	NaN
0.00052784	NaN
0.00050997	NaN
0.00049195	NaN
0.00047378	NaN
0.0004555	NaN
0.00043713	NaN
0.00041882	NaN
0.00040086	NaN
0.00038355	NaN
0.00036718	NaN
0.00035205	NaN
0.00033846	NaN
0.0003267	NaN
0.00031706	NaN
0.00030972	NaN
0.00030467	NaN
0.00030189	NaN
0.00030138	NaN
0.00030312	NaN
0.0003071	NaN
0.00031332	NaN
0.00032175	NaN
0.0003325	NaN
0.00034581	NaN
0.00036195	NaN
0.00038119	NaN
0.00040379	NaN
0.00043001	NaN
0.00046011	NaN
0.00049436	NaN
0.00053276	NaN
0.00057489	NaN
0.00062026	NaN
0.00066842	NaN
0.00071888	NaN
0.00077118	NaN
0.00082485	NaN
0.00087941	NaN
0.00093416	NaN
0.00098793	NaN
0.0010395	NaN
0.0010876	NaN
0.0011311	NaN
0.0011687	NaN
0.0011992	NaN
0.0012213	NaN
0.0012343	NaN
0.0012385	NaN
0.001234	NaN
0.0012213	NaN
0.0012008	NaN
0.0011727	NaN
0.0011375	NaN
0.0010954	NaN
0.0010469	NaN
0.00099305	NaN
0.00093466	NaN
0.00087272	NaN
0.00080819	NaN
0.00074201	NaN
0.00067513	NaN
0.00060852	NaN
0.00054321	NaN
0.00048046	NaN
0.0004216	NaN
0.00036797	NaN
0.00032088	NaN
0.00028166	NaN
0.00025163	NaN
0.00023213	NaN
0.00022552	NaN
0.00023805	NaN
0.00027687	NaN
0.00034915	NaN
0.00046205	NaN
0.00062271	NaN
0.00083831	NaN
0.001116	NaN
0.001466	NaN
0.0019121	NaN
0.0024819	NaN
0.0032027	NaN
0.0041023	NaN
0.005208	NaN
0.0065474	NaN
0.008148	NaN
0.010039	NaN
0.012261	NaN
0.014856	NaN
0.017868	NaN
0.021339	NaN
0.025314	NaN
0.029834	NaN
0.034942	NaN
0.040684	NaN
0.047109	NaN
0.05427	NaN
0.062219	NaN
0.071009	NaN
0.080693	NaN
0.091323	NaN
0.10295	-0.61759
0.11563	-0.61483
0.12936	-0.61071
0.14416	-0.6053
0.16002	-0.59868
0.17693	-0.59093
0.1949	-0.5821
0.21392	-0.57227
0.234	-0.56152
0.25513	-0.5499
0.27727	-0.53748
0.30037	-0.52426
0.32439	-0.51028
0.34927	-0.49557
0.37495	-0.48015
0.4014	-0.46406
0.42855	-0.44732
0.45635	-0.42996
0.4847	-0.41204
0.51345	-0.39362
0.54246	-0.37476
0.5716	-0.35554
0.60073	-0.33603
0.62971	-0.31629
0.6584	-0.29639
0.68667	-0.27639
0.71439	-0.25637
0.74146	-0.23639
0.7678	-0.21653
0.79329	-0.19685
0.81784	-0.17744
0.84135	-0.15835
0.86371	-0.13966
0.88484	-0.12144
0.9046	-0.10382
0.92286	-0.086966
0.93951	-0.071056
0.9544	-0.056259
0.96741	-0.042745
0.9784	-0.030686
0.98725	-0.020254
0.99382	-0.011616
0.99806	-0.0048602
1	0
0.99966	0.0029538
0.99705	0.0039903
0.99221	0.0030989
0.98516	0.00026874
0.97592	-0.004511
0.96451	-0.011251
0.95107	-0.019966
0.93585	-0.030672
0.91911	-0.043386
0.9011	-0.058127
0.88208	-0.074911
0.8623	-0.093755
0.84202	-0.11468
0.82149	-0.13769
0.80087	-0.16273
0.78016	-0.18961
0.75939	-0.21816
0.73857	-0.2482
0.71772	-0.27954
0.69683	-0.312
0.67593	-0.3454
0.65504	-0.37957
0.63411	-0.41465
0.61305	-0.45125
0.59177	-0.49001
0.57015	-0.53158
0.5481	-0.5766
0.52551	-0.62571
0.5023	-0.67957
0.47834	-0.73878
0.45366	-0.80293
0.42839	-0.86977
0.40273	-0.93693
0.37685	-1.002
0.35092	-1.0626
0.32512	-1.1164
0.29963	-1.1609
0.27462	-1.1939
0.25028	-1.2166
0.22677	-1.2377
0.20428	-1.2666
0.18297	-1.3127
0.16302	-1.3855
0.14461	-1.4944
0.12791	-1.6488
0.11309	-1.858
0.10025	-2.1191
0.089271	NaN
0.080002	NaN
0.072305	NaN
0.066037	NaN
0.061056	NaN
0.057218	NaN
0.054381	NaN
0.052414	NaN
0.051212	NaN
0.050679	NaN
0.050715	NaN
0.051222	NaN
0.052101	NaN
0.053254	NaN
0.054584	NaN
0.056005	NaN
0.057481	NaN
0.058983	NaN
0.060481	NaN
0.061948	NaN
0.063354	NaN
0.064671	NaN
0.065869	NaN
0.066922	NaN
0.067803	NaN
0.068489	NaN
0.068956	NaN
0.06918	NaN
0.069137	NaN
0.068802	NaN
0.068152	NaN
0.067171	NaN
0.065872	NaN
0.064281	NaN
0.062421	NaN
0.060318	NaN
0.057993	NaN
0.055473	NaN
0.05278	NaN
0.04994	NaN
0.046983	NaN
0.04394	NaN
0.040844	NaN
0.037726	NaN
0.034618	NaN
0.031551	NaN
0.028557	NaN
0.025667	NaN
0.022897	NaN
0.020262	NaN
0.017776	NaN
0.015452	NaN
0.013303	NaN
0.011345	NaN
0.00959	NaN
0.0080504	NaN
0.0067259	NaN
0.0056108	NaN
0.0046992	NaN
0.0039854	NaN
0.0034637	NaN
0.0031282	NaN
0.0029731	NaN
0.002992	NaN
0.0031717	NaN
0.0034956	NaN
0.003947	NaN
0.0045094	NaN
0.0051662	NaN
0.0059008	NaN
0.0066967	NaN
0.0075375	NaN
0.0084108	NaN
0.0093062	NaN
0.010213	NaN
0.011122	NaN
0.012022	NaN
0.012902	NaN
0.013753	NaN
0.014565	NaN
0.01533	NaN
0.016044	NaN
0.016702	NaN
0.017301	NaN
0.017835	NaN
0.018299	NaN
0.01869	NaN
0.019004	NaN
0.019239	NaN
0.0194	NaN
0.019489	NaN
0.019511	NaN
0.019469	NaN
0.019366	NaN
0.019207	NaN
0.018993	NaN
0.01873	NaN
0.018423	NaN
0.018077	NaN
0.017697	NaN
0.017288	NaN
0.016855	NaN
0.016404	NaN
0.015939	NaN
0.015464	NaN
0.01498	NaN
0.014489	NaN
0.013992	NaN
0.01349	NaN
0.012985	NaN
0.012478	NaN
0.011971	NaN
0.011466	NaN
0.010965	NaN
0.010471	NaN
0.009987	NaN
0.0095158	NaN
0.00906	NaN
0.0086226	NaN
0.0082062	NaN
0.0078124	NaN
0.0074414	NaN
0.0070931	NaN
0.0067674	NaN
0.0064643	NaN
0.0061837	NaN
0.0059256	NaN
0.0056899	NaN
0.0054758	NaN
0.005281	NaN
0.0051031	NaN
0.0049398	NaN
0.0047887	NaN
0.0046474	NaN
0.0045137	NaN
0.0043852	NaN
0.00426	NaN
0.0041377	NaN
0.0040177	NaN
0.0038995	NaN
0.0037828	NaN
0.003667	NaN
0.0035516	NaN
0.0034362	NaN
0.0033206	NaN
0.0032049	NaN
0.0030895	NaN
0.0029746	NaN
0.0028607	NaN
0.0027479	NaN
0.0026366	NaN
0.0025271	NaN
0.0024195	NaN
0.002314	NaN
0.0022105	NaN
0.002109	NaN
0.0020093	NaN
0.0019116	NaN
0.0018158	NaN
0.0017219	NaN
0.0016298	NaN
0.0015398	NaN
0.001452	NaN
0.0013667	NaN
0.001284	NaN
0.0012042	NaN
0.0011273	NaN
0.0010537	NaN
0.00098345	NaN
0.00091658	NaN
0.00085308	NaN
0.00079293	NaN
0.00073612	NaN
0.00068261	NaN
0.0006324	NaN
0.00058548	NaN
0.00054178	NaN
0.00050111	NaN
0.00046322	NaN
0.00042789	NaN
0.00039486	NaN
0.00036391	NaN
0.00033479	NaN
0.00030726	NaN
0.00028112	NaN
0.0002563	NaN
0.0002328	NaN
0.00021061	NaN
0.00018971	NaN
0.00017009	NaN
0.00015175	NaN
0.00013468	NaN
0.00011885	NaN
0.00010425	NaN
9.0863e-05	NaN
7.8655e-05	NaN
6.7607e-05	NaN
5.7695e-05	NaN
4.8895e-05	NaN
4.1183e-05	NaN
3.4529e-05	NaN
2.8856e-05	NaN
2.4065e-05	NaN
2.0059e-05	NaN
1.674e-05	NaN
1.401e-05	NaN
1.1772e-05	NaN
9.9261e-06	NaN
8.3812e-06	NaN
7.0869e-06	NaN
6.0144e-06	NaN
5.1352e-06	NaN
4.4207e-06	NaN
3.8421e-06	NaN
3.371e-06	NaN
2.9786e-06	NaN
2.639e-06	NaN
2.3525e-06	NaN
2.1344e-06	NaN
2.0002e-06	NaN
1.9656e-06	NaN
2.046e-06	NaN
2.2571e-06	NaN
2.6144e-06	NaN
3.131e-06	NaN
3.7897e-06	NaN
4.5531e-06	NaN
5.3836e-06	NaN
6.2435e-06	NaN
7.0949e-06	NaN
7.9003e-06	NaN
8.6218e-06	NaN
9.2232e-06	NaN
9.6903e-06	NaN
1.0026e-05	NaN
1.0233e-05	NaN
1.0314e-05	NaN
1.0274e-05	NaN
1.0114e-05	NaN
9.8388e-06	NaN
9.4512e-06	NaN
8.9653e-06	NaN
8.4037e-06	NaN
7.7893e-06	NaN
7.1453e-06	NaN
6.4946e-06	NaN
5.8602e-06	NaN
5.2653e-06	NaN
4.7322e-06	NaN
4.2725e-06	NaN
3.8864e-06	NaN
3.5735e-06	NaN
3.3332e-06	NaN
3.1652e-06	NaN
3.069e-06	NaN
3.0443e-06	NaN
3.0908e-06	NaN
3.2125e-06	NaN
3.4186e-06	NaN
3.7187e-06	NaN
4.1223e-06	NaN
4.6388e-06	NaN
5.2779e-06	NaN
6.0491e-06	NaN
6.9616e-06	NaN
8.0138e-06	NaN
9.189e-06	NaN
1.0469e-05	NaN
1.1838e-05	NaN
1.3275e-05	NaN
1.4765e-05	NaN
1.6289e-05	NaN
1.783e-05	NaN
1.9357e-05	NaN
2.0821e-05	NaN
2.2174e-05	NaN
2.3363e-05	NaN
2.4339e-05	NaN
2.5051e-05	NaN
2.5449e-05	NaN
2.5483e-05	NaN
2.5135e-05	NaN
2.4447e-05	NaN
2.347e-05	NaN
2.2252e-05	NaN
2.0843e-05	NaN
1.9291e-05	NaN
1.7646e-05	NaN
1.5957e-05	NaN
1.4267e-05	NaN
1.2611e-05	NaN
1.102e-05	NaN
9.525e-06	NaN
8.1584e-06	NaN
6.9517e-06	NaN
5.9366e-06	NaN
5.145e-06	NaN
4.5949e-06	NaN
4.2711e-06	NaN
4.1528e-06	NaN
4.2193e-06	NaN
4.4501e-06	NaN
4.8244e-06	NaN
5.3216e-06	NaN
5.921e-06	NaN
6.5991e-06	NaN
7.3238e-06	NaN
8.0615e-06	NaN
8.7784e-06	NaN
9.4411e-06	NaN
1.0016e-05	NaN
1.0469e-05	NaN
1.0767e-05	NaN
1.0889e-05	NaN
1.0863e-05	NaN
1.0725e-05	NaN
1.0512e-05	NaN
1.0261e-05	NaN
1.0009e-05	NaN
9.7934e-06	NaN
9.6503e-06	NaN
9.608e-06	NaN
9.6575e-06	NaN
9.7806e-06	NaN
9.959e-06	NaN
1.0174e-05	NaN
1.0409e-05	NaN
1.0643e-05	NaN
1.086e-05	NaN
1.1041e-05	NaN
1.117e-05	NaN
1.123e-05	NaN
1.1205e-05	NaN
1.1079e-05	NaN
1.0836e-05	NaN
1.046e-05	NaN
9.9339e-06	NaN
9.2488e-06	NaN
8.4319e-06	NaN
7.5236e-06	NaN
6.5645e-06	NaN
5.5951e-06	NaN
4.6559e-06	NaN
3.7874e-06	NaN
3.0303e-06	NaN
2.4193e-06	NaN
1.9511e-06	NaN
1.6064e-06	NaN
1.3659e-06	NaN
1.2103e-06	NaN
1.1202e-06	NaN
1.0763e-06	NaN
1.0593e-06	NaN
1.0513e-06	NaN
1.0462e-06	NaN
1.0436e-06	NaN
1.0433e-06	NaN
1.0449e-06	NaN
1.0481e-06	NaN
1.0526e-06	NaN
1.0581e-06	NaN
1.0641e-06	NaN
1.0692e-06	NaN
1.0715e-06	NaN
1.069e-06	NaN
1.0598e-06	NaN
1.0419e-06	NaN
1.0133e-06	NaN
9.7212e-07	NaN
9.1661e-07	NaN
8.4819e-07	NaN
7.7034e-07	NaN
6.8656e-07	NaN
6.0034e-07	NaN
5.1517e-07	NaN
4.3457e-07	NaN
3.6202e-07	NaN
3.0087e-07	NaN
2.5209e-07	NaN
2.1491e-07	NaN
1.8847e-07	NaN
1.7194e-07	NaN
1.6449e-07	NaN
1.6528e-07	NaN
1.7347e-07	NaN
1.8819e-07	NaN
2.08e-07	NaN
2.3092e-07	NaN
2.55e-07	NaN
2.7826e-07	NaN
2.9871e-07	NaN
3.1439e-07	NaN
3.2332e-07	NaN
3.2361e-07	NaN
3.1513e-07	NaN
2.9957e-07	NaN
2.7871e-07	NaN
2.543e-07	NaN
2.2811e-07	NaN
2.0192e-07	NaN
1.7748e-07	NaN
1.5653e-07	NaN
1.3981e-07	NaN
1.269e-07	NaN
1.1731e-07	NaN
1.1057e-07	NaN
1.0617e-07	NaN
1.0365e-07	NaN
1.0251e-07	NaN
1.0227e-07	NaN
1.0293e-07	NaN
1.0509e-07	NaN
1.0941e-07	NaN
1.1654e-07	NaN
1.2714e-07	NaN
1.4185e-07	NaN
1.6133e-07	NaN
1.8622e-07	NaN
2.1635e-07	NaN
2.5023e-07	NaN
2.863e-07	NaN
3.2298e-07	NaN
3.5869e-07	NaN
3.9185e-07	NaN
4.209e-07	NaN
4.4425e-07	NaN
4.6115e-07	NaN
4.7233e-07	NaN
4.7865e-07	NaN
4.81e-07	NaN
4.8025e-07	NaN
4.7726e-07	NaN
4.7293e-07	NaN
4.6811e-07	NaN
4.6341e-07	NaN
4.5883e-07	NaN
4.543e-07	NaN
4.4975e-07	NaN
4.4512e-07	NaN
4.4034e-07	NaN
4.3533e-07	NaN
4.3005e-07	NaN
4.245e-07	NaN
4.1895e-07	NaN
4.1371e-07	NaN
4.0906e-07	NaN
4.0532e-07	NaN
4.0276e-07	NaN
4.017e-07	NaN
4.0244e-07	NaN
4.0513e-07	NaN
4.0958e-07	NaN
4.1552e-07	NaN
4.2268e-07	NaN
4.308e-07	NaN
4.396e-07	NaN
4.4882e-07	NaN
4.582e-07	NaN
4.6745e-07	NaN
4.7631e-07	NaN
4.8452e-07	NaN
4.9181e-07	NaN
4.979e-07	NaN
5.0253e-07	NaN
5.0544e-07	NaN
