1.3579e-07	NaN
1.228e-07	NaN
3.0784e-08	NaN
3.7923e-08	NaN
4.3972e-08	NaN
4.9011e-08	NaN
5.3122e-08	NaN
5.6385e-08	NaN
5.8882e-08	NaN
6.0694e-08	NaN
6.1902e-08	NaN
6.2586e-08	NaN
6.2828e-08	NaN
6.271e-08	NaN
6.2311e-08	NaN
6.1713e-08	NaN
6.0997e-08	NaN
6.0244e-08	NaN
5.9536e-08	NaN
5.8951e-08	NaN
5.8562e-08	NaN
5.8437e-08	NaN
5.8646e-08	NaN
5.9257e-08	NaN
6.034e-08	NaN
6.1963e-08	NaN
6.4195e-08	NaN
6.7088e-08	NaN
7.0575e-08	NaN
7.454e-08	NaN
7.8869e-08	NaN
8.3446e-08	NaN
8.8156e-08	NaN
9.2885e-08	NaN
9.7516e-08	NaN
1.0195e-07	NaN
1.0614e-07	NaN
1.1012e-07	NaN
1.1387e-07	NaN
1.1742e-07	NaN
1.2077e-07	NaN
1.2392e-07	NaN
1.2689e-07	NaN
1.2971e-07	NaN
1.3272e-07	NaN
1.3643e-07	NaN
1.4134e-07	NaN
1.4797e-07	NaN
1.5681e-07	NaN
1.6838e-07	NaN
1.8318e-07	NaN
2.0169e-07	NaN
2.2392e-07	NaN
2.4962e-07	NaN
2.7853e-07	NaN
3.1038e-07	NaN
3.4492e-07	NaN
3.8187e-07	NaN
4.2099e-07	NaN
4.6201e-07	NaN
5.0457e-07	NaN
5.4831e-07	NaN
5.9282e-07	NaN
6.3771e-07	NaN
6.826e-07	NaN
7.2709e-07	NaN
7.7079e-07	NaN
8.1343e-07	NaN
8.5655e-07	NaN
9.0331e-07	NaN
9.5693e-07	NaN
1.0206e-06	NaN
1.0975e-06	NaN
1.1909e-06	NaN
1.3039e-06	NaN
1.4397e-06	NaN
1.5998e-06	NaN
1.784e-06	NaN
1.9921e-06	NaN
2.2239e-06	NaN
2.4793e-06	NaN
2.7579e-06	NaN
3.0596e-06	NaN
3.3841e-06	NaN
3.7289e-06	NaN
4.0887e-06	NaN
4.4584e-06	NaN
4.8326e-06	NaN
5.206e-06	NaN
5.5733e-06	NaN
5.9293e-06	NaN
6.2688e-06	NaN
6.5945e-06	NaN
6.9191e-06	NaN
7.2562e-06	NaN
7.6192e-06	NaN
8.0215e-06	NaN
8.4768e-06	NaN
8.9985e-06	NaN
9.5999e-06	NaN
1.0289e-05	NaN
1.1064e-05	NaN
1.1924e-05	NaN
1.2866e-05	NaN
1.3889e-05	NaN
1.4992e-05	NaN
1.6171e-05	NaN
1.7426e-05	NaN
1.8748e-05	NaN
2.0114e-05	NaN
2.1502e-05	NaN
2.289e-05	NaN
2.4254e-05	NaN
2.5572e-05	NaN
2.6821e-05	NaN
2.7979e-05	NaN
2.9026e-05	NaN
2.9952e-05	NaN
3.0747e-05	NaN
3.1403e-05	NaN
3.191e-05	NaN
3.2259e-05	NaN
3.2439e-05	NaN
3.2443e-05	NaN
3.2267e-05	NaN
3.1933e-05	NaN
3.1461e-05	NaN
3.0872e-05	NaN
3.019e-05	NaN
2.9435e-05	NaN
2.863e-05	NaN
2.7796e-05	NaN
2.6952e-05	NaN
2.6108e-05	NaN
2.5274e-05	NaN
2.4458e-05	NaN
2.3669e-05	NaN
2.2916e-05	NaN
2.2208e-05	NaN
2.1554e-05	NaN
2.096e-05	NaN
2.0416e-05	NaN
1.9914e-05	NaN
1.9441e-05	NaN
1.8988e-05	NaN
1.8545e-05	NaN
1.81e-05	NaN
1.7644e-05	NaN
1.7168e-05	NaN
1.6673e-05	NaN
1.6163e-05	NaN
1.5642e-05	NaN
1.5113e-05	NaN
1.4579e-05	NaN
1.4045e-05	NaN
1.3513e-05	NaN
1.2986e-05	NaN
1.2463e-05	NaN
1.1941e-05	NaN
1.1418e-05	NaN
1.0892e-05	NaN
1.036e-05	NaN
9.8191e-06	NaN
9.2675e-06	NaN
8.703e-06	NaN
8.1262e-06	NaN
7.5388e-06	NaN
6.9423e-06	NaN
6.3383e-06	NaN
5.7285e-06	NaN
5.1144e-06	NaN
4.4975e-06	NaN
3.8806e-06	NaN
3.2732e-06	NaN
2.6878e-06	NaN
2.1368e-06	NaN
1.6326e-06	NaN
1.1875e-06	NaN
8.1393e-07	NaN
5.2437e-07	NaN
3.2887e-07	NaN
2.1978e-07	NaN
1.8118e-07	NaN
1.9713e-07	NaN
2.5169e-07	NaN
3.2891e-07	NaN
4.1285e-07	NaN
4.8755e-07	NaN
5.3889e-07	NaN
5.6962e-07	NaN
5.9156e-07	NaN
6.1664e-07	NaN
6.5681e-07	NaN
7.2397e-07	NaN
8.3008e-07	NaN
9.8705e-07	NaN
1.2052e-06	NaN
1.4774e-06	NaN
1.785e-06	NaN
2.1097e-06	NaN
2.4329e-06	NaN
2.7361e-06	NaN
3.0006e-06	NaN
3.2081e-06	NaN
3.341e-06	NaN
3.3973e-06	NaN
3.3862e-06	NaN
3.317e-06	NaN
3.1991e-06	NaN
3.042e-06	NaN
2.8549e-06	NaN
2.6473e-06	NaN
2.4283e-06	NaN
2.2039e-06	NaN
1.9773e-06	NaN
1.7514e-06	NaN
1.5295e-06	NaN
1.3146e-06	NaN
1.1098e-06	NaN
9.181e-07	NaN
7.4274e-07	NaN
5.8812e-07	NaN
4.5991e-07	NaN
3.6384e-07	NaN
3.0562e-07	NaN
2.9097e-07	NaN
3.2563e-07	NaN
4.153e-07	NaN
5.6543e-07	NaN
7.7305e-07	NaN
1.0259e-06	NaN
1.311e-06	NaN
1.6157e-06	NaN
1.9272e-06	NaN
2.2326e-06	NaN
2.519e-06	NaN
2.774e-06	NaN
2.9933e-06	NaN
3.1839e-06	NaN
3.3535e-06	NaN
3.5095e-06	NaN
3.6596e-06	NaN
3.8115e-06	NaN
3.9728e-06	NaN
4.1509e-06	NaN
4.3476e-06	NaN
4.556e-06	NaN
4.7685e-06	NaN
4.9774e-06	NaN
5.1753e-06	NaN
5.3544e-06	NaN
5.5071e-06	NaN
5.6261e-06	NaN
5.7131e-06	NaN
5.7867e-06	NaN
5.8668e-06	NaN
5.9735e-06	NaN
6.1268e-06	NaN
6.3468e-06	NaN
6.6534e-06	NaN
7.0668e-06	NaN
7.6113e-06	NaN
8.3203e-06	NaN
9.2281e-06	NaN
1.0369e-05	NaN
1.1778e-05	NaN
1.3488e-05	NaN
1.5534e-05	NaN
1.7951e-05	NaN
2.0748e-05	NaN
2.3876e-05	NaN
2.7277e-05	NaN
3.0895e-05	NaN
3.4671e-05	NaN
3.8549e-05	NaN
4.247e-05	NaN
4.6379e-05	NaN
5.0224e-05	NaN
5.3978e-05	NaN
5.7616e-05	NaN
6.1115e-05	NaN
6.4448e-05	NaN
6.7592e-05	NaN
7.0522e-05	NaN
7.3214e-05	NaN
7.5644e-05	NaN
7.7796e-05	NaN
7.9652e-05	NaN
8.1198e-05	NaN
8.2415e-05	NaN
8.3289e-05	NaN
8.3802e-05	NaN
8.3939e-05	NaN
8.3709e-05	NaN
8.3216e-05	NaN
8.2591e-05	NaN
8.1962e-05	NaN
8.1457e-05	NaN
8.1206e-05	NaN
8.1337e-05	NaN
8.1979e-05	NaN
8.3246e-05	NaN
8.518e-05	NaN
8.7805e-05	NaN
9.1143e-05	NaN
9.5217e-05	NaN
0.00010005	NaN
0.00010567	NaN
0.00011209	NaN
0.00011934	NaN
0.00012739	NaN
0.00013621	NaN
0.00014578	NaN
0.00015605	NaN
0.000167	NaN
0.0001786	NaN
0.00019082	NaN
0.00020362	NaN
0.00021691	NaN
0.00023062	NaN
0.00024465	NaN
0.00025891	NaN
0.0002733	NaN
0.00028773	NaN
0.00030212	NaN
0.00031639	NaN
0.00033068	NaN
0.00034521	NaN
0.00036021	NaN
0.00037591	NaN
0.00039253	NaN
0.0004103	NaN
0.00042943	NaN
0.00045011	NaN
0.00047204	NaN
0.0004947	NaN
0.00051755	NaN
0.00054007	NaN
0.00056171	NaN
0.00058194	NaN
0.00060024	NaN
0.00061609	NaN
0.00062917	NaN
0.0006393	NaN
0.0006463	NaN
0.00064996	NaN
0.00065012	NaN
0.00064658	NaN
0.00063916	NaN
0.0006277	NaN
0.00061249	NaN
0.00059413	NaN
0.00057322	NaN
0.00055038	NaN
0.0005262	NaN
0.0005013	NaN
0.00047627	NaN
0.00045171	NaN
0.0004279	NaN
0.00040487	NaN
0.00038265	NaN
0.00036126	NaN
0.00034073	NaN
0.00032107	NaN
0.00030232	NaN
0.0002845	NaN
0.00026759	NaN
0.00025152	NaN
0.00023623	NaN
0.00022166	NaN
0.00020775	NaN
0.00019443	NaN
0.00018164	NaN
0.00016931	NaN
0.00015746	NaN
0.00014616	NaN
0.00013549	NaN
0.00012555	NaN
0.00011641	NaN
0.00010815	NaN
0.00010087	NaN
9.4633e-05	NaN
8.9598e-05	NaN
8.5979e-05	NaN
8.3996e-05	NaN
8.3873e-05	NaN
8.5832e-05	NaN
9.0094e-05	NaN
9.6882e-05	NaN
0.00010641	NaN
0.00011864	NaN
0.00013313	NaN
0.00014941	NaN
0.00016703	NaN
0.00018551	NaN
0.00020438	NaN
0.00022319	NaN
0.00024147	NaN
0.00025884	NaN
0.00027503	NaN
0.0002898	NaN
0.00030293	NaN
0.00031416	NaN
0.00032325	NaN
0.00032997	NaN
0.00033408	NaN
0.00033549	NaN
0.00033449	NaN
0.00033137	NaN
0.00032644	NaN
0.00031999	NaN
0.00031235	NaN
0.0003038	NaN
0.00029465	NaN
0.00028508	NaN
0.00027496	NaN
0.00026412	NaN
0.00025239	NaN
0.0002396	NaN
0.00022559	NaN
0.00021018	NaN
0.0001932	NaN
0.00017466	NaN
0.00015501	NaN
0.0001348	NaN
0.00011455	NaN
9.4804e-05	NaN
7.6097e-05	NaN
5.8963e-05	NaN
4.394e-05	NaN
3.2105e-05	NaN
2.626e-05	NaN
2.9545e-05	NaN
4.5097e-05	NaN
7.6058e-05	NaN
0.00012557	NaN
0.00019676	NaN
0.00029278	NaN
0.0004186	NaN
0.00058596	NaN
0.00080821	NaN
0.0010987	NaN
0.0014707	NaN
0.0019377	NaN
0.0025129	NaN
0.0032098	NaN
0.0040443	NaN
0.005045	NaN
0.0062438	NaN
0.0076723	NaN
0.0093624	NaN
0.011346	NaN
0.013655	NaN
0.016321	NaN
0.019378	NaN
0.02287	NaN
0.026847	NaN
0.031357	NaN
0.036449	NaN
0.04217	NaN
0.048569	NaN
0.055695	NaN
0.063594	NaN
0.072296	NaN
0.081827	NaN
0.092213	NaN
0.10348	-0.56846
0.11565	-0.56931
0.12875	-0.56904
0.1428	-0.56736
0.15784	-0.56403
0.17386	-0.55907
0.19087	-0.55264
0.20887	-0.54487
0.22786	-0.5359
0.24784	-0.52588
0.26882	-0.51496
0.29079	-0.50328
0.31376	-0.49097
0.33765	-0.47809
0.36239	-0.46463
0.38789	-0.4506
0.41405	-0.436
0.4408	-0.42085
0.46804	-0.40514
0.49569	-0.38888
0.52366	-0.37208
0.55183	-0.35477
0.58005	-0.33702
0.60819	-0.31888
0.63612	-0.30042
0.66369	-0.28168
0.69076	-0.26275
0.7172	-0.24366
0.74287	-0.22448
0.7677	-0.20531
0.79166	-0.18625
0.8147	-0.1674
0.83681	-0.14888
0.85795	-0.1308
0.87808	-0.11326
0.89718	-0.096378
0.91521	-0.080256
0.93203	-0.065055
0.94747	-0.050972
0.96131	-0.038202
0.97336	-0.026943
0.98342	-0.01739
0.9913	-0.0097411
0.99679	-0.0041914
0.99971	-0.00093075
1	0
0.99772	-0.0013023
0.99295	-0.0047355
0.98575	-0.010197
0.9762	-0.017586
0.96437	-0.026799
0.95033	-0.037734
0.93415	-0.050293
0.91603	-0.064444
0.89627	-0.080232
0.87518	-0.097706
0.85309	-0.11691
0.8303	-0.1379
0.80714	-0.16072
0.78392	-0.18542
0.76094	-0.21204
0.73833	-0.24056
0.71596	-0.27088
0.6937	-0.30288
0.67139	-0.33646
0.64891	-0.3715
0.62612	-0.40788
0.60288	-0.44551
0.57905	-0.48426
0.55457	-0.52433
0.5295	-0.56629
0.50393	-0.61077
0.4779	-0.65837
0.4515	-0.70973
0.4248	-0.76545
0.39786	-0.82615
0.37075	-0.89243
0.34361	-0.96393
0.31666	-1.0386
0.29015	-1.1144
0.26432	-1.1892
0.23942	-1.2606
0.21567	-1.3268
0.19333	-1.3854
0.17263	-1.4343
0.15372	-1.475
0.13659	-1.5152
0.12119	-1.5639
0.10747	-1.6295
0.095402	NaN
0.084938	NaN
0.076034	NaN
0.068651	NaN
0.062716	NaN
0.058094	NaN
0.054643	NaN
0.052217	NaN
0.050674	NaN
0.049868	NaN
0.049658	NaN
0.049898	NaN
0.05047	NaN
0.051326	NaN
0.052426	NaN
0.053732	NaN
0.055205	NaN
0.056806	NaN
0.058497	NaN
0.060239	NaN
0.061993	NaN
0.063718	NaN
0.065374	NaN
0.066919	NaN
0.068312	NaN
0.069514	NaN
0.070482	NaN
0.071176	NaN
0.071562	NaN
0.071632	NaN
0.071386	NaN
0.070821	NaN
0.069936	NaN
0.06873	NaN
0.0672	NaN
0.065346	NaN
0.063172	NaN
0.060715	NaN
0.058018	NaN
0.055125	NaN
0.05208	NaN
0.048927	NaN
0.045709	NaN
0.042471	NaN
0.039251	NaN
0.036075	NaN
0.032961	NaN
0.029925	NaN
0.026987	NaN
0.024164	NaN
0.021475	NaN
0.018937	NaN
0.016567	NaN
0.014376	NaN
0.012371	NaN
0.010559	NaN
0.0089464	NaN
0.0075419	NaN
0.0063522	NaN
0.0053847	NaN
0.0046449	NaN
0.0041257	NaN
0.0038146	NaN
0.0036988	NaN
0.0037659	NaN
0.0040031	NaN
0.0043979	NaN
0.0049376	NaN
0.0056091	NaN
0.006394	NaN
0.0072717	NaN
0.0082213	NaN
0.0092221	NaN
0.010253	NaN
0.011294	NaN
0.012324	NaN
0.013322	NaN
0.014278	NaN
0.015184	NaN
0.016035	NaN
0.016825	NaN
0.017546	NaN
0.018193	NaN
0.018758	NaN
0.019237	NaN
0.019629	NaN
0.019936	NaN
0.020163	NaN
0.020312	NaN
0.020386	NaN
0.02039	NaN
0.020326	NaN
0.020197	NaN
0.020008	NaN
0.019763	NaN
0.019467	NaN
0.019124	NaN
0.018739	NaN
0.018316	NaN
0.017861	NaN
0.017377	NaN
0.01687	NaN
0.016343	NaN
0.0158	NaN
0.015248	NaN
0.014688	NaN
0.014127	NaN
0.013568	NaN
0.013015	NaN
0.012472	NaN
0.011938	NaN
0.011414	NaN
0.010902	NaN
0.0104	NaN
0.0099109	NaN
0.0094341	NaN
0.0089703	NaN
0.0085194	NaN
0.0080805	NaN
0.0076528	NaN
0.0072353	NaN
0.0068271	NaN
0.0064272	NaN
0.0060347	NaN
0.0056488	NaN
0.0052695	NaN
0.0048983	NaN
0.0045369	NaN
0.004187	NaN
0.0038501	NaN
0.003528	NaN
0.0032221	NaN
0.0029343	NaN
0.0026656	NaN
0.0024168	NaN
0.0021883	NaN
0.0019807	NaN
0.0017945	NaN
0.0016303	NaN
0.0014886	NaN
0.0013699	NaN
0.0012745	NaN
0.0012018	NaN
0.0011512	NaN
0.0011221	NaN
0.0011139	NaN
0.001126	NaN
0.0011579	NaN
0.0012088	NaN
0.0012781	NaN
0.0013642	NaN
0.0014658	NaN
0.0015815	NaN
0.0017097	NaN
0.0018491	NaN
0.0019982	NaN
0.0021556	NaN
0.0023197	NaN
0.0024888	NaN
0.002661	NaN
0.0028346	NaN
0.0030076	NaN
0.0031782	NaN
0.0033447	NaN
0.0035053	NaN
0.0036585	NaN
0.0038043	NaN
0.003943	NaN
0.0040747	NaN
0.0041999	NaN
0.0043186	NaN
0.0044311	NaN
0.0045377	NaN
0.0046385	NaN
0.0047335	NaN
0.0048224	NaN
0.0049053	NaN
0.0049819	NaN
0.0050521	NaN
0.0051157	NaN
0.0051727	NaN
0.005223	NaN
0.0052671	NaN
0.0053054	NaN
0.0053386	NaN
0.0053671	NaN
0.0053916	NaN
0.0054125	NaN
0.0054305	NaN
0.0054459	NaN
0.0054589	NaN
0.0054694	NaN
0.0054775	NaN
0.0054831	NaN
0.0054862	NaN
0.0054868	NaN
0.0054848	NaN
0.0054801	NaN
0.0054718	NaN
0.0054587	NaN
0.0054394	NaN
0.0054129	NaN
0.0053778	NaN
0.0053329	NaN
0.0052771	NaN
0.0052093	NaN
0.0051294	NaN
0.0050379	NaN
0.0049352	NaN
0.0048218	NaN
0.0046982	NaN
0.0045648	NaN
0.004422	NaN
0.0042704	NaN
0.0041112	NaN
0.0039457	NaN
0.0037754	NaN
0.0036019	NaN
0.0034266	NaN
0.003251	NaN
0.0030764	NaN
0.0029044	NaN
0.0027355	NaN
0.0025697	NaN
0.0024073	NaN
0.0022483	NaN
0.0020927	NaN
0.0019408	NaN
0.0017926	NaN
0.0016483	NaN
0.0015081	NaN
0.0013725	NaN
0.0012419	NaN
0.001117	NaN
0.00099798	NaN
0.00088545	NaN
0.00077985	NaN
0.00068162	NaN
0.00059121	NaN
0.00050905	NaN
0.00043556	NaN
0.00037119	NaN
0.00031635	NaN
0.00027148	NaN
0.000237	NaN
0.00021333	NaN
0.00020051	NaN
0.00019828	NaN
0.00020638	NaN
0.00022451	NaN
0.00025241	NaN
0.00028979	NaN
0.00033639	NaN
0.00039192	NaN
0.0004558	NaN
0.00052719	NaN
0.00060523	NaN
0.00068904	NaN
0.00077776	NaN
0.00087053	NaN
0.00096649	NaN
0.0010648	NaN
0.0011642	NaN
0.0012636	NaN
0.0013614	NaN
0.0014564	NaN
0.0015472	NaN
0.0016324	NaN
0.0017106	NaN
0.0017805	NaN
0.0018411	NaN
0.001892	NaN
0.0019329	NaN
0.0019634	NaN
0.0019831	NaN
0.0019916	NaN
0.0019887	NaN
0.0019739	NaN
0.0019473	NaN
0.00191	NaN
0.0018629	NaN
0.0018069	NaN
0.0017431	NaN
0.0016726	NaN
0.0015962	NaN
0.0015149	NaN
0.0014299	NaN
0.001342	NaN
0.0012525	NaN
0.0011624	NaN
0.0010727	NaN
0.00098449	NaN
0.00089883	NaN
0.00081679	NaN
0.00073918	NaN
0.00066622	NaN
0.0005981	NaN
0.00053499	NaN
0.00047706	NaN
0.00042448	NaN
0.00037743	NaN
0.00033607	NaN
0.00030043	NaN
0.00027008	NaN
0.00024457	NaN
0.00022342	NaN
0.00020617	NaN
0.00019234	NaN
0.00018148	NaN
0.00017311	NaN
0.0001668	NaN
0.00016218	NaN
0.00015892	NaN
0.00015667	NaN
0.00015511	NaN
0.00015388	NaN
0.00015265	NaN
0.00015108	NaN
0.0001489	NaN
0.00014611	NaN
0.00014273	NaN
0.00013882	NaN
0.00013443	NaN
0.00012959	NaN
0.00012435	NaN
0.00011875	NaN
0.00011284	NaN
0.00010669	NaN
0.00010039	NaN
9.4007e-05	NaN
8.7619e-05	NaN
8.1306e-05	NaN
7.5145e-05	NaN
6.9214e-05	NaN
6.3578e-05	NaN
5.8249e-05	NaN
5.322e-05	NaN
4.8484e-05	NaN
4.4035e-05	NaN
3.9867e-05	NaN
3.5973e-05	NaN
3.2346e-05	NaN
2.898e-05	NaN
2.587e-05	NaN
2.301e-05	NaN
2.0395e-05	NaN
1.802e-05	NaN
1.5878e-05	NaN
1.3966e-05	NaN
1.2277e-05	NaN
1.0804e-05	NaN
9.5311e-06	NaN
8.4352e-06	NaN
7.495e-06	NaN
6.6889e-06	NaN
5.9949e-06	NaN
5.3915e-06	NaN
4.8569e-06	NaN
4.3708e-06	NaN
3.9241e-06	NaN
3.5137e-06	NaN
3.1361e-06	NaN
2.788e-06	NaN
2.4661e-06	NaN
2.167e-06	NaN
1.8874e-06	NaN
1.6243e-06	NaN
1.3787e-06	NaN
1.1535e-06	NaN
9.5173e-07	NaN
7.7638e-07	NaN
6.3049e-07	NaN
5.1708e-07	NaN
4.3916e-07	NaN
3.9923e-07	NaN
3.9363e-07	NaN
4.1466e-07	NaN
4.5455e-07	NaN
5.0554e-07	NaN
5.5986e-07	NaN
6.0974e-07	NaN
6.4742e-07	NaN
6.6556e-07	NaN
6.632e-07	NaN
6.442e-07	NaN
6.1254e-07	NaN
5.722e-07	NaN
5.2715e-07	NaN
4.8138e-07	NaN
4.3886e-07	NaN
4.0341e-07	NaN
3.7583e-07	NaN
3.5431e-07	NaN
3.3692e-07	NaN
3.2175e-07	NaN
3.0689e-07	NaN
2.9043e-07	NaN
2.7046e-07	NaN
2.4514e-07	NaN
2.1456e-07	NaN
1.8074e-07	NaN
1.4581e-07	NaN
1.1187e-07	NaN
8.1027e-08	NaN
5.5404e-08	NaN
3.7108e-08	NaN
2.8207e-08	NaN
2.9346e-08	NaN
3.9517e-08	NaN
5.7617e-08	NaN
8.2543e-08	NaN
1.1319e-07	NaN
1.4846e-07	NaN
1.8725e-07	NaN
2.2845e-07	NaN
2.7087e-07	NaN
3.1321e-07	NaN
3.5412e-07	NaN
3.9231e-07	NaN
4.2645e-07	NaN
4.5521e-07	NaN
4.7728e-07	NaN
4.9135e-07	NaN
4.9685e-07	NaN
4.9436e-07	NaN
4.8455e-07	NaN
4.6811e-07	NaN
4.4571e-07	NaN
4.1803e-07	NaN
3.8575e-07	NaN
3.4956e-07	NaN
3.1033e-07	NaN
2.6928e-07	NaN
2.277e-07	NaN
1.8685e-07	NaN
1.4801e-07	NaN
1.1243e-07	NaN
8.1403e-08	NaN
5.6182e-08	NaN
3.7449e-08	NaN
2.4646e-08	NaN
1.7056e-08	NaN
1.3963e-08	NaN
1.4651e-08	NaN
1.8404e-08	NaN
2.4506e-08	NaN
3.2241e-08	NaN
4.1029e-08	NaN
5.0625e-08	NaN
6.0834e-08	NaN
7.1461e-08	NaN
8.2311e-08	NaN
9.3189e-08	NaN
1.039e-07	NaN
1.1425e-07	NaN
1.2406e-07	NaN
1.332e-07	NaN
1.4155e-07	NaN
1.4898e-07	NaN
1.5538e-07	NaN
1.6063e-07	NaN
1.646e-07	NaN
1.6716e-07	NaN
1.6821e-07	NaN
1.6762e-07	NaN
1.6527e-07	NaN
1.6103e-07	NaN
1.5478e-07	NaN
1.4641e-07	NaN
