3.3463e-07	NaN
3.8053e-07	NaN
4.1786e-07	NaN
4.4734e-07	NaN
4.6968e-07	NaN
4.856e-07	NaN
4.9584e-07	NaN
5.011e-07	NaN
5.021e-07	NaN
4.9958e-07	NaN
4.9424e-07	NaN
4.8681e-07	NaN
4.7801e-07	NaN
4.6855e-07	NaN
4.5917e-07	NaN
4.5058e-07	NaN
4.435e-07	NaN
4.3856e-07	NaN
4.3598e-07	NaN
4.3579e-07	NaN
4.3805e-07	NaN
4.4278e-07	NaN
4.5005e-07	NaN
4.5989e-07	NaN
4.7235e-07	NaN
4.8737e-07	NaN
5.0422e-07	NaN
5.2189e-07	NaN
5.3938e-07	NaN
5.5568e-07	NaN
5.6978e-07	NaN
5.8068e-07	NaN
5.8736e-07	NaN
5.8893e-07	NaN
5.8526e-07	NaN
5.766e-07	NaN
5.6322e-07	NaN
5.4537e-07	NaN
5.2332e-07	NaN
4.9731e-07	NaN
4.6762e-07	NaN
4.3453e-07	NaN
3.988e-07	NaN
3.6142e-07	NaN
3.2339e-07	NaN
2.857e-07	NaN
2.4933e-07	NaN
2.1529e-07	NaN
1.8457e-07	NaN
1.5811e-07	NaN
1.361e-07	NaN
1.1832e-07	NaN
1.045e-07	NaN
9.4398e-08	NaN
8.7751e-08	NaN
8.4308e-08	NaN
8.3817e-08	NaN
8.6037e-08	NaN
9.0919e-08	NaN
9.8555e-08	NaN
1.0904e-07	NaN
1.2247e-07	NaN
1.3893e-07	NaN
1.5853e-07	NaN
1.8136e-07	NaN
2.0747e-07	NaN
2.3632e-07	NaN
2.668e-07	NaN
2.9782e-07	NaN
3.2826e-07	NaN
3.5701e-07	NaN
3.8297e-07	NaN
4.0503e-07	NaN
4.2212e-07	NaN
4.3399e-07	NaN
4.412e-07	NaN
4.4435e-07	NaN
4.4403e-07	NaN
4.4085e-07	NaN
4.3539e-07	NaN
4.2826e-07	NaN
4.2012e-07	NaN
4.1368e-07	NaN
4.1395e-07	NaN
4.2609e-07	NaN
4.5526e-07	NaN
5.0661e-07	NaN
5.8529e-07	NaN
6.9645e-07	NaN
8.4521e-07	NaN
1.0353e-06	NaN
1.2686e-06	NaN
1.5468e-06	NaN
1.8718e-06	NaN
2.2451e-06	NaN
2.6687e-06	NaN
3.1442e-06	NaN
3.6734e-06	NaN
4.2595e-06	NaN
4.9076e-06	NaN
5.6233e-06	NaN
6.4119e-06	NaN
7.2789e-06	NaN
8.2296e-06	NaN
9.2695e-06	NaN
1.0404e-05	NaN
1.1635e-05	NaN
1.2959e-05	NaN
1.4371e-05	NaN
1.5868e-05	NaN
1.7444e-05	NaN
1.9095e-05	NaN
2.0817e-05	NaN
2.2605e-05	NaN
2.4442e-05	NaN
2.6284e-05	NaN
2.8083e-05	NaN
2.9792e-05	NaN
3.1364e-05	NaN
3.2751e-05	NaN
3.3907e-05	NaN
3.4783e-05	NaN
3.5349e-05	NaN
3.5616e-05	NaN
3.56e-05	NaN
3.5317e-05	NaN
3.4783e-05	NaN
3.4015e-05	NaN
3.3028e-05	NaN
3.1839e-05	NaN
3.0475e-05	NaN
2.899e-05	NaN
2.7446e-05	NaN
2.5902e-05	NaN
2.442e-05	NaN
2.3061e-05	NaN
2.1883e-05	NaN
2.0949e-05	NaN
2.0329e-05	NaN
2.013e-05	NaN
2.0465e-05	NaN
2.1448e-05	NaN
2.3193e-05	NaN
2.5813e-05	NaN
2.9423e-05	NaN
3.4135e-05	NaN
4.0056e-05	NaN
4.7255e-05	NaN
5.5797e-05	NaN
6.5744e-05	NaN
7.7158e-05	NaN
9.0104e-05	NaN
0.00010464	NaN
0.00012084	NaN
0.00013875	NaN
0.00015838	NaN
0.00017974	NaN
0.00020283	NaN
0.00022765	NaN
0.0002542	NaN
0.00028248	NaN
0.00031251	NaN
0.00034422	NaN
0.00037735	NaN
0.00041153	NaN
0.0004464	NaN
0.0004816	NaN
0.00051678	NaN
0.00055155	NaN
0.00058558	NaN
0.0006185	NaN
0.00065004	NaN
0.00067995	NaN
0.00070799	NaN
0.0007339	NaN
0.00075745	NaN
0.00077837	NaN
0.00079643	NaN
0.00081139	NaN
0.00082306	NaN
0.00083127	NaN
0.00083588	NaN
0.00083671	NaN
0.00083362	NaN
0.00082643	NaN
0.000815	NaN
0.00079919	NaN
0.00077919	NaN
0.00075536	NaN
0.00072807	NaN
0.00069767	NaN
0.00066453	NaN
0.000629	NaN
0.00059146	NaN
0.00055227	NaN
0.00051204	NaN
0.00047153	NaN
0.00043148	NaN
0.00039265	NaN
0.00035579	NaN
0.00032164	NaN
0.00029096	NaN
0.00026447	NaN
0.00024263	NaN
0.00022568	NaN
0.00021386	NaN
0.00020739	NaN
0.00020654	NaN
0.00021152	NaN
0.00022258	NaN
0.00023996	NaN
0.00026385	NaN
0.00029442	NaN
0.00033184	NaN
0.00037628	NaN
0.00042789	NaN
0.00048684	NaN
0.0005533	NaN
0.00062744	NaN
0.0007093	NaN
0.00079884	NaN
0.00089602	NaN
0.0010008	NaN
0.001113	NaN
0.0012328	NaN
0.00136	NaN
0.0014945	NaN
0.0016359	NaN
0.001783	NaN
0.0019346	NaN
0.0020898	NaN
0.0022473	NaN
0.0024061	NaN
0.0025651	NaN
0.002723	NaN
0.0028793	NaN
0.0030339	NaN
0.0031866	NaN
0.0033375	NaN
0.0034863	NaN
0.0036331	NaN
0.0037777	NaN
0.0039201	NaN
0.0040601	NaN
0.0041975	NaN
0.0043318	NaN
0.0044629	NaN
0.0045904	NaN
0.004714	NaN
0.0048334	NaN
0.0049484	NaN
0.0050587	NaN
0.0051647	NaN
0.0052666	NaN
0.0053646	NaN
0.0054592	NaN
0.0055504	NaN
0.0056387	NaN
0.0057242	NaN
0.0058068	NaN
0.0058857	NaN
0.0059598	NaN
0.0060281	NaN
0.0060896	NaN
0.0061433	NaN
0.0061882	NaN
0.0062233	NaN
0.0062477	NaN
0.0062605	NaN
0.0062612	NaN
0.006249	NaN
0.0062231	NaN
0.0061828	NaN
0.0061274	NaN
0.0060563	NaN
0.0059691	NaN
0.0058667	NaN
0.0057504	NaN
0.0056212	NaN
0.0054804	NaN
0.005329	NaN
0.0051683	NaN
0.0049994	NaN
0.0048234	NaN
0.0046409	NaN
0.0044525	NaN
0.0042589	NaN
0.0040607	NaN
0.0038584	NaN
0.0036528	NaN
0.0034444	NaN
0.0032338	NaN
0.0030223	NaN
0.002811	NaN
0.002601	NaN
0.0023936	NaN
0.0021898	NaN
0.0019909	NaN
0.001798	NaN
0.0016122	NaN
0.0014344	NaN
0.0012651	NaN
0.0011051	NaN
0.00095509	NaN
0.00081575	NaN
0.00068776	NaN
0.00057181	NaN
0.00046846	NaN
0.00037755	NaN
0.0002987	NaN
0.00023151	NaN
0.00017559	NaN
0.00013056	NaN
9.6008e-05	NaN
7.1559e-05	NaN
5.6787e-05	NaN
5.1063e-05	NaN
5.3681e-05	NaN
6.3937e-05	NaN
8.1122e-05	NaN
0.00010453	NaN
0.00013346	NaN
0.0001672	NaN
0.00020505	NaN
0.00024641	NaN
0.00029069	NaN
0.00033732	NaN
0.00038572	NaN
0.00043531	NaN
0.00048553	NaN
0.00053578	NaN
0.00058549	NaN
0.00063407	NaN
0.0006809	NaN
0.00072538	NaN
0.00076689	NaN
0.00080483	NaN
0.0008386	NaN
0.00086758	NaN
0.0008912	NaN
0.00090943	NaN
0.00092251	NaN
0.00093072	NaN
0.00093431	NaN
0.00093356	NaN
0.00092873	NaN
0.00092008	NaN
0.00090788	NaN
0.00089254	NaN
0.00087453	NaN
0.00085433	NaN
0.00083244	NaN
0.00080933	NaN
0.00078548	NaN
0.00076138	NaN
0.0007375	NaN
0.00071392	NaN
0.00069046	NaN
0.0006669	NaN
0.00064305	NaN
0.00061871	NaN
0.00059365	NaN
0.00056769	NaN
0.00054062	NaN
0.0005124	NaN
0.00048316	NaN
0.00045301	NaN
0.00042207	NaN
0.00039046	NaN
0.00035832	NaN
0.00032575	NaN
0.00029288	NaN
0.00026	NaN
0.00022758	NaN
0.00019608	NaN
0.00016597	NaN
0.00013772	NaN
0.0001118	NaN
8.8689e-05	NaN
6.8837e-05	NaN
5.2412e-05	NaN
3.9204e-05	NaN
2.8977e-05	NaN
2.1493e-05	NaN
1.6517e-05	NaN
1.3814e-05	NaN
1.3146e-05	NaN
1.4282e-05	NaN
1.7123e-05	NaN
2.1774e-05	NaN
2.8354e-05	NaN
3.6985e-05	NaN
4.7784e-05	NaN
6.0872e-05	NaN
7.6369e-05	NaN
9.4394e-05	NaN
0.00011509	NaN
0.00013863	NaN
0.00016519	NaN
0.00019496	NaN
0.00022811	NaN
0.00026482	NaN
0.00030527	NaN
0.00034964	NaN
0.00039763	NaN
0.00044805	NaN
0.00049958	NaN
0.00055091	NaN
0.00060073	NaN
0.00064773	NaN
0.0006906	NaN
0.00072802	NaN
0.00075888	NaN
0.00078252	NaN
0.00079832	NaN
0.00080568	NaN
0.000804	NaN
0.00079266	NaN
0.00077107	NaN
0.00073862	NaN
0.00069556	NaN
0.00064443	NaN
0.00058816	NaN
0.00052969	NaN
0.00047195	NaN
0.00041786	NaN
0.00037035	NaN
0.00033236	NaN
0.00030647	NaN
0.00029422	NaN
0.00029692	NaN
0.00031588	NaN
0.00035241	NaN
0.00040785	NaN
0.00048349	NaN
0.00058065	NaN
0.00070151	NaN
0.00085143	NaN
0.0010365	NaN
0.0012629	NaN
0.0015366	NaN
0.0018638	NaN
0.0022506	NaN
0.0027031	NaN
0.0032298	NaN
0.0038498	NaN
0.0045852	NaN
0.005458	NaN
0.0064903	NaN
0.007704	NaN
0.0091213	NaN
0.010764	NaN
0.012658	NaN
0.014844	NaN
0.01737	NaN
0.020283	NaN
0.02363	NaN
0.027458	NaN
0.031815	NaN
0.036747	NaN
0.0423	NaN
0.048507	NaN
0.0554	NaN
0.063008	NaN
0.071361	NaN
0.080488	NaN
0.09042	NaN
0.10119	-0.57117
0.11282	-0.5734
0.12536	-0.57351
0.13886	-0.57165
0.15336	-0.56796
0.16891	-0.5626
0.18556	-0.55572
0.20336	-0.54747
0.22235	-0.53799
0.24258	-0.52743
0.26402	-0.51591
0.28663	-0.50348
0.31037	-0.49024
0.33519	-0.47626
0.36105	-0.46161
0.38789	-0.44639
0.41568	-0.43066
0.44435	-0.41451
0.47377	-0.39797
0.50373	-0.38106
0.53403	-0.3638
0.56448	-0.34622
0.59486	-0.32832
0.62499	-0.31013
0.65466	-0.29167
0.68368	-0.27296
0.71192	-0.25406
0.73931	-0.23504
0.76577	-0.216
0.79123	-0.19702
0.81561	-0.17818
0.83884	-0.15957
0.86084	-0.14126
0.88154	-0.12334
0.90087	-0.10596
0.91872	-0.089296
0.93503	-0.073525
0.94971	-0.058832
0.96266	-0.045397
0.97382	-0.033403
0.98309	-0.023032
0.9904	-0.014459
0.99567	-0.0077684
0.99889	-0.002952
1	0
0.99898	0.0010976
0.99578	0.00035085
0.99038	-0.0022301
0.98274	-0.0066352
0.97282	-0.012855
0.96073	-0.020886
0.94673	-0.030733
0.93107	-0.0424
0.91401	-0.055894
0.89582	-0.071218
0.87675	-0.088377
0.85706	-0.10738
0.83702	-0.12822
0.81674	-0.15086
0.79623	-0.1752
0.77544	-0.20112
0.75436	-0.22851
0.73296	-0.25727
0.71121	-0.28728
0.68909	-0.31845
0.66656	-0.35065
0.64361	-0.38409
0.62018	-0.41938
0.59624	-0.45717
0.57173	-0.49811
0.54662	-0.54285
0.52086	-0.59204
0.49441	-0.64633
0.46723	-0.70635
0.43937	-0.77166
0.41108	-0.84004
0.3826	-0.9091
0.35418	-0.97646
0.32608	-1.0397
0.29853	-1.0965
0.27179	-1.1444
0.24611	-1.181
0.22169	-1.2078
0.19863	-1.2333
0.17703	-1.2668
0.15699	-1.3177
0.13859	-1.3953
0.12193	-1.5091
0.10712	-1.6684
0.094229	NaN
0.083296	NaN
0.07418	NaN
0.066719	NaN
0.060753	NaN
0.056122	NaN
0.052667	NaN
0.050225	NaN
0.048638	NaN
0.047766	NaN
0.047529	NaN
0.047852	NaN
0.048665	NaN
0.049894	NaN
0.051467	NaN
0.053311	NaN
0.055354	NaN
0.057529	NaN
0.059779	NaN
0.062051	NaN
0.064294	NaN
0.066454	NaN
0.068478	NaN
0.070315	NaN
0.07191	NaN
0.073218	NaN
0.074216	NaN
0.074886	NaN
0.075209	NaN
0.075168	NaN
0.074745	NaN
0.073923	NaN
0.072682	NaN
0.071017	NaN
0.068965	NaN
0.066577	NaN
0.063904	NaN
0.060996	NaN
0.057903	NaN
0.054678	NaN
0.051369	NaN
0.048025	NaN
0.044673	NaN
0.041337	NaN
0.038039	NaN
0.034802	NaN
0.031649	NaN
0.028602	NaN
0.025683	NaN
0.022916	NaN
0.020311	NaN
0.017877	NaN
0.015625	NaN
0.013562	NaN
0.011697	NaN
0.010041	NaN
0.0086012	NaN
0.0073857	NaN
0.0063895	NaN
0.0056027	NaN
0.005015	NaN
0.0046166	NaN
0.0043973	NaN
0.004347	NaN
0.0044557	NaN
0.004713	NaN
0.0051054	NaN
0.0056179	NaN
0.0062355	NaN
0.006943	NaN
0.0077256	NaN
0.0085681	NaN
0.0094555	NaN
0.010373	NaN
0.011309	NaN
0.012252	NaN
0.013191	NaN
0.014117	NaN
0.015019	NaN
0.015886	NaN
0.016708	NaN
0.017473	NaN
0.018177	NaN
0.018817	NaN
0.01939	NaN
0.019894	NaN
0.020325	NaN
0.020681	NaN
0.020959	NaN
0.021157	NaN
0.021274	NaN
0.021315	NaN
0.021281	NaN
0.021175	NaN
0.021	NaN
0.020758	NaN
0.020453	NaN
0.020087	NaN
0.019665	NaN
0.019192	NaN
0.018676	NaN
0.018122	NaN
0.017537	NaN
0.016926	NaN
0.016297	NaN
0.015656	NaN
0.015007	NaN
0.014357	NaN
0.013711	NaN
0.013073	NaN
0.01245	NaN
0.011845	NaN
0.011266	NaN
0.010715	NaN
0.010197	NaN
0.0097118	NaN
0.0092593	NaN
0.0088395	NaN
0.0084527	NaN
0.0080988	NaN
0.007778	NaN
0.0074903	NaN
0.0072341	NaN
0.0070054	NaN
0.0068001	NaN
0.0066141	NaN
0.0064434	NaN
0.0062838	NaN
0.0061311	NaN
0.0059814	NaN
0.0058318	NaN
0.0056818	NaN
0.0055313	NaN
0.0053797	NaN
0.0052269	NaN
0.0050725	NaN
0.0049162	NaN
0.0047578	NaN
0.0045972	NaN
0.0044355	NaN
0.0042737	NaN
0.0041127	NaN
0.0039537	NaN
0.0037975	NaN
0.0036453	NaN
0.003498	NaN
0.0033563	NaN
0.0032196	NaN
0.0030874	NaN
0.0029593	NaN
0.0028345	NaN
0.0027126	NaN
0.0025931	NaN
0.0024753	NaN
0.0023589	NaN
0.0022441	NaN
0.0021312	NaN
0.0020205	NaN
0.0019122	NaN
0.0018066	NaN
0.001704	NaN
0.0016046	NaN
0.0015087	NaN
0.0014162	NaN
0.0013273	NaN
0.0012418	NaN
0.0011598	NaN
0.0010812	NaN
0.0010061	NaN
0.0009344	NaN
0.00086612	NaN
0.0008012	NaN
0.00073959	NaN
0.00068125	NaN
0.0006261	NaN
0.00057411	NaN
0.00052522	NaN
0.00047936	NaN
0.0004365	NaN
0.00039661	NaN
0.00035965	NaN
0.0003256	NaN
0.00029443	NaN
0.00026613	NaN
0.00024066	NaN
0.00021799	NaN
0.00019807	NaN
0.00018065	NaN
0.00016545	NaN
0.00015215	NaN
0.00014047	NaN
0.00013012	NaN
0.00012079	NaN
0.00011219	NaN
0.00010406	NaN
9.6299e-05	NaN
8.8895e-05	NaN
8.182e-05	NaN
7.5052e-05	NaN
6.8565e-05	NaN
6.2338e-05	NaN
5.6346e-05	NaN
5.0572e-05	NaN
4.5048e-05	NaN
3.9823e-05	NaN
3.4949e-05	NaN
3.0477e-05	NaN
2.6456e-05	NaN
2.2939e-05	NaN
1.9975e-05	NaN
1.7606e-05	NaN
1.5789e-05	NaN
1.4439e-05	NaN
1.3473e-05	NaN
1.2807e-05	NaN
1.2355e-05	NaN
1.2034e-05	NaN
1.176e-05	NaN
1.1454e-05	NaN
1.1108e-05	NaN
1.0752e-05	NaN
1.0415e-05	NaN
1.0127e-05	NaN
9.9205e-06	NaN
9.824e-06	NaN
9.8684e-06	NaN
1.0081e-05	NaN
1.0457e-05	NaN
1.0968e-05	NaN
1.1587e-05	NaN
1.2285e-05	NaN
1.3036e-05	NaN
1.381e-05	NaN
1.458e-05	NaN
1.5319e-05	NaN
1.6012e-05	NaN
1.6652e-05	NaN
1.7235e-05	NaN
1.7753e-05	NaN
1.8203e-05	NaN
1.8577e-05	NaN
1.887e-05	NaN
1.9077e-05	NaN
1.9191e-05	NaN
1.9205e-05	NaN
1.9113e-05	NaN
1.8908e-05	NaN
1.8583e-05	NaN
1.8133e-05	NaN
1.7549e-05	NaN
1.6826e-05	NaN
1.5971e-05	NaN
1.5004e-05	NaN
1.3947e-05	NaN
1.2819e-05	NaN
1.1642e-05	NaN
1.0438e-05	NaN
9.2259e-06	NaN
8.0281e-06	NaN
6.8659e-06	NaN
5.7618e-06	NaN
4.7383e-06	NaN
3.8181e-06	NaN
3.0236e-06	NaN
2.3774e-06	NaN
1.9021e-06	NaN
1.6197e-06	NaN
1.5307e-06	NaN
1.6056e-06	NaN
1.813e-06	NaN
2.1212e-06	NaN
2.4987e-06	NaN
2.914e-06	NaN
3.3355e-06	NaN
3.7319e-06	NaN
4.0859e-06	NaN
4.4027e-06	NaN
4.6895e-06	NaN
4.9534e-06	NaN
5.2016e-06	NaN
5.4413e-06	NaN
5.6795e-06	NaN
5.9236e-06	NaN
6.1797e-06	NaN
6.4522e-06	NaN
6.7455e-06	NaN
7.0638e-06	NaN
7.4115e-06	NaN
7.7927e-06	NaN
8.2119e-06	NaN
8.6731e-06	NaN
9.1742e-06	NaN
9.6991e-06	NaN
1.023e-05	NaN
1.0748e-05	NaN
1.1237e-05	NaN
1.1677e-05	NaN
1.2052e-05	NaN
1.2342e-05	NaN
1.2537e-05	NaN
1.2642e-05	NaN
1.2664e-05	NaN
1.2612e-05	NaN
1.2492e-05	NaN
1.2313e-05	NaN
1.2082e-05	NaN
1.1808e-05	NaN
1.1497e-05	NaN
1.1158e-05	NaN
1.0801e-05	NaN
1.0433e-05	NaN
1.0065e-05	NaN
9.7034e-06	NaN
9.3583e-06	NaN
9.0381e-06	NaN
8.7484e-06	NaN
8.4839e-06	NaN
8.2366e-06	NaN
7.999e-06	NaN
7.7632e-06	NaN
7.5214e-06	NaN
7.266e-06	NaN
6.9891e-06	NaN
6.6847e-06	NaN
6.3539e-06	NaN
5.9996e-06	NaN
5.6247e-06	NaN
5.2321e-06	NaN
4.8247e-06	NaN
4.4054e-06	NaN
3.977e-06	NaN
3.5433e-06	NaN
3.1117e-06	NaN
2.6907e-06	NaN
2.2887e-06	NaN
1.9145e-06	NaN
1.5764e-06	NaN
1.283e-06	NaN
1.0428e-06	NaN
8.6294e-07	NaN
7.4202e-07	NaN
6.7573e-07	NaN
6.5975e-07	NaN
6.8975e-07	NaN
7.614e-07	NaN
8.7038e-07	NaN
1.0124e-06	NaN
1.1831e-06	NaN
1.3783e-06	NaN
1.594e-06	NaN
1.8262e-06	NaN
2.0706e-06	NaN
2.3233e-06	NaN
2.5801e-06	NaN
2.8371e-06	NaN
3.0897e-06	NaN
3.3314e-06	NaN
3.5542e-06	NaN
3.7504e-06	NaN
3.9121e-06	NaN
4.0315e-06	NaN
4.1007e-06	NaN
4.1119e-06	NaN
4.0582e-06	NaN
3.9424e-06	NaN
3.7727e-06	NaN
3.5573e-06	NaN
3.3046e-06	NaN
3.0226e-06	NaN
2.7197e-06	NaN
2.4042e-06	NaN
2.0841e-06	NaN
1.7669e-06	NaN
1.4594e-06	NaN
1.1683e-06	NaN
9.0051e-07	NaN
6.6277e-07	NaN
4.619e-07	NaN
3.047e-07	NaN
1.9743e-07	NaN
1.3851e-07	NaN
1.2038e-07	NaN
1.3537e-07	NaN
1.7579e-07	NaN
2.3395e-07	NaN
3.0216e-07	NaN
3.7275e-07	NaN
4.3821e-07	NaN
4.9466e-07	NaN
5.4134e-07	NaN
5.776e-07	NaN
6.0279e-07	NaN
6.1627e-07	NaN
6.174e-07	NaN
6.0551e-07	NaN
5.8005e-07	NaN
5.4217e-07	NaN
4.9475e-07	NaN
4.4079e-07	NaN
3.8326e-07	NaN
3.2513e-07	NaN
2.6938e-07	NaN
2.1899e-07	NaN
1.7687e-07	NaN
1.4397e-07	NaN
1.1897e-07	NaN
1.004e-07	NaN
8.6816e-08	NaN
7.6749e-08	NaN
6.8742e-08	NaN
6.1337e-08	NaN
5.31e-08	NaN
4.3674e-08	NaN
3.4153e-08	NaN
2.5734e-08	NaN
1.9612e-08	NaN
1.6985e-08	NaN
1.9049e-08	NaN
2.7001e-08	NaN
4.2021e-08	NaN
6.4362e-08	NaN
9.2824e-08	NaN
1.2608e-07	NaN
1.6281e-07	NaN
2.0168e-07	NaN
2.4137e-07	NaN
2.8056e-07	NaN
3.1792e-07	NaN
3.5242e-07	NaN
3.8357e-07	NaN
4.1094e-07	NaN
4.3409e-07	NaN
4.5258e-07	NaN
4.6599e-07	NaN
4.7387e-07	NaN
4.7579e-07	NaN
4.7174e-07	NaN
4.6265e-07	NaN
4.4953e-07	NaN
4.3342e-07	NaN
4.1533e-07	NaN
3.9629e-07	NaN
3.7733e-07	NaN
3.5947e-07	NaN
3.4331e-07	NaN
3.284e-07	NaN
3.1416e-07	NaN
2.9998e-07	NaN
2.8526e-07	NaN
2.694e-07	NaN
2.518e-07	NaN
2.3186e-07	NaN
2.0929e-07	NaN
1.8467e-07	NaN
1.5876e-07	NaN
1.323e-07	NaN
1.0603e-07	NaN
8.0705e-08	NaN
5.707e-08	NaN
3.5872e-08	NaN
1.7856e-08	NaN
3.769e-09	NaN
5.6421e-09	NaN
9.6309e-09	NaN
7.4507e-09	NaN
1.645e-09	NaN
1.8403e-08	NaN
4.357e-08	NaN
