7.9897e-08	NaN
7.868e-08	NaN
7.6766e-08	NaN
7.4125e-08	NaN
7.0728e-08	NaN
6.6544e-08	NaN
6.1572e-08	NaN
5.5962e-08	NaN
4.9915e-08	NaN
4.3634e-08	NaN
3.7321e-08	NaN
3.1178e-08	NaN
2.5408e-08	NaN
2.0212e-08	NaN
1.5809e-08	NaN
1.2514e-08	NaN
1.0682e-08	NaN
1.0669e-08	NaN
1.2832e-08	NaN
1.7526e-08	NaN
2.5106e-08	NaN
3.593e-08	NaN
5.0279e-08	NaN
6.7864e-08	NaN
8.8123e-08	NaN
1.1049e-07	NaN
1.344e-07	NaN
1.5929e-07	NaN
1.846e-07	NaN
2.0976e-07	NaN
2.3423e-07	NaN
2.5762e-07	NaN
2.7965e-07	NaN
3.0002e-07	NaN
3.1846e-07	NaN
3.3466e-07	NaN
3.4835e-07	NaN
3.5923e-07	NaN
3.6706e-07	NaN
3.7203e-07	NaN
3.7462e-07	NaN
3.7531e-07	NaN
3.746e-07	NaN
3.7296e-07	NaN
3.7088e-07	NaN
3.6885e-07	NaN
3.6734e-07	NaN
3.6682e-07	NaN
3.6772e-07	NaN
3.7048e-07	NaN
3.7553e-07	NaN
3.833e-07	NaN
3.9424e-07	NaN
4.0878e-07	NaN
4.2736e-07	NaN
4.5047e-07	NaN
4.7867e-07	NaN
5.1249e-07	NaN
5.5249e-07	NaN
5.992e-07	NaN
6.5319e-07	NaN
7.15e-07	NaN
7.8513e-07	NaN
8.632e-07	NaN
9.4791e-07	NaN
1.0379e-06	NaN
1.132e-06	NaN
1.2287e-06	NaN
1.3268e-06	NaN
1.4249e-06	NaN
1.5218e-06	NaN
1.6166e-06	NaN
1.7089e-06	NaN
1.7987e-06	NaN
1.8856e-06	NaN
1.9693e-06	NaN
2.0497e-06	NaN
2.1264e-06	NaN
2.1993e-06	NaN
2.2686e-06	NaN
2.3355e-06	NaN
2.4012e-06	NaN
2.4666e-06	NaN
2.5331e-06	NaN
2.6018e-06	NaN
2.6737e-06	NaN
2.7501e-06	NaN
2.8312e-06	NaN
2.9157e-06	NaN
3.0023e-06	NaN
3.0898e-06	NaN
3.1768e-06	NaN
3.2621e-06	NaN
3.3441e-06	NaN
3.4218e-06	NaN
3.4937e-06	NaN
3.5585e-06	NaN
3.6148e-06	NaN
3.6612e-06	NaN
3.6965e-06	NaN
3.7191e-06	NaN
3.7279e-06	NaN
3.7213e-06	NaN
3.6983e-06	NaN
3.6583e-06	NaN
3.6005e-06	NaN
3.5245e-06	NaN
3.4295e-06	NaN
3.315e-06	NaN
3.1804e-06	NaN
3.0251e-06	NaN
2.8498e-06	NaN
2.6586e-06	NaN
2.4562e-06	NaN
2.247e-06	NaN
2.0357e-06	NaN
1.8268e-06	NaN
1.6248e-06	NaN
1.4344e-06	NaN
1.2589e-06	NaN
1.0978e-06	NaN
9.504e-07	NaN
8.1566e-07	NaN
6.9268e-07	NaN
5.8053e-07	NaN
4.7829e-07	NaN
3.8502e-07	NaN
3.0015e-07	NaN
2.2429e-07	NaN
1.5825e-07	NaN
1.0289e-07	NaN
5.9036e-08	NaN
2.7527e-08	NaN
9.198e-09	NaN
4.8871e-09	NaN
1.4735e-08	NaN
3.6164e-08	NaN
6.5933e-08	NaN
1.008e-07	NaN
1.3753e-07	NaN
1.7288e-07	NaN
2.036e-07	NaN
2.2646e-07	NaN
2.3889e-07	NaN
2.414e-07	NaN
2.3541e-07	NaN
2.2232e-07	NaN
2.0355e-07	NaN
1.8051e-07	NaN
1.546e-07	NaN
1.2724e-07	NaN
1.0175e-07	NaN
9.1836e-08	NaN
1.1474e-07	NaN
1.877e-07	NaN
3.2796e-07	NaN
5.5276e-07	NaN
8.7933e-07	NaN
1.3249e-06	NaN
1.9018e-06	NaN
2.5904e-06	NaN
3.3582e-06	NaN
4.1728e-06	NaN
5.002e-06	NaN
5.8131e-06	NaN
6.5739e-06	NaN
7.2519e-06	NaN
7.8168e-06	NaN
8.2536e-06	NaN
8.5548e-06	NaN
8.7126e-06	NaN
8.7196e-06	NaN
8.568e-06	NaN
8.2503e-06	NaN
7.7588e-06	NaN
7.0916e-06	NaN
6.2994e-06	NaN
5.4612e-06	NaN
4.6565e-06	NaN
3.9644e-06	NaN
3.4645e-06	NaN
3.2359e-06	NaN
3.3582e-06	NaN
3.9044e-06	NaN
4.8795e-06	NaN
6.2454e-06	NaN
7.9633e-06	NaN
9.9945e-06	NaN
1.23e-05	NaN
1.4842e-05	NaN
1.758e-05	NaN
2.0477e-05	NaN
2.3486e-05	NaN
2.6558e-05	NaN
2.9643e-05	NaN
3.2692e-05	NaN
3.5654e-05	NaN
3.848e-05	NaN
4.112e-05	NaN
4.3526e-05	NaN
4.5661e-05	NaN
4.7505e-05	NaN
4.9034e-05	NaN
5.0226e-05	NaN
5.106e-05	NaN
5.1514e-05	NaN
5.1563e-05	NaN
5.1189e-05	NaN
5.0397e-05	NaN
4.9217e-05	NaN
4.7683e-05	NaN
4.5827e-05	NaN
4.3682e-05	NaN
4.128e-05	NaN
3.8653e-05	NaN
3.5836e-05	NaN
3.2883e-05	NaN
2.9876e-05	NaN
2.6895e-05	NaN
2.4023e-05	NaN
2.1342e-05	NaN
1.8933e-05	NaN
1.6879e-05	NaN
1.5259e-05	NaN
1.4093e-05	NaN
1.3323e-05	NaN
1.2885e-05	NaN
1.2716e-05	NaN
1.2753e-05	NaN
1.2931e-05	NaN
1.3187e-05	NaN
1.3458e-05	NaN
1.3705e-05	NaN
1.3928e-05	NaN
1.4129e-05	NaN
1.4308e-05	NaN
1.4468e-05	NaN
1.4612e-05	NaN
1.474e-05	NaN
1.4854e-05	NaN
1.4977e-05	NaN
1.5165e-05	NaN
1.5478e-05	NaN
1.5973e-05	NaN
1.6712e-05	NaN
1.7754e-05	NaN
1.9158e-05	NaN
2.0984e-05	NaN
2.3272e-05	NaN
2.6031e-05	NaN
2.9263e-05	NaN
3.2969e-05	NaN
3.7152e-05	NaN
4.1814e-05	NaN
4.6958e-05	NaN
5.2586e-05	NaN
5.8643e-05	NaN
6.4939e-05	NaN
7.1265e-05	NaN
7.7412e-05	NaN
8.3172e-05	NaN
8.8334e-05	NaN
9.2691e-05	NaN
9.6034e-05	NaN
9.8226e-05	NaN
9.9338e-05	NaN
9.9472e-05	NaN
9.8732e-05	NaN
9.7221e-05	NaN
9.5042e-05	NaN
9.2299e-05	NaN
8.9095e-05	NaN
8.5528e-05	NaN
8.1676e-05	NaN
7.7613e-05	NaN
7.3414e-05	NaN
6.9153e-05	NaN
6.4906e-05	NaN
6.0746e-05	NaN
5.6748e-05	NaN
5.2973e-05	NaN
4.9426e-05	NaN
4.6102e-05	NaN
4.2994e-05	NaN
4.0095e-05	NaN
3.74e-05	NaN
3.4902e-05	NaN
3.2594e-05	NaN
3.046e-05	NaN
2.8436e-05	NaN
2.6447e-05	NaN
2.4416e-05	NaN
2.2267e-05	NaN
1.9924e-05	NaN
1.7311e-05	NaN
1.4352e-05	NaN
1.1037e-05	NaN
7.7205e-06	NaN
4.8734e-06	NaN
2.9679e-06	NaN
2.4761e-06	NaN
3.8699e-06	NaN
7.6213e-06	NaN
1.4202e-05	NaN
2.4072e-05	NaN
3.7604e-05	NaN
5.514e-05	NaN
7.7022e-05	NaN
0.00010359	NaN
0.00013519	NaN
0.00017215	NaN
0.00021483	NaN
0.00026357	NaN
0.00031876	NaN
0.00038084	NaN
0.00045021	NaN
0.0005273	NaN
0.00061252	NaN
0.00070631	NaN
0.00080908	NaN
0.00092125	NaN
0.0010433	NaN
0.0011756	NaN
0.0013187	NaN
0.0014731	NaN
0.0016392	NaN
0.0018174	NaN
0.0020083	NaN
0.0022122	NaN
0.002429	NaN
0.002658	NaN
0.0028987	NaN
0.0031506	NaN
0.0034129	NaN
0.0036853	NaN
0.003967	NaN
0.0042575	NaN
0.0045552	NaN
0.0048583	NaN
0.0051646	NaN
0.0054722	NaN
0.0057789	NaN
0.0060829	NaN
0.006382	NaN
0.0066743	NaN
0.0069576	NaN
0.0072299	NaN
0.007489	NaN
0.007733	NaN
0.0079597	NaN
0.0081669	NaN
0.0083526	NaN
0.0085149	NaN
0.0086533	NaN
0.0087693	NaN
0.0088643	NaN
0.0089396	NaN
0.0089968	NaN
0.0090372	NaN
0.0090622	NaN
0.0090732	NaN
0.009072	NaN
0.0090607	NaN
0.0090412	NaN
0.0090157	NaN
0.0089861	NaN
0.0089546	NaN
0.0089231	NaN
0.0088938	NaN
0.0088678	NaN
0.0088451	NaN
0.0088258	NaN
0.0088097	NaN
0.008797	NaN
0.0087875	NaN
0.0087812	NaN
0.0087782	NaN
0.0087797	NaN
0.0087889	NaN
0.0088092	NaN
0.0088436	NaN
0.0088957	NaN
0.0089687	NaN
0.0090659	NaN
0.0091905	NaN
0.0093433	NaN
0.0095206	NaN
0.0097182	NaN
0.0099322	NaN
0.010158	NaN
0.010393	NaN
0.010631	NaN
0.010869	NaN
0.011105	NaN
0.011338	NaN
0.011569	NaN
0.011798	NaN
0.012027	NaN
0.012255	NaN
0.012483	NaN
0.012712	NaN
0.012942	NaN
0.013171	NaN
0.0134	NaN
0.013626	NaN
0.01385	NaN
0.01407	NaN
0.014285	NaN
0.014494	NaN
0.014698	NaN
0.014898	NaN
0.015098	NaN
0.0153	NaN
0.015508	NaN
0.015725	NaN
0.015952	NaN
0.016194	NaN
0.016454	NaN
0.01674	NaN
0.017063	NaN
0.01743	NaN
0.017851	NaN
0.018334	NaN
0.01889	NaN
0.019527	NaN
0.020254	NaN
0.021085	NaN
0.022031	NaN
0.023107	NaN
0.024324	NaN
0.025697	NaN
0.027237	NaN
0.028957	NaN
0.030867	NaN
0.032957	NaN
0.035212	NaN
0.037619	NaN
0.040162	NaN
0.042828	NaN
0.045603	NaN
0.048471	NaN
0.051418	NaN
0.054429	NaN
0.057489	NaN
0.060582	NaN
0.063694	NaN
0.066808	NaN
0.069909	NaN
0.072983	NaN
0.076019	NaN
0.079049	NaN
0.082114	NaN
0.085261	NaN
0.088533	NaN
0.091974	NaN
0.095629	NaN
0.099542	NaN
0.10376	-0.26535
0.10832	-0.28527
0.11326	-0.30461
0.11863	-0.32325
0.12446	-0.34108
0.13081	-0.35797
0.1377	-0.37383
0.14518	-0.38853
0.15329	-0.40196
0.16203	-0.41398
0.1714	-0.42443
0.18138	-0.43315
0.19198	-0.43999
0.20317	-0.44478
0.21496	-0.44736
0.22732	-0.44759
0.24027	-0.44531
0.2539	-0.44059
0.26833	-0.43359
0.28373	-0.42449
0.30023	-0.41347
0.31798	-0.40069
0.33712	-0.38633
0.35779	-0.37057
0.38013	-0.35359
0.40407	-0.33556
0.42942	-0.3167
0.456	-0.29721
0.4836	-0.2773
0.51203	-0.25717
0.5411	-0.23703
0.57062	-0.21708
0.60039	-0.19752
0.6302	-0.17845
0.65984	-0.15986
0.68909	-0.14177
0.71774	-0.12419
0.74556	-0.1071
0.77235	-0.09053
0.79788	-0.074474
0.82196	-0.058944
0.84448	-0.044057
0.8655	-0.030027
0.88505	-0.017074
0.90318	-0.0054155
0.91993	0.0047288
0.93533	0.013141
0.94944	0.019601
0.96229	0.023895
0.97375	0.02589
0.98354	0.025544
0.99136	0.022819
0.99691	0.017679
0.99989	0.010085
1	0
0.99695	-0.012614
0.99043	-0.027789
0.98034	-0.045396
0.96674	-0.065102
0.94975	-0.086563
0.92945	-0.10943
0.90596	-0.13337
0.87935	-0.15802
0.84975	-0.18305
0.81724	-0.20812
0.78207	-0.23332
0.7447	-0.25935
0.70558	-0.28697
0.66519	-0.31692
0.62399	-0.34995
0.58244	-0.38682
0.54102	-0.42827
0.50018	-0.47505
0.46029	-0.5268
0.42154	-0.58135
0.38408	-0.63638
0.3481	-0.68955
0.31375	-0.73853
0.28122	-0.78098
0.25066	-0.81458
0.22226	-0.83701
0.19609	-0.84995
0.17215	-0.86269
0.15037	-0.88541
0.13072	-0.92826
0.11315	-1.0014
0.097607	NaN
0.08405	NaN
0.072432	NaN
0.062683	NaN
0.054682	NaN
0.048301	NaN
0.04341	NaN
0.039882	NaN
0.037587	NaN
0.036398	NaN
0.036186	NaN
0.036809	NaN
0.038095	NaN
0.039862	NaN
0.041933	NaN
0.044129	NaN
0.046268	NaN
0.048174	NaN
0.049666	NaN
0.050609	NaN
0.051008	NaN
0.050891	NaN
0.050289	NaN
0.049232	NaN
0.047749	NaN
0.04587	NaN
0.043625	NaN
0.041052	NaN
0.038219	NaN
0.035201	NaN
0.032072	NaN
0.028907	NaN
0.025781	NaN
0.022768	NaN
0.019943	NaN
0.017367	NaN
0.01504	NaN
0.012949	NaN
0.011078	NaN
0.0094129	NaN
0.007938	NaN
0.0066388	NaN
0.0055005	NaN
0.004509	NaN
0.0036548	NaN
0.0029297	NaN
0.0023253	NaN
0.0018335	NaN
0.001446	NaN
0.0011546	NaN
0.00095097	NaN
0.00082691	NaN
0.00077391	NaN
0.00078337	NaN
0.00084673	NaN
0.00095541	NaN
0.0011008	NaN
0.0012744	NaN
0.0014676	NaN
0.0016719	NaN
0.0018802	NaN
0.0020859	NaN
0.0022823	NaN
0.0024628	NaN
0.0026208	NaN
0.0027496	NaN
0.0028425	NaN
0.0028938	NaN
0.0029039	NaN
0.0028767	NaN
0.002816	NaN
0.0027256	NaN
0.0026095	NaN
0.0024714	NaN
0.0023151	NaN
0.0021447	NaN
0.0019646	NaN
0.0017801	NaN
0.0015963	NaN
0.0014181	NaN
0.0012507	NaN
0.0010992	NaN
0.00096865	NaN
0.00086396	NaN
0.00078726	NaN
0.00073882	NaN
0.0007189	NaN
0.00072773	NaN
0.00076558	NaN
0.00083267	NaN
0.00092926	NaN
0.0010554	NaN
0.0012079	NaN
0.001381	NaN
0.0015689	NaN
0.0017658	NaN
0.001966	NaN
0.0021635	NaN
0.0023527	NaN
0.0025278	NaN
0.0026842	NaN
0.0028185	NaN
0.0029273	NaN
0.0030072	NaN
0.0030548	NaN
0.0030667	NaN
0.0030395	NaN
0.00297	NaN
0.0028602	NaN
0.0027173	NaN
0.0025489	NaN
0.0023626	NaN
0.0021659	NaN
0.0019665	NaN
0.0017718	NaN
0.0015894	NaN
0.001424	NaN
0.001277	NaN
0.0011497	NaN
0.0010434	NaN
0.00095913	NaN
0.00089827	NaN
0.00086201	NaN
0.00085154	NaN
0.00086634	NaN
0.00090349	NaN
0.00095988	NaN
0.0010324	NaN
0.001118	NaN
0.0012134	NaN
0.0013157	NaN
0.0014217	NaN
0.0015289	NaN
0.0016357	NaN
0.0017405	NaN
0.0018418	NaN
0.0019381	NaN
0.0020278	NaN
0.0021094	NaN
0.0021814	NaN
0.0022432	NaN
0.0022959	NaN
0.002341	NaN
0.0023799	NaN
0.0024138	NaN
0.0024443	NaN
0.0024725	NaN
0.0025001	NaN
0.0025282	NaN
0.0025581	NaN
0.002591	NaN
0.0026282	NaN
0.0026708	NaN
0.0027201	NaN
0.0027772	NaN
0.0028434	NaN
0.0029193	NaN
0.0030036	NaN
0.0030949	NaN
0.0031917	NaN
0.0032925	NaN
0.0033959	NaN
0.0035004	NaN
0.0036046	NaN
0.0037067	NaN
0.0038046	NaN
0.003896	NaN
0.0039785	NaN
0.0040498	NaN
0.0041076	NaN
0.0041496	NaN
0.0041734	NaN
0.0041777	NaN
0.0041638	NaN
0.0041341	NaN
0.0040907	NaN
0.0040358	NaN
0.0039717	NaN
0.0039006	NaN
0.0038247	NaN
0.0037461	NaN
0.003667	NaN
0.0035894	NaN
0.0035155	NaN
0.0034473	NaN
0.0033869	NaN
0.0033365	NaN
0.003298	NaN
0.0032731	NaN
0.0032616	NaN
0.0032624	NaN
0.0032744	NaN
0.0032968	NaN
0.0033286	NaN
0.0033686	NaN
0.003416	NaN
0.0034697	NaN
0.0035283	NaN
0.0035903	NaN
0.0036543	NaN
0.0037186	NaN
0.0037818	NaN
0.0038423	NaN
0.0038988	NaN
0.0039497	NaN
0.003995	NaN
0.0040349	NaN
0.0040695	NaN
0.0040992	NaN
0.0041241	NaN
0.0041447	NaN
0.004161	NaN
0.0041733	NaN
0.0041812	NaN
0.0041837	NaN
0.0041802	NaN
0.0041699	NaN
0.0041519	NaN
0.0041254	NaN
0.0040898	NaN
0.0040442	NaN
0.0039882	NaN
0.0039215	NaN
0.0038439	NaN
0.0037552	NaN
0.003655	NaN
0.0035431	NaN
0.0034193	NaN
0.0032834	NaN
0.0031363	NaN
0.0029797	NaN
0.0028152	NaN
0.0026446	NaN
0.0024694	NaN
0.0022915	NaN
0.0021123	NaN
0.0019336	NaN
0.0017568	NaN
0.001583	NaN
0.0014133	NaN
0.001249	NaN
0.0010911	NaN
0.00094092	NaN
0.00079947	NaN
0.00066795	NaN
0.00054721	NaN
0.00043791	NaN
0.00034068	NaN
0.00025615	NaN
0.00018495	NaN
0.00012771	NaN
8.5063e-05	NaN
5.7616e-05	NaN
4.5272e-05	NaN
4.7214e-05	NaN
6.2592e-05	NaN
9.0557e-05	NaN
0.00013026	NaN
0.00018085	NaN
0.00024148	NaN
0.00031129	NaN
0.00038914	NaN
0.00047354	NaN
0.00056299	NaN
0.00065598	NaN
0.00075102	NaN
0.00084661	NaN
0.00094123	NaN
0.0010334	NaN
0.0011218	NaN
0.0012052	NaN
0.0012827	NaN
0.001353	NaN
0.0014152	NaN
0.0014682	NaN
0.0015107	NaN
0.0015418	NaN
0.001561	NaN
0.0015687	NaN
0.0015654	NaN
0.0015518	NaN
0.0015283	NaN
0.0014954	NaN
0.0014538	NaN
0.0014039	NaN
0.0013466	NaN
0.0012831	NaN
0.0012149	NaN
0.0011434	NaN
0.0010698	NaN
0.00099566	NaN
0.00092223	NaN
0.00085091	NaN
0.00078273	NaN
0.00071802	NaN
0.000657	NaN
0.00059989	NaN
0.00054691	NaN
0.0004983	NaN
0.00045426	NaN
0.00041502	NaN
0.00038063	NaN
0.00035066	NaN
0.00032462	NaN
0.00030201	NaN
0.00028235	NaN
0.00026514	NaN
0.00024989	NaN
0.00023611	NaN
0.00022339	NaN
0.0002116	NaN
0.00020063	NaN
0.00019041	NaN
0.00018084	NaN
0.00017183	NaN
0.00016329	NaN
0.00015512	NaN
0.00014725	NaN
0.00013964	NaN
0.00013226	NaN
0.00012506	NaN
0.00011803	NaN
0.00011113	NaN
0.00010432	NaN
9.7586e-05	NaN
9.0898e-05	NaN
8.43e-05	NaN
7.7849e-05	NaN
7.1601e-05	NaN
6.5611e-05	NaN
5.9937e-05	NaN
5.4634e-05	NaN
4.9759e-05	NaN
4.5353e-05	NaN
4.1394e-05	NaN
3.7835e-05	NaN
3.4633e-05	NaN
3.1744e-05	NaN
2.9122e-05	NaN
2.6724e-05	NaN
2.4504e-05	NaN
2.2423e-05	NaN
2.0468e-05	NaN
1.8632e-05	NaN
1.6913e-05	NaN
1.5304e-05	NaN
1.3803e-05	NaN
1.2403e-05	NaN
1.1101e-05	NaN
9.8915e-06	NaN
8.7733e-06	NaN
7.7448e-06	NaN
6.8049e-06	NaN
5.9523e-06	NaN
5.1857e-06	NaN
4.5041e-06	NaN
3.9061e-06	NaN
3.3898e-06	NaN
2.9483e-06	NaN
2.5721e-06	NaN
2.2517e-06	NaN
1.9774e-06	NaN
1.7399e-06	NaN
1.5295e-06	NaN
1.3367e-06	NaN
1.1529e-06	NaN
9.7666e-07	NaN
8.1103e-07	NaN
6.5902e-07	NaN
5.2365e-07	NaN
4.0793e-07	NaN
3.1489e-07	NaN
2.4753e-07	NaN
2.0855e-07	NaN
1.9661e-07	NaN
2.0776e-07	NaN
2.3798e-07	NaN
2.8328e-07	NaN
3.3965e-07	NaN
4.0309e-07	NaN
4.6961e-07	NaN
5.3531e-07	NaN
5.981e-07	NaN
6.5724e-07	NaN
7.1201e-07	NaN
7.617e-07	NaN
8.0559e-07	NaN
8.4299e-07	NaN
8.7316e-07	NaN
8.9544e-07	NaN
9.0957e-07	NaN
9.1574e-07	NaN
9.1411e-07	NaN
9.0487e-07	NaN
8.882e-07	NaN
8.6427e-07	NaN
8.3326e-07	NaN
7.9539e-07	NaN
7.5155e-07	NaN
7.0332e-07	NaN
6.5234e-07	NaN
6.0023e-07	NaN
5.486e-07	NaN
4.9908e-07	NaN
4.5329e-07	NaN
4.1283e-07	NaN
3.7859e-07	NaN
3.5067e-07	NaN
3.2909e-07	NaN
3.1389e-07	NaN
3.051e-07	NaN
3.0276e-07	NaN
3.069e-07	NaN
3.1754e-07	NaN
3.3373e-07	NaN
3.5326e-07	NaN
3.738e-07	NaN
3.9306e-07	NaN
4.087e-07	NaN
4.1843e-07	NaN
4.1993e-07	NaN
4.1091e-07	NaN
3.9087e-07	NaN
3.6207e-07	NaN
3.2701e-07	NaN
2.882e-07	NaN
2.4815e-07	NaN
2.0936e-07	NaN
1.7434e-07	NaN
1.4557e-07	NaN
1.2444e-07	NaN
1.1031e-07	NaN
1.0233e-07	NaN
9.9652e-08	NaN
1.0143e-07	NaN
1.068e-07	NaN
1.1493e-07	NaN
1.2497e-07	NaN
1.363e-07	NaN
1.4883e-07	NaN
1.6253e-07	NaN
1.7736e-07	NaN
1.933e-07	NaN
2.103e-07	NaN
2.2833e-07	NaN
2.4737e-07	NaN
2.6725e-07	NaN
2.8752e-07	NaN
3.0768e-07	NaN
3.2723e-07	NaN
3.4567e-07	NaN
3.6249e-07	NaN
3.7721e-07	NaN
3.8931e-07	NaN
3.9841e-07	NaN
4.0442e-07	NaN
4.073e-07	NaN
4.0703e-07	NaN
4.0357e-07	NaN
3.969e-07	NaN
3.8697e-07	NaN
3.7376e-07	NaN
3.5725e-07	NaN
3.3738e-07	NaN
3.1414e-07	NaN
2.8749e-07	NaN
2.5741e-07	NaN
2.2385e-07	NaN
1.868e-07	NaN
1.462e-07	NaN
5.5696e-08	NaN
6.0202e-08	NaN
6.4335e-08	NaN
6.8066e-08	NaN
7.1366e-08	NaN
7.4204e-08	NaN
7.6552e-08	NaN
7.838e-08	NaN
7.9657e-08	NaN
8.0356e-08	NaN
8.0445e-08	NaN
