2.2822e-08	NaN
3.2236e-08	NaN
1.5391e-07	NaN
1.7189e-07	NaN
1.8267e-07	NaN
1.8704e-07	NaN
1.8575e-07	NaN
1.7957e-07	NaN
1.693e-07	NaN
1.5568e-07	NaN
1.395e-07	NaN
1.2153e-07	NaN
1.0254e-07	NaN
8.3302e-08	NaN
6.4589e-08	NaN
4.7173e-08	NaN
3.1825e-08	NaN
1.9318e-08	NaN
1.0425e-08	NaN
5.7387e-09	NaN
4.8614e-09	NaN
7.0503e-09	NaN
1.1562e-08	NaN
1.7655e-08	NaN
2.4584e-08	NaN
3.1608e-08	NaN
3.7983e-08	NaN
4.3051e-08	NaN
4.6714e-08	NaN
4.9105e-08	NaN
5.0355e-08	NaN
5.0596e-08	NaN
4.996e-08	NaN
4.8579e-08	NaN
4.6583e-08	NaN
4.4116e-08	NaN
4.1389e-08	NaN
3.8648e-08	NaN
3.6142e-08	NaN
3.4117e-08	NaN
3.282e-08	NaN
3.2498e-08	NaN
3.3398e-08	NaN
3.5771e-08	NaN
3.9898e-08	NaN
4.6078e-08	NaN
5.461e-08	NaN
6.5794e-08	NaN
7.9929e-08	NaN
9.7314e-08	NaN
1.1825e-07	NaN
1.4303e-07	NaN
1.719e-07	NaN
2.0507e-07	NaN
2.4277e-07	NaN
2.8521e-07	NaN
3.3259e-07	NaN
3.8515e-07	NaN
4.4308e-07	NaN
5.0653e-07	NaN
5.7439e-07	NaN
6.4466e-07	NaN
7.153e-07	NaN
7.8429e-07	NaN
8.496e-07	NaN
9.092e-07	NaN
9.6106e-07	NaN
1.0032e-06	NaN
1.0347e-06	NaN
1.0555e-06	NaN
1.0656e-06	NaN
1.065e-06	NaN
1.0537e-06	NaN
1.0316e-06	NaN
9.9867e-07	NaN
9.5505e-07	NaN
9.0249e-07	NaN
8.4441e-07	NaN
7.8437e-07	NaN
7.2586e-07	NaN
6.7243e-07	NaN
6.2759e-07	NaN
5.9487e-07	NaN
5.7772e-07	NaN
5.7755e-07	NaN
5.9345e-07	NaN
6.2434e-07	NaN
6.6918e-07	NaN
7.2692e-07	NaN
7.9649e-07	NaN
8.7685e-07	NaN
9.6695e-07	NaN
1.0663e-06	NaN
1.1754e-06	NaN
1.2944e-06	NaN
1.4238e-06	NaN
1.5639e-06	NaN
1.7152e-06	NaN
1.8781e-06	NaN
2.0528e-06	NaN
2.2404e-06	NaN
2.4428e-06	NaN
2.6618e-06	NaN
2.8994e-06	NaN
3.1575e-06	NaN
3.438e-06	NaN
3.7429e-06	NaN
4.074e-06	NaN
4.4346e-06	NaN
4.83e-06	NaN
5.2656e-06	NaN
5.7471e-06	NaN
6.28e-06	NaN
6.8698e-06	NaN
7.522e-06	NaN
8.2423e-06	NaN
9.0341e-06	NaN
9.8968e-06	NaN
1.0829e-05	NaN
1.1831e-05	NaN
1.29e-05	NaN
1.4035e-05	NaN
1.5236e-05	NaN
1.6501e-05	NaN
1.7829e-05	NaN
1.9215e-05	NaN
2.0654e-05	NaN
2.2143e-05	NaN
2.3677e-05	NaN
2.525e-05	NaN
2.6859e-05	NaN
2.85e-05	NaN
3.0181e-05	NaN
3.1949e-05	NaN
3.3858e-05	NaN
3.5962e-05	NaN
3.8315e-05	NaN
4.097e-05	NaN
4.3982e-05	NaN
4.7404e-05	NaN
5.1311e-05	NaN
5.5845e-05	NaN
6.1163e-05	NaN
6.7422e-05	NaN
7.4779e-05	NaN
8.3391e-05	NaN
9.3414e-05	NaN
0.00010501	NaN
0.00011832	NaN
0.0001335	NaN
0.00015069	NaN
0.00017004	NaN
0.00019167	NaN
0.00021574	NaN
0.00024239	NaN
0.00027175	NaN
0.00030393	NaN
0.00033879	NaN
0.00037614	NaN
0.00041579	NaN
0.00045754	NaN
0.0005012	NaN
0.00054658	NaN
0.00059348	NaN
0.00064167	NaN
0.00069067	NaN
0.00073993	NaN
0.00078889	NaN
0.000837	NaN
0.00088371	NaN
0.00092846	NaN
0.00097069	NaN
0.0010099	NaN
0.001046	NaN
0.0010789	NaN
0.0011085	NaN
0.001135	NaN
0.0011583	NaN
0.0011783	NaN
0.0011951	NaN
0.0012086	NaN
0.0012188	NaN
0.0012256	NaN
0.0012289	NaN
0.0012287	NaN
0.0012249	NaN
0.0012175	NaN
0.0012063	NaN
0.0011913	NaN
0.0011724	NaN
0.0011495	NaN
0.0011225	NaN
0.0010914	NaN
0.0010561	NaN
0.0010164	NaN
0.00097223	NaN
0.00092363	NaN
0.0008712	NaN
0.00081598	NaN
0.00075901	NaN
0.00070135	NaN
0.00064405	NaN
0.00058815	NaN
0.0005347	NaN
0.00048471	NaN
0.00043858	NaN
0.00039625	NaN
0.00035767	NaN
0.00032278	NaN
0.00029153	NaN
0.00026386	NaN
0.00023972	NaN
0.00021903	NaN
0.0002015	NaN
0.00018661	NaN
0.00017386	NaN
0.00016275	NaN
0.00015277	NaN
0.0001434	NaN
0.00013415	NaN
0.00012452	NaN
0.00011437	NaN
0.0001039	NaN
9.3331e-05	NaN
8.2866e-05	NaN
7.2722e-05	NaN
6.3114e-05	NaN
5.4255e-05	NaN
4.6356e-05	NaN
3.9511e-05	NaN
3.3693e-05	NaN
2.8863e-05	NaN
2.4986e-05	NaN
2.2026e-05	NaN
1.9945e-05	NaN
1.8707e-05	NaN
1.8275e-05	NaN
1.8587e-05	NaN
1.9545e-05	NaN
2.1053e-05	NaN
2.3011e-05	NaN
2.5322e-05	NaN
2.7887e-05	NaN
3.0608e-05	NaN
3.3388e-05	NaN
3.6157e-05	NaN
3.8886e-05	NaN
4.1549e-05	NaN
4.4123e-05	NaN
4.6581e-05	NaN
4.8899e-05	NaN
5.1052e-05	NaN
5.3015e-05	NaN
5.4765e-05	NaN
5.6289e-05	NaN
5.7572e-05	NaN
5.86e-05	NaN
5.9359e-05	NaN
5.9833e-05	NaN
6.001e-05	NaN
5.9875e-05	NaN
5.942e-05	NaN
5.8653e-05	NaN
5.7581e-05	NaN
5.6214e-05	NaN
5.4558e-05	NaN
5.2624e-05	NaN
5.0419e-05	NaN
4.7951e-05	NaN
4.5243e-05	NaN
4.2347e-05	NaN
3.9319e-05	NaN
3.6217e-05	NaN
3.3098e-05	NaN
3.0019e-05	NaN
2.7036e-05	NaN
2.4207e-05	NaN
2.1577e-05	NaN
1.9163e-05	NaN
1.6976e-05	NaN
1.5026e-05	NaN
1.3324e-05	NaN
1.1882e-05	NaN
1.0709e-05	NaN
9.8178e-06	NaN
9.2119e-06	NaN
8.8761e-06	NaN
8.791e-06	NaN
8.937e-06	NaN
9.2947e-06	NaN
9.8446e-06	NaN
1.0567e-05	NaN
1.1443e-05	NaN
1.2458e-05	NaN
1.3619e-05	NaN
1.4938e-05	NaN
1.6427e-05	NaN
1.8098e-05	NaN
1.9963e-05	NaN
2.2035e-05	NaN
2.4324e-05	NaN
2.6828e-05	NaN
2.9483e-05	NaN
3.2205e-05	NaN
3.491e-05	NaN
3.7515e-05	NaN
3.9936e-05	NaN
4.209e-05	NaN
4.3894e-05	NaN
4.5282e-05	NaN
4.6287e-05	NaN
4.6972e-05	NaN
4.7401e-05	NaN
4.764e-05	NaN
4.7751e-05	NaN
4.7798e-05	NaN
4.7847e-05	NaN
4.7944e-05	NaN
4.8026e-05	NaN
4.7988e-05	NaN
4.7724e-05	NaN
4.7128e-05	NaN
4.6097e-05	NaN
4.4523e-05	NaN
4.2302e-05	NaN
3.935e-05	NaN
3.5744e-05	NaN
3.1634e-05	NaN
2.7169e-05	NaN
2.2501e-05	NaN
1.778e-05	NaN
1.3157e-05	NaN
8.7807e-06	NaN
4.9073e-06	NaN
2.7325e-06	NaN
3.9498e-06	NaN
1.0257e-05	NaN
2.3353e-05	NaN
4.4935e-05	NaN
7.6701e-05	NaN
0.00012035	NaN
0.00017759	NaN
0.00025022	NaN
0.0003401	NaN
0.0004491	NaN
0.00057907	NaN
0.00073187	NaN
0.00090938	NaN
0.0011134	NaN
0.0013459	NaN
0.0016076	NaN
0.0018991	NaN
0.0022206	NaN
0.0025726	NaN
0.0029553	NaN
0.0033692	NaN
0.0038147	NaN
0.0042919	NaN
0.0048	NaN
0.005337	NaN
0.0059009	NaN
0.0064896	NaN
0.0071011	NaN
0.0077334	NaN
0.0083845	NaN
0.0090523	NaN
0.0097322	NaN
0.010417	NaN
0.0111	NaN
0.011775	NaN
0.012433	NaN
0.013069	NaN
0.013675	NaN
0.014243	NaN
0.01477	NaN
0.015249	NaN
0.015677	NaN
0.016049	NaN
0.016361	NaN
0.016609	NaN
0.016788	NaN
0.016894	NaN
0.016925	NaN
0.016884	NaN
0.016773	NaN
0.016593	NaN
0.016349	NaN
0.016041	NaN
0.015672	NaN
0.015244	NaN
0.014763	NaN
0.014236	NaN
0.013672	NaN
0.013078	NaN
0.012465	NaN
0.011839	NaN
0.01121	NaN
0.010585	NaN
0.009972	NaN
0.0093746	NaN
0.0087967	NaN
0.0082419	NaN
0.0077141	NaN
0.0072171	NaN
0.0067547	NaN
0.0063305	NaN
0.0059464	NaN
0.0055997	NaN
0.0052876	NaN
0.0050071	NaN
0.0047553	NaN
0.0045292	NaN
0.0043259	NaN
0.0041424	NaN
0.0039761	NaN
0.0038254	NaN
0.0036886	NaN
0.0035643	NaN
0.0034509	NaN
0.0033467	NaN
0.0032503	NaN
0.0031601	NaN
0.0030749	NaN
0.0029949	NaN
0.0029203	NaN
0.0028513	NaN
0.0027883	NaN
0.0027315	NaN
0.0026813	NaN
0.0026378	NaN
0.0026002	NaN
0.0025638	NaN
0.0025232	NaN
0.0024732	NaN
0.0024082	NaN
0.0023229	NaN
0.0022119	NaN
0.0020699	NaN
0.0018947	NaN
0.0016964	NaN
0.0014879	NaN
0.001282	NaN
0.0010918	NaN
0.00093009	NaN
0.00080976	NaN
0.00074374	NaN
0.00074719	NaN
0.00084537	NaN
0.0010663	NaN
0.0014379	NaN
0.0019881	NaN
0.0027451	NaN
0.0037368	NaN
0.0049912	NaN
0.006539	NaN
0.0084254	NaN
0.0107	NaN
0.013414	NaN
0.016616	NaN
0.020356	NaN
0.024683	NaN
0.029649	NaN
0.035305	NaN
0.041716	NaN
0.04895	NaN
0.057078	NaN
0.06617	NaN
0.076293	NaN
0.08752	NaN
0.099917	NaN
0.11355	-0.69501
0.12839	-0.68395
0.14438	-0.67186
0.16148	-0.65889
0.17962	-0.64517
0.19876	-0.63083
0.21884	-0.616
0.2398	-0.60081
0.26159	-0.5854
0.28419	-0.56975
0.3076	-0.5538
0.3318	-0.5375
0.35678	-0.52078
0.38255	-0.50357
0.40909	-0.48583
0.43639	-0.46747
0.46444	-0.44845
0.49315	-0.42882
0.52239	-0.40866
0.55201	-0.38808
0.5819	-0.36718
0.61191	-0.34604
0.6419	-0.32478
0.67175	-0.30349
0.70131	-0.28226
0.73042	-0.26118
0.75888	-0.24028
0.78652	-0.21964
0.81313	-0.19931
0.83853	-0.17934
0.86253	-0.1598
0.88493	-0.14072
0.90556	-0.12219
0.9243	-0.10429
0.9411	-0.087155
0.9559	-0.070926
0.96865	-0.055734
0.97931	-0.041714
0.98781	-0.029
0.9941	-0.017727
0.99815	-0.0080265
1	0
0.99983	0.0062817
0.9978	0.010749
0.99407	0.013331
0.98882	0.013959
0.98221	0.012563
0.97441	0.0090724
0.96558	0.0034193
0.95586	-0.0044275
0.94534	-0.014459
0.93413	-0.026664
0.92232	-0.041031
0.91002	-0.05755
0.89731	-0.07621
0.8843	-0.096999
0.87108	-0.11991
0.85762	-0.14493
0.84373	-0.17207
0.82921	-0.20133
0.81386	-0.23271
0.79747	-0.26622
0.77986	-0.30187
0.76082	-0.33965
0.74015	-0.37957
0.71778	-0.42152
0.69382	-0.46524
0.6684	-0.51047
0.64162	-0.55693
0.61362	-0.60434
0.58451	-0.65245
0.55442	-0.70098
0.52347	-0.74965
0.49185	-0.79854
0.45986	-0.84822
0.42782	-0.89933
0.39603	-0.95252
0.36483	-1.0084
0.33451	-1.0677
0.30539	-1.1309
0.27779	-1.1988
0.25192	-1.271
0.22781	-1.3455
0.20546	-1.4199
0.18487	-1.492
0.16605	-1.5596
0.14901	-1.6203
0.13375	-1.6718
0.12027	-1.712
0.10854	-1.7415
0.098444	NaN
0.089842	NaN
0.082605	NaN
0.0766	NaN
0.071696	NaN
0.067759	NaN
0.064657	NaN
0.062276	NaN
0.060545	NaN
0.0594	NaN
0.05878	NaN
0.058621	NaN
0.05886	NaN
0.059434	NaN
0.06028	NaN
0.06134	NaN
0.062566	NaN
0.063913	NaN
0.065336	NaN
0.066792	NaN
0.068234	NaN
0.069619	NaN
0.070902	NaN
0.072037	NaN
0.072982	NaN
0.073694	NaN
0.074129	NaN
0.074244	NaN
0.073996	NaN
0.073343	NaN
0.07224	NaN
0.070658	NaN
0.068621	NaN
0.066168	NaN
0.063338	NaN
0.06017	NaN
0.056704	NaN
0.052978	NaN
0.049032	NaN
0.044908	NaN
0.040667	NaN
0.036373	NaN
0.032093	NaN
0.027892	NaN
0.023835	NaN
0.019988	NaN
0.016417	NaN
0.01318	NaN
0.010295	NaN
0.0077628	NaN
0.0055853	NaN
0.0037645	NaN
0.0023018	NaN
0.0011991	NaN
0.00045806	NaN
7.5378e-05	NaN
1.2156e-05	NaN
0.00021401	NaN
0.00062648	NaN
0.0011951	NaN
0.0018655	NaN
0.0025832	NaN
0.0032937	NaN
0.003946	NaN
0.0045186	NaN
0.0050048	NaN
0.0053981	NaN
0.0056918	NaN
0.0058794	NaN
0.0059545	NaN
0.0059104	NaN
0.0057424	NaN
0.0054642	NaN
0.0051004	NaN
0.0046758	NaN
0.004215	NaN
0.003743	NaN
0.0032843	NaN
0.0028638	NaN
0.0025047	NaN
0.0022124	NaN
0.00198	NaN
0.0018003	NaN
0.0016662	NaN
0.0015704	NaN
0.0015058	NaN
0.0014654	NaN
0.0014419	NaN
0.0014307	NaN
0.0014287	NaN
0.001433	NaN
0.0014406	NaN
0.0014485	NaN
0.0014538	NaN
0.0014534	NaN
0.0014445	NaN
0.0014265	NaN
0.0014007	NaN
0.0013687	NaN
0.0013318	NaN
0.0012916	NaN
0.0012495	NaN
0.001207	NaN
0.0011655	NaN
0.0011268	NaN
0.0010927	NaN
0.0010651	NaN
0.0010461	NaN
0.0010374	NaN
0.0010411	NaN
0.0010591	NaN
0.0010932	NaN
0.001144	NaN
0.0012108	NaN
0.0012925	NaN
0.0013881	NaN
0.0014967	NaN
0.0016172	NaN
0.0017488	NaN
0.0018904	NaN
0.0020405	NaN
0.0021969	NaN
0.0023572	NaN
0.0025192	NaN
0.0026805	NaN
0.0028388	NaN
0.0029917	NaN
0.0031371	NaN
0.0032735	NaN
0.0034008	NaN
0.0035191	NaN
0.0036286	NaN
0.0037293	NaN
0.0038214	NaN
0.0039049	NaN
0.0039799	NaN
0.0040471	NaN
0.0041079	NaN
0.0041641	NaN
0.0042172	NaN
0.004269	NaN
0.004321	NaN
0.0043748	NaN
0.0044322	NaN
0.0044941	NaN
0.0045596	NaN
0.0046279	NaN
0.0046981	NaN
0.0047692	NaN
0.0048403	NaN
0.0049105	NaN
0.0049789	NaN
0.0050446	NaN
0.0051072	NaN
0.0051665	NaN
0.0052222	NaN
0.0052738	NaN
0.005321	NaN
0.0053636	NaN
0.0054011	NaN
0.0054334	NaN
0.0054603	NaN
0.0054817	NaN
0.0054976	NaN
0.0055079	NaN
0.0055126	NaN
0.0055115	NaN
0.0055047	NaN
0.0054921	NaN
0.0054739	NaN
0.0054504	NaN
0.0054217	NaN
0.0053881	NaN
0.0053499	NaN
0.0053073	NaN
0.0052605	NaN
0.0052098	NaN
0.0051565	NaN
0.0051015	NaN
0.0050463	NaN
0.0049919	NaN
0.0049396	NaN
0.0048906	NaN
0.0048461	NaN
0.0048072	NaN
0.004774	NaN
0.0047465	NaN
0.0047247	NaN
0.0047083	NaN
0.0046975	NaN
0.004692	NaN
0.0046919	NaN
0.0046968	NaN
0.0047054	NaN
0.0047158	NaN
0.0047261	NaN
0.0047346	NaN
0.0047393	NaN
0.0047384	NaN
0.0047301	NaN
0.0047127	NaN
0.0046857	NaN
0.0046491	NaN
0.0046031	NaN
0.0045475	NaN
0.0044825	NaN
0.0044081	NaN
0.0043243	NaN
0.0042313	NaN
0.0041299	NaN
0.0040214	NaN
0.0039072	NaN
0.0037885	NaN
0.0036666	NaN
0.0035428	NaN
0.0034185	NaN
0.0032947	NaN
0.0031723	NaN
0.0030514	NaN
0.0029324	NaN
0.0028155	NaN
0.0027011	NaN
0.0025895	NaN
0.0024809	NaN
0.0023755	NaN
0.0022733	NaN
0.0021737	NaN
0.0020762	NaN
0.0019803	NaN
0.0018855	NaN
0.0017913	NaN
0.0016972	NaN
0.0016027	NaN
0.0015081	NaN
0.001414	NaN
0.0013212	NaN
0.0012304	NaN
0.0011423	NaN
0.0010577	NaN
0.00097716	NaN
0.00090151	NaN
0.00083117	NaN
0.00076638	NaN
0.00070737	NaN
0.00065435	NaN
0.00060757	NaN
0.00056723	NaN
0.00053358	NaN
0.00050681	NaN
0.00048673	NaN
0.0004727	NaN
0.00046406	NaN
0.00046016	NaN
0.00046034	NaN
0.00046396	NaN
0.00047035	NaN
0.00047887	NaN
0.00048893	NaN
0.00050006	NaN
0.00051175	NaN
0.00052354	NaN
0.00053493	NaN
0.00054543	NaN
0.00055458	NaN
0.00056188	NaN
0.00056702	NaN
0.00056991	NaN
0.00057048	NaN
0.00056866	NaN
0.00056439	NaN
0.00055758	NaN
0.00054816	NaN
0.00053608	NaN
0.00052142	NaN
0.00050454	NaN
0.0004858	NaN
0.00046559	NaN
0.00044428	NaN
0.00042225	NaN
0.00039987	NaN
0.00037752	NaN
0.00035546	NaN
0.00033377	NaN
0.00031251	NaN
0.00029172	NaN
0.00027147	NaN
0.00025181	NaN
0.00023279	NaN
0.00021447	NaN
0.00019689	NaN
0.00018004	NaN
0.00016392	NaN
0.00014854	NaN
0.00013389	NaN
0.00011997	NaN
0.00010678	NaN
9.4314e-05	NaN
8.2576e-05	NaN
7.1586e-05	NaN
6.1364e-05	NaN
5.1932e-05	NaN
4.331e-05	NaN
3.552e-05	NaN
2.8582e-05	NaN
2.2517e-05	NaN
1.7327e-05	NaN
1.296e-05	NaN
9.3542e-06	NaN
6.4464e-06	NaN
4.1744e-06	NaN
2.4759e-06	NaN
1.2884e-06	NaN
5.4963e-07	NaN
1.9789e-07	NaN
1.7429e-07	NaN
4.2049e-07	NaN
8.7817e-07	NaN
1.489e-06	NaN
2.1946e-06	NaN
2.9368e-06	NaN
3.6571e-06	NaN
4.306e-06	NaN
4.8704e-06	NaN
5.3461e-06	NaN
5.7292e-06	NaN
6.0157e-06	NaN
6.2016e-06	NaN
6.2829e-06	NaN
6.2554e-06	NaN
6.118e-06	NaN
5.8813e-06	NaN
5.56e-06	NaN
5.1688e-06	NaN
4.7223e-06	NaN
4.2351e-06	NaN
3.7219e-06	NaN
3.1972e-06	NaN
2.6753e-06	NaN
2.1685e-06	NaN
1.6879e-06	NaN
1.2452e-06	NaN
8.515e-07	NaN
5.1836e-07	NaN
2.5711e-07	NaN
7.9153e-08	NaN
6.6433e-09	NaN
8.4285e-09	NaN
5.8569e-08	NaN
1.791e-07	NaN
3.3791e-07	NaN
5.1974e-07	NaN
7.0936e-07	NaN
8.915e-07	NaN
1.0521e-06	NaN
1.1872e-06	NaN
1.2973e-06	NaN
1.3833e-06	NaN
1.446e-06	NaN
1.4859e-06	NaN
1.504e-06	NaN
1.5009e-06	NaN
1.4775e-06	NaN
1.4362e-06	NaN
1.3801e-06	NaN
1.3122e-06	NaN
1.2359e-06	NaN
1.1541e-06	NaN
1.0701e-06	NaN
9.8699e-07	NaN
9.0775e-07	NaN
8.3401e-07	NaN
7.6646e-07	NaN
7.0577e-07	NaN
6.526e-07	NaN
6.0762e-07	NaN
5.715e-07	NaN
5.4492e-07	NaN
5.2842e-07	NaN
5.2097e-07	NaN
5.2035e-07	NaN
5.2428e-07	NaN
5.305e-07	NaN
5.3674e-07	NaN
5.4073e-07	NaN
5.4021e-07	NaN
5.33e-07	NaN
5.184e-07	NaN
4.9705e-07	NaN
4.6964e-07	NaN
4.3682e-07	NaN
3.9929e-07	NaN
3.5771e-07	NaN
3.1276e-07	NaN
2.6514e-07	NaN
2.1624e-07	NaN
1.681e-07	NaN
1.2279e-07	NaN
8.2403e-08	NaN
4.9013e-08	NaN
2.47e-08	NaN
1.1544e-08	NaN
1.156e-08	NaN
2.4735e-08	NaN
4.8698e-08	NaN
8.0942e-08	NaN
1.1896e-07	NaN
1.6024e-07	NaN
2.0229e-07	NaN
2.4259e-07	NaN
2.7866e-07	NaN
3.0915e-07	NaN
3.3422e-07	NaN
3.5411e-07	NaN
3.6911e-07	NaN
3.7947e-07	NaN
3.8545e-07	NaN
3.8731e-07	NaN
3.8533e-07	NaN
3.7979e-07	NaN
3.7104e-07	NaN
3.5944e-07	NaN
3.4532e-07	NaN
3.2905e-07	NaN
3.1098e-07	NaN
2.9145e-07	NaN
2.7081e-07	NaN
2.4941e-07	NaN
2.2759e-07	NaN
2.0567e-07	NaN
1.84e-07	NaN
1.629e-07	NaN
1.4271e-07	NaN
1.2376e-07	NaN
1.0639e-07	NaN
9.083e-08	NaN
7.707e-08	NaN
6.5091e-08	NaN
5.4865e-08	NaN
4.6367e-08	NaN
3.957e-08	NaN
3.4449e-08	NaN
3.0977e-08	NaN
2.9047e-08	NaN
2.835e-08	NaN
2.8548e-08	NaN
2.9302e-08	NaN
3.0274e-08	NaN
3.1125e-08	NaN
3.1517e-08	NaN
3.1111e-08	NaN
2.9697e-08	NaN
2.7432e-08	NaN
2.4543e-08	NaN
2.1253e-08	NaN
1.7786e-08	NaN
1.4368e-08	NaN
1.1222e-08	NaN
8.5741e-09	NaN
6.6478e-09	NaN
5.6679e-09	NaN
5.8588e-09	NaN
7.4452e-09	NaN
1.0652e-08	NaN
1.5702e-08	NaN
