1.0302e-07	NaN
9.2516e-08	NaN
8.2088e-08	NaN
7.1864e-08	NaN
6.197e-08	NaN
5.2531e-08	NaN
4.3673e-08	NaN
3.5519e-08	NaN
2.8196e-08	NaN
2.1828e-08	NaN
1.654e-08	NaN
1.2458e-08	NaN
9.7074e-09	NaN
8.4122e-09	NaN
8.678e-09	NaN
1.0497e-08	NaN
1.3824e-08	NaN
1.8613e-08	NaN
2.4816e-08	NaN
3.2389e-08	NaN
4.1285e-08	NaN
5.1457e-08	NaN
6.2815e-08	NaN
7.4974e-08	NaN
8.7428e-08	NaN
9.9671e-08	NaN
1.112e-07	NaN
1.215e-07	NaN
1.3008e-07	NaN
1.3642e-07	NaN
1.4012e-07	NaN
1.4151e-07	NaN
1.4126e-07	NaN
1.4005e-07	NaN
1.3858e-07	NaN
1.3753e-07	NaN
1.3758e-07	NaN
1.3941e-07	NaN
1.4359e-07	NaN
1.4971e-07	NaN
1.5677e-07	NaN
1.6378e-07	NaN
1.6975e-07	NaN
1.7368e-07	NaN
1.7457e-07	NaN
1.7145e-07	NaN
1.6344e-07	NaN
1.5125e-07	NaN
1.3659e-07	NaN
1.2116e-07	NaN
1.067e-07	NaN
9.4906e-08	NaN
8.7508e-08	NaN
8.6223e-08	NaN
9.2647e-08	NaN
1.067e-07	NaN
1.2705e-07	NaN
1.5233e-07	NaN
1.8118e-07	NaN
2.1225e-07	NaN
2.4417e-07	NaN
2.7558e-07	NaN
3.0515e-07	NaN
3.3203e-07	NaN
3.5576e-07	NaN
3.7593e-07	NaN
3.921e-07	NaN
4.0385e-07	NaN
4.1074e-07	NaN
4.1235e-07	NaN
4.0835e-07	NaN
4.0071e-07	NaN
3.9372e-07	NaN
3.9172e-07	NaN
3.9908e-07	NaN
4.2016e-07	NaN
4.5933e-07	NaN
5.2096e-07	NaN
6.0937e-07	NaN
7.2846e-07	NaN
8.8155e-07	NaN
1.0719e-06	NaN
1.3029e-06	NaN
1.5778e-06	NaN
1.8999e-06	NaN
2.2725e-06	NaN
2.6988e-06	NaN
3.1781e-06	NaN
3.7046e-06	NaN
4.2719e-06	NaN
4.8738e-06	NaN
5.5042e-06	NaN
6.1567e-06	NaN
6.8251e-06	NaN
7.5033e-06	NaN
8.1897e-06	NaN
8.8898e-06	NaN
9.6096e-06	NaN
1.0355e-05	NaN
1.1133e-05	NaN
1.1949e-05	NaN
1.2808e-05	NaN
1.3718e-05	NaN
1.4682e-05	NaN
1.5698e-05	NaN
1.6766e-05	NaN
1.7884e-05	NaN
1.9051e-05	NaN
2.0265e-05	NaN
2.1525e-05	NaN
2.283e-05	NaN
2.4182e-05	NaN
2.5588e-05	NaN
2.7058e-05	NaN
2.86e-05	NaN
3.0223e-05	NaN
3.1937e-05	NaN
3.375e-05	NaN
3.5671e-05	NaN
3.7706e-05	NaN
3.9855e-05	NaN
4.2117e-05	NaN
4.449e-05	NaN
4.6974e-05	NaN
4.9567e-05	NaN
5.2268e-05	NaN
5.5075e-05	NaN
5.7989e-05	NaN
6.101e-05	NaN
6.4137e-05	NaN
6.7372e-05	NaN
7.0716e-05	NaN
7.4168e-05	NaN
7.7731e-05	NaN
8.1404e-05	NaN
8.5205e-05	NaN
8.9206e-05	NaN
9.3491e-05	NaN
9.8145e-05	NaN
0.00010325	NaN
0.00010889	NaN
0.00011516	NaN
0.00012213	NaN
0.00012988	NaN
0.00013847	NaN
0.00014795	NaN
0.00015838	NaN
0.00016981	NaN
0.00018229	NaN
0.00019586	NaN
0.0002106	NaN
0.00022653	NaN
0.00024372	NaN
0.00026221	NaN
0.00028204	NaN
0.00030326	NaN
0.00032591	NaN
0.00035004	NaN
0.00037569	NaN
0.00040287	NaN
0.00043138	NaN
0.00046094	NaN
0.00049129	NaN
0.00052216	NaN
0.00055326	NaN
0.00058433	NaN
0.00061509	NaN
0.00064528	NaN
0.00067461	NaN
0.00070279	NaN
0.00072954	NaN
0.00075457	NaN
0.0007776	NaN
0.00079834	NaN
0.00081651	NaN
0.00083185	NaN
0.00084439	NaN
0.00085427	NaN
0.00086163	NaN
0.00086664	NaN
0.00086943	NaN
0.00087015	NaN
0.00086895	NaN
0.00086595	NaN
0.00086107	NaN
0.0008541	NaN
0.00084483	NaN
0.00083307	NaN
0.00081861	NaN
0.00080124	NaN
0.00078076	NaN
0.00075699	NaN
0.0007301	NaN
0.00070045	NaN
0.0006684	NaN
0.00063432	NaN
0.00059859	NaN
0.00056157	NaN
0.00052362	NaN
0.00048513	NaN
0.0004466	NaN
0.00040859	NaN
0.0003717	NaN
0.0003365	NaN
0.00030359	NaN
0.00027353	NaN
0.00024693	NaN
0.00022435	NaN
0.00020624	NaN
0.00019298	NaN
0.00018492	NaN
0.00018241	NaN
0.00018582	NaN
0.00019549	NaN
0.00021179	NaN
0.00023507	NaN
0.00026577	NaN
0.00030441	NaN
0.00035148	NaN
0.00040751	NaN
0.000473	NaN
0.00054847	NaN
0.00063443	NaN
0.00073137	NaN
0.00083951	NaN
0.0009587	NaN
0.0010888	NaN
0.0012297	NaN
0.0013811	NaN
0.0015431	NaN
0.0017153	NaN
0.0018977	NaN
0.0020896	NaN
0.0022899	NaN
0.0024973	NaN
0.0027108	NaN
0.002929	NaN
0.0031507	NaN
0.0033748	NaN
0.0036	NaN
0.0038252	NaN
0.0040488	NaN
0.0042697	NaN
0.0044865	NaN
0.0046977	NaN
0.0049021	NaN
0.0050983	NaN
0.0052851	NaN
0.0054609	NaN
0.0056243	NaN
0.005774	NaN
0.0059084	NaN
0.0060261	NaN
0.0061256	NaN
0.0062054	NaN
0.0062642	NaN
0.006301	NaN
0.0063162	NaN
0.00631	NaN
0.006283	NaN
0.0062356	NaN
0.0061681	NaN
0.006081	NaN
0.0059747	NaN
0.0058502	NaN
0.0057093	NaN
0.0055545	NaN
0.0053878	NaN
0.0052116	NaN
0.005028	NaN
0.0048392	NaN
0.0046476	NaN
0.0044552	NaN
0.0042641	NaN
0.0040763	NaN
0.0038939	NaN
0.0037189	NaN
0.0035533	NaN
0.0033992	NaN
0.0032586	NaN
0.0031329	NaN
0.0030222	NaN
0.002926	NaN
0.0028438	NaN
0.0027753	NaN
0.00272	NaN
0.0026774	NaN
0.0026473	NaN
0.002629	NaN
0.0026218	NaN
0.0026248	NaN
0.0026373	NaN
0.0026585	NaN
0.0026874	NaN
0.0027232	NaN
0.0027652	NaN
0.0028125	NaN
0.0028652	NaN
0.002923	NaN
0.0029861	NaN
0.0030544	NaN
0.003128	NaN
0.0032067	NaN
0.0032907	NaN
0.0033799	NaN
0.0034743	NaN
0.0035739	NaN
0.0036787	NaN
0.0037888	NaN
0.003904	NaN
0.0040245	NaN
0.0041502	NaN
0.0042811	NaN
0.0044174	NaN
0.004559	NaN
0.0047062	NaN
0.0048589	NaN
0.0050173	NaN
0.0051815	NaN
0.0053517	NaN
0.0055278	NaN
0.0057098	NaN
0.0058978	NaN
0.0060918	NaN
0.0062916	NaN
0.0064973	NaN
0.0067087	NaN
0.006926	NaN
0.0071489	NaN
0.0073766	NaN
0.0076078	NaN
0.0078412	NaN
0.0080755	NaN
0.0083094	NaN
0.0085416	NaN
0.0087709	NaN
0.0089959	NaN
0.0092151	NaN
0.0094269	NaN
0.0096296	NaN
0.0098216	NaN
0.010001	NaN
0.010167	NaN
0.010317	NaN
0.010449	NaN
0.010564	NaN
0.01066	NaN
0.010737	NaN
0.010795	NaN
0.010834	NaN
0.010852	NaN
0.01085	NaN
0.010828	NaN
0.010785	NaN
0.010722	NaN
0.01064	NaN
0.010539	NaN
0.010419	NaN
0.010282	NaN
0.010127	NaN
0.009956	NaN
0.0097687	NaN
0.0095658	NaN
0.0093482	NaN
0.0091164	NaN
0.0088712	NaN
0.0086131	NaN
0.0083427	NaN
0.0080609	NaN
0.0077686	NaN
0.0074671	NaN
0.0071579	NaN
0.0068423	NaN
0.0065218	NaN
0.0061978	NaN
0.0058716	NaN
0.0055446	NaN
0.0052182	NaN
0.0048937	NaN
0.0045723	NaN
0.0042553	NaN
0.0039439	NaN
0.0036394	NaN
0.003343	NaN
0.0030561	NaN
0.0027797	NaN
0.002515	NaN
0.002263	NaN
0.0020247	NaN
0.0018013	NaN
0.0015936	NaN
0.0014029	NaN
0.00123	NaN
0.0010753	NaN
0.00093769	NaN
0.00081579	NaN
0.00070837	NaN
0.00061416	NaN
0.0005319	NaN
0.00046032	NaN
0.00039814	NaN
0.00034432	NaN
0.00029822	NaN
0.00025927	NaN
0.00022688	NaN
0.00020048	NaN
0.00017948	NaN
0.0001633	NaN
0.00015136	NaN
0.00014338	NaN
0.00013976	NaN
0.000141	NaN
0.0001476	NaN
0.00016005	NaN
0.00017885	NaN
0.0002045	NaN
0.00023749	NaN
0.00027766	NaN
0.00032307	NaN
0.00037148	NaN
0.00042064	NaN
0.00046833	NaN
0.00051229	NaN
0.0005503	NaN
0.0005801	NaN
0.00060021	NaN
0.00061145	NaN
0.0006151	NaN
0.00061247	NaN
0.00060483	NaN
0.00059348	NaN
0.00057971	NaN
0.0005648	NaN
0.00055048	NaN
0.00054006	NaN
0.00053725	NaN
0.00054572	NaN
0.00056918	NaN
0.00061131	NaN
0.00067582	NaN
0.00076639	NaN
0.00088867	NaN
0.0010569	NaN
0.0012878	NaN
0.001598	NaN
0.0020041	NaN
0.0025227	NaN
0.0031705	NaN
0.0039641	NaN
0.0049243	NaN
0.0060936	NaN
0.0075213	NaN
0.0092569	NaN
0.01135	NaN
0.013849	NaN
0.016805	NaN
0.020266	NaN
0.024281	NaN
0.028884	NaN
0.034107	NaN
0.039982	NaN
0.04654	NaN
0.053812	NaN
0.06183	NaN
0.070625	NaN
0.080225	NaN
0.090635	NaN
0.10185	-0.5959
0.11387	-0.59539
0.12669	-0.59315
0.14029	-0.58929
0.15469	-0.58394
0.16987	-0.57719
0.18583	-0.56917
0.20259	-0.55995
0.22018	-0.54963
0.23862	-0.53828
0.25795	-0.52599
0.27819	-0.51285
0.29938	-0.49892
0.32154	-0.4843
0.3447	-0.46908
0.36881	-0.4533
0.39379	-0.43705
0.41957	-0.42037
0.44607	-0.40333
0.4732	-0.386
0.50088	-0.36842
0.52905	-0.35067
0.5576	-0.3328
0.58644	-0.31483
0.61541	-0.29679
0.64439	-0.27868
0.67323	-0.2605
0.70179	-0.24226
0.72994	-0.22398
0.75753	-0.20566
0.78443	-0.18731
0.81048	-0.16902
0.83553	-0.15093
0.85941	-0.13317
0.88196	-0.1159
0.90301	-0.099249
0.92241	-0.083361
0.93999	-0.068379
0.95559	-0.054443
0.96907	-0.041686
0.98029	-0.030236
0.98912	-0.020216
0.99544	-0.011753
0.99911	-0.0049726
1	0
0.99798	0.0030392
0.99294	0.0040218
0.98496	0.002892
0.97441	-0.00033411
0.96165	-0.0056367
0.94702	-0.012996
0.9309	-0.022392
0.91364	-0.033806
0.8956	-0.047217
0.87714	-0.062606
0.85849	-0.079969
0.83973	-0.099319
0.82091	-0.12067
0.80211	-0.14404
0.78338	-0.16945
0.76479	-0.1969
0.74641	-0.22641
0.72829	-0.25801
0.71038	-0.29161
0.69244	-0.32705
0.67421	-0.36414
0.65544	-0.4027
0.63587	-0.44253
0.61527	-0.48347
0.59337	-0.52531
0.56992	-0.56788
0.54485	-0.61129
0.51838	-0.65612
0.49076	-0.70302
0.46225	-0.75261
0.43309	-0.80552
0.40353	-0.8624
0.37382	-0.92387
0.34422	-0.99057
0.31496	-1.0623
0.28632	-1.1372
0.25853	-1.2133
0.23187	-1.2886
0.20659	-1.3611
0.18293	-1.4287
0.16116	-1.4896
0.14154	-1.5416
0.1242	-1.5858
0.10904	-1.6294
0.095924	NaN
0.084708	NaN
0.075255	NaN
0.067423	NaN
0.061073	NaN
0.056065	NaN
0.052263	NaN
0.049539	NaN
0.047767	NaN
0.046821	NaN
0.046574	NaN
0.0469	NaN
0.047673	NaN
0.048767	NaN
0.050074	NaN
0.051544	NaN
0.053138	NaN
0.054817	NaN
0.056542	NaN
0.058275	NaN
0.059976	NaN
0.061606	NaN
0.06313	NaN
0.064528	NaN
0.065782	NaN
0.066874	NaN
0.067787	NaN
0.068504	NaN
0.069008	NaN
0.06928	NaN
0.069305	NaN
0.069081	NaN
0.068607	NaN
0.067881	NaN
0.066904	NaN
0.065675	NaN
0.064193	NaN
0.062457	NaN
0.060471	NaN
0.058251	NaN
0.055822	NaN
0.053206	NaN
0.050427	NaN
0.047507	NaN
0.04447	NaN
0.041338	NaN
0.038137	NaN
0.034901	NaN
0.031668	NaN
0.028475	NaN
0.025362	NaN
0.022365	NaN
0.019523	NaN
0.016875	NaN
0.014454	NaN
0.012271	NaN
0.010328	NaN
0.0086251	NaN
0.0071626	NaN
0.0059414	NaN
0.0049622	NaN
0.0042255	NaN
0.0037302	NaN
0.0034589	NaN
0.0033864	NaN
0.0034871	NaN
0.0037358	NaN
0.0041069	NaN
0.004575	NaN
0.0051147	NaN
0.005701	NaN
0.0063136	NaN
0.0069346	NaN
0.0075464	NaN
0.0081314	NaN
0.0086717	NaN
0.0091498	NaN
0.009548	NaN
0.0098495	NaN
0.01005	NaN
0.010154	NaN
0.010165	NaN
0.010088	NaN
0.0099275	NaN
0.0096872	NaN
0.0093717	NaN
0.0089856	NaN
0.0085375	NaN
0.0080393	NaN
0.0075029	NaN
0.0069404	NaN
0.0063635	NaN
0.0057844	NaN
0.0052149	NaN
0.0046668	NaN
0.0041467	NaN
0.0036565	NaN
0.003198	NaN
0.0027732	NaN
0.0023837	NaN
0.0020314	NaN
0.0017182	NaN
0.0014458	NaN
0.0012134	NaN
0.0010183	NaN
0.00085705	NaN
0.00072666	NaN
0.00062395	NaN
0.00054575	NaN
0.00048893	NaN
0.00045034	NaN
0.00042719	NaN
0.00041709	NaN
0.00041769	NaN
0.00042665	NaN
0.00044161	NaN
0.00046021	NaN
0.00048011	NaN
0.00049897	NaN
0.00051526	NaN
0.00052861	NaN
0.00053873	NaN
0.00054532	NaN
0.00054809	NaN
0.00054674	NaN
0.00054099	NaN
0.00053054	NaN
0.00051553	NaN
0.00049679	NaN
0.00047518	NaN
0.0004516	NaN
0.00042692	NaN
0.00040203	NaN
0.0003778	NaN
0.00035512	NaN
0.00033459	NaN
0.00031626	NaN
0.00030013	NaN
0.00028619	NaN
0.00027446	NaN
0.00026492	NaN
0.00025758	NaN
0.00025244	NaN
0.0002494	NaN
0.00024821	NaN
0.00024856	NaN
0.00025018	NaN
0.00025275	NaN
0.00025599	NaN
0.00025962	NaN
0.00026332	NaN
0.00026687	NaN
0.00027018	NaN
0.00027316	NaN
0.00027575	NaN
0.00027787	NaN
0.00027945	NaN
0.00028043	NaN
0.00028071	NaN
0.00028026	NaN
0.00027906	NaN
0.00027713	NaN
0.00027445	NaN
0.00027104	NaN
0.0002669	NaN
0.00026203	NaN
0.00025645	NaN
0.00025015	NaN
0.00024318	NaN
0.0002356	NaN
0.00022745	NaN
0.00021877	NaN
0.00020962	NaN
0.00020004	NaN
0.00019008	NaN
0.0001798	NaN
0.00016923	NaN
0.00015844	NaN
0.00014746	NaN
0.00013635	NaN
0.00012516	NaN
0.00011394	NaN
0.00010274	NaN
9.1613e-05	NaN
8.0709e-05	NaN
7.0184e-05	NaN
6.0198e-05	NaN
5.0911e-05	NaN
4.2482e-05	NaN
3.5072e-05	NaN
2.8841e-05	NaN
2.3915e-05	NaN
2.0234e-05	NaN
1.7668e-05	NaN
1.6085e-05	NaN
1.5355e-05	NaN
1.5348e-05	NaN
1.5934e-05	NaN
1.6982e-05	NaN
1.837e-05	NaN
2.0028e-05	NaN
2.1911e-05	NaN
2.3975e-05	NaN
2.6172e-05	NaN
2.8458e-05	NaN
3.0788e-05	NaN
3.3115e-05	NaN
3.5393e-05	NaN
3.7578e-05	NaN
3.962e-05	NaN
4.1473e-05	NaN
4.3089e-05	NaN
4.4421e-05	NaN
4.5422e-05	NaN
4.6044e-05	NaN
4.6247e-05	NaN
4.6044e-05	NaN
4.5483e-05	NaN
4.4613e-05	NaN
4.3482e-05	NaN
4.2137e-05	NaN
4.0628e-05	NaN
3.9e-05	NaN
3.7303e-05	NaN
3.5563e-05	NaN
3.3797e-05	NaN
3.2022e-05	NaN
3.0253e-05	NaN
2.8508e-05	NaN
2.6802e-05	NaN
2.5151e-05	NaN
2.3571e-05	NaN
2.2063e-05	NaN
2.0619e-05	NaN
1.9227e-05	NaN
1.7879e-05	NaN
1.6565e-05	NaN
1.5276e-05	NaN
1.4002e-05	NaN
1.2733e-05	NaN
1.1474e-05	NaN
1.0237e-05	NaN
9.0371e-06	NaN
7.8875e-06	NaN
6.8024e-06	NaN
5.7959e-06	NaN
4.882e-06	NaN
4.0742e-06	NaN
3.3754e-06	NaN
2.7773e-06	NaN
2.2711e-06	NaN
1.8482e-06	NaN
1.4998e-06	NaN
1.2171e-06	NaN
9.9131e-07	NaN
8.1395e-07	NaN
6.8106e-07	NaN
5.9432e-07	NaN
5.5577e-07	NaN
5.674e-07	NaN
6.3124e-07	NaN
7.4931e-07	NaN
9.2361e-07	NaN
1.1562e-06	NaN
1.4524e-06	NaN
1.8216e-06	NaN
2.2736e-06	NaN
2.8183e-06	NaN
3.4654e-06	NaN
4.2249e-06	NaN
5.1064e-06	NaN
6.1198e-06	NaN
7.2666e-06	NaN
8.536e-06	NaN
9.9158e-06	NaN
1.1394e-05	NaN
1.2958e-05	NaN
1.4597e-05	NaN
1.6297e-05	NaN
1.8048e-05	NaN
1.9819e-05	NaN
2.1551e-05	NaN
2.318e-05	NaN
2.4644e-05	NaN
2.588e-05	NaN
2.6823e-05	NaN
2.7411e-05	NaN
2.7581e-05	NaN
2.7304e-05	NaN
2.6631e-05	NaN
2.5619e-05	NaN
2.4327e-05	NaN
2.2814e-05	NaN
2.1139e-05	NaN
1.9359e-05	NaN
1.7534e-05	NaN
1.5713e-05	NaN
1.3918e-05	NaN
1.2171e-05	NaN
1.049e-05	NaN
8.8961e-06	NaN
7.4091e-06	NaN
6.0486e-06	NaN
4.8346e-06	NaN
3.7813e-06	NaN
2.8857e-06	NaN
2.1416e-06	NaN
1.5431e-06	NaN
1.0839e-06	NaN
7.5814e-07	NaN
5.5961e-07	NaN
4.8225e-07	NaN
5.1672e-07	NaN
6.4241e-07	NaN
8.3625e-07	NaN
1.0752e-06	NaN
1.3361e-06	NaN
1.596e-06	NaN
1.8317e-06	NaN
2.0202e-06	NaN
2.1439e-06	NaN
2.2071e-06	NaN
2.2198e-06	NaN
2.1921e-06	NaN
2.1341e-06	NaN
2.0557e-06	NaN
1.967e-06	NaN
1.8781e-06	NaN
1.7984e-06	NaN
1.7346e-06	NaN
1.6928e-06	NaN
1.6788e-06	NaN
1.6986e-06	NaN
1.7581e-06	NaN
1.8633e-06	NaN
2.02e-06	NaN
2.2323e-06	NaN
2.4928e-06	NaN
2.7899e-06	NaN
3.1123e-06	NaN
3.4487e-06	NaN
3.7874e-06	NaN
4.1171e-06	NaN
4.4265e-06	NaN
4.7048e-06	NaN
4.9469e-06	NaN
5.1499e-06	NaN
5.311e-06	NaN
5.4272e-06	NaN
5.4957e-06	NaN
5.5135e-06	NaN
5.4779e-06	NaN
5.3868e-06	NaN
5.2447e-06	NaN
5.0594e-06	NaN
4.839e-06	NaN
4.5912e-06	NaN
4.3238e-06	NaN
4.0448e-06	NaN
3.762e-06	NaN
3.4828e-06	NaN
3.2103e-06	NaN
2.9452e-06	NaN
2.6881e-06	NaN
2.4396e-06	NaN
2.2003e-06	NaN
1.9709e-06	NaN
1.7519e-06	NaN
1.5441e-06	NaN
1.3486e-06	NaN
1.1668e-06	NaN
1.0002e-06	NaN
8.502e-07	NaN
7.1828e-07	NaN
6.0588e-07	NaN
5.1445e-07	NaN
4.4525e-07	NaN
3.9687e-07	NaN
3.6587e-07	NaN
3.4873e-07	NaN
3.4198e-07	NaN
3.421e-07	NaN
3.4561e-07	NaN
3.49e-07	NaN
3.4897e-07	NaN
3.4569e-07	NaN
3.4237e-07	NaN
3.4234e-07	NaN
3.4892e-07	NaN
3.6541e-07	NaN
3.9515e-07	NaN
4.4146e-07	NaN
5.0746e-07	NaN
5.9214e-07	NaN
6.9028e-07	NaN
7.9645e-07	NaN
9.0524e-07	NaN
1.0112e-06	NaN
1.109e-06	NaN
1.1932e-06	NaN
1.2584e-06	NaN
1.3021e-06	NaN
1.325e-06	NaN
1.328e-06	NaN
1.3119e-06	NaN
1.2778e-06	NaN
1.2263e-06	NaN
1.1585e-06	NaN
1.0753e-06	NaN
9.7869e-07	NaN
8.7258e-07	NaN
7.6083e-07	NaN
6.4735e-07	NaN
5.3603e-07	NaN
4.3077e-07	NaN
3.3548e-07	NaN
2.5403e-07	NaN
1.8819e-07	NaN
1.3649e-07	NaN
9.7171e-08	NaN
6.8481e-08	NaN
4.866e-08	NaN
3.5952e-08	NaN
2.8601e-08	NaN
2.4854e-08	NaN
2.3491e-08	NaN
2.4247e-08	NaN
2.696e-08	NaN
3.1467e-08	NaN
3.7606e-08	NaN
4.5215e-08	NaN
5.413e-08	NaN
6.4189e-08	NaN
7.5129e-08	NaN
8.6478e-08	NaN
9.7737e-08	NaN
1.0841e-07	NaN
1.1799e-07	NaN
1.2599e-07	NaN
1.3191e-07	NaN
1.3524e-07	NaN
1.3573e-07	NaN
1.337e-07	NaN
1.2955e-07	NaN
1.2368e-07	NaN
1.1652e-07	NaN
1.0845e-07	NaN
9.9902e-08	NaN
9.1266e-08	NaN
8.2902e-08	NaN
7.502e-08	NaN
6.7801e-08	NaN
6.1427e-08	NaN
5.608e-08	NaN
5.1942e-08	NaN
4.9195e-08	NaN
4.8021e-08	NaN
4.8603e-08	NaN
5.1121e-08	NaN
5.5759e-08	NaN
6.2697e-08	NaN
7.2119e-08	NaN
8.4206e-08	NaN
9.914e-08	NaN
1.171e-07	NaN
1.3377e-07	NaN
1.2378e-07	NaN
1.1349e-07	NaN
