3.1347e-07	NaN
3.0642e-07	NaN
2.9693e-07	NaN
2.8555e-07	NaN
2.728e-07	NaN
2.592e-07	NaN
2.4529e-07	NaN
2.316e-07	NaN
2.1866e-07	NaN
2.0698e-07	NaN
1.9712e-07	NaN
1.8958e-07	NaN
1.8491e-07	NaN
1.8362e-07	NaN
1.8607e-07	NaN
1.9161e-07	NaN
1.9923e-07	NaN
2.0793e-07	NaN
2.1669e-07	NaN
2.2453e-07	NaN
2.3043e-07	NaN
2.334e-07	NaN
2.3256e-07	NaN
2.2802e-07	NaN
2.2024e-07	NaN
2.097e-07	NaN
1.9687e-07	NaN
1.8223e-07	NaN
1.6625e-07	NaN
1.4941e-07	NaN
1.3217e-07	NaN
1.1493e-07	NaN
9.8019e-08	NaN
8.1796e-08	NaN
6.6608e-08	NaN
5.2802e-08	NaN
4.0727e-08	NaN
3.0731e-08	NaN
2.3116e-08	NaN
1.7743e-08	NaN
1.4231e-08	NaN
1.2196e-08	NaN
1.1253e-08	NaN
1.1019e-08	NaN
1.1108e-08	NaN
1.1137e-08	NaN
1.0772e-08	NaN
1.0264e-08	NaN
1.0234e-08	NaN
1.1314e-08	NaN
1.4132e-08	NaN
1.9318e-08	NaN
2.7501e-08	NaN
3.9311e-08	NaN
5.5327e-08	NaN
7.541e-08	NaN
9.8888e-08	NaN
1.2508e-07	NaN
1.533e-07	NaN
1.8286e-07	NaN
2.1309e-07	NaN
2.4329e-07	NaN
2.7281e-07	NaN
3.0135e-07	NaN
3.2892e-07	NaN
3.5556e-07	NaN
3.8128e-07	NaN
4.0612e-07	NaN
4.301e-07	NaN
4.5325e-07	NaN
4.7562e-07	NaN
4.9786e-07	NaN
5.2119e-07	NaN
5.4688e-07	NaN
5.7617e-07	NaN
6.1033e-07	NaN
6.5059e-07	NaN
6.9823e-07	NaN
7.5446e-07	NaN
8.1944e-07	NaN
8.9211e-07	NaN
9.7134e-07	NaN
1.056e-06	NaN
1.145e-06	NaN
1.2372e-06	NaN
1.3315e-06	NaN
1.4267e-06	NaN
1.5215e-06	NaN
1.6143e-06	NaN
1.7034e-06	NaN
1.7872e-06	NaN
1.864e-06	NaN
1.9322e-06	NaN
1.9901e-06	NaN
2.0362e-06	NaN
2.0719e-06	NaN
2.1032e-06	NaN
2.1367e-06	NaN
2.1788e-06	NaN
2.236e-06	NaN
2.3148e-06	NaN
2.4216e-06	NaN
2.5629e-06	NaN
2.7432e-06	NaN
2.9637e-06	NaN
3.2252e-06	NaN
3.5284e-06	NaN
3.8742e-06	NaN
4.2634e-06	NaN
4.6967e-06	NaN
5.175e-06	NaN
5.7041e-06	NaN
6.2999e-06	NaN
6.9798e-06	NaN
7.7609e-06	NaN
8.6606e-06	NaN
9.696e-06	NaN
1.0884e-05	NaN
1.2243e-05	NaN
1.3803e-05	NaN
1.5628e-05	NaN
1.7787e-05	NaN
2.0347e-05	NaN
2.3377e-05	NaN
2.6947e-05	NaN
3.1123e-05	NaN
3.5976e-05	NaN
4.1559e-05	NaN
4.7889e-05	NaN
5.4977e-05	NaN
6.2831e-05	NaN
7.1462e-05	NaN
8.088e-05	NaN
9.1095e-05	NaN
0.00010212	NaN
0.00011396	NaN
0.00012662	NaN
0.00014014	NaN
0.0001545	NaN
0.00016974	NaN
0.00018587	NaN
0.00020289	NaN
0.00022082	NaN
0.00023964	NaN
0.00025921	NaN
0.00027935	NaN
0.00029987	NaN
0.00032062	NaN
0.0003414	NaN
0.00036205	NaN
0.00038238	NaN
0.00040222	NaN
0.00042136	NaN
0.00043962	NaN
0.0004568	NaN
0.00047269	NaN
0.0004871	NaN
0.00049983	NaN
0.00051068	NaN
0.00051949	NaN
0.00052634	NaN
0.00053136	NaN
0.00053469	NaN
0.00053649	NaN
0.00053689	NaN
0.00053604	NaN
0.00053407	NaN
0.00053117	NaN
0.0005277	NaN
0.0005241	NaN
0.00052082	NaN
0.0005183	NaN
0.00051699	NaN
0.00051732	NaN
0.00051974	NaN
0.00052465	NaN
0.00053204	NaN
0.00054172	NaN
0.00055352	NaN
0.00056723	NaN
0.00058268	NaN
0.00059967	NaN
0.00061802	NaN
0.00063755	NaN
0.00065805	NaN
0.00067933	NaN
0.00070119	NaN
0.00072344	NaN
0.00074587	NaN
0.00076828	NaN
0.00079049	NaN
0.0008123	NaN
0.00083375	NaN
0.000855	NaN
0.0008762	NaN
0.00089752	NaN
0.00091911	NaN
0.00094114	NaN
0.00096377	NaN
0.00098716	NaN
0.0010115	NaN
0.0010368	NaN
0.0010633	NaN
0.0010912	NaN
0.0011206	NaN
0.0011516	NaN
0.0011843	NaN
0.001219	NaN
0.0012555	NaN
0.0012937	NaN
0.0013333	NaN
0.001374	NaN
0.0014158	NaN
0.0014583	NaN
0.0015013	NaN
0.0015447	NaN
0.0015882	NaN
0.0016319	NaN
0.0016756	NaN
0.0017193	NaN
0.001763	NaN
0.0018066	NaN
0.00185	NaN
0.0018932	NaN
0.0019363	NaN
0.0019799	NaN
0.0020244	NaN
0.0020702	NaN
0.0021179	NaN
0.0021678	NaN
0.0022206	NaN
0.0022766	NaN
0.0023358	NaN
0.0023979	NaN
0.0024621	NaN
0.0025281	NaN
0.0025952	NaN
0.002663	NaN
0.0027308	NaN
0.0027982	NaN
0.0028648	NaN
0.0029306	NaN
0.0029955	NaN
0.0030595	NaN
0.0031226	NaN
0.0031847	NaN
0.0032458	NaN
0.003306	NaN
0.0033652	NaN
0.0034237	NaN
0.0034816	NaN
0.0035393	NaN
0.0035969	NaN
0.0036546	NaN
0.0037127	NaN
0.0037714	NaN
0.0038305	NaN
0.0038891	NaN
0.0039462	NaN
0.0040006	NaN
0.0040515	NaN
0.0040978	NaN
0.0041384	NaN
0.0041723	NaN
0.0041988	NaN
0.0042174	NaN
0.0042279	NaN
0.0042299	NaN
0.0042234	NaN
0.0042078	NaN
0.0041831	NaN
0.0041489	NaN
0.0041053	NaN
0.0040539	NaN
0.0039964	NaN
0.0039343	NaN
0.0038695	NaN
0.0038035	NaN
0.0037381	NaN
0.0036749	NaN
0.0036154	NaN
0.0035603	NaN
0.0035102	NaN
0.0034659	NaN
0.0034277	NaN
0.0033965	NaN
0.0033727	NaN
0.0033571	NaN
0.00335	NaN
0.0033517	NaN
0.0033622	NaN
0.0033816	NaN
0.0034098	NaN
0.0034471	NaN
0.0034934	NaN
0.0035487	NaN
0.0036131	NaN
0.0036856	NaN
0.0037651	NaN
0.0038506	NaN
0.0039411	NaN
0.0040355	NaN
0.0041327	NaN
0.0042317	NaN
0.0043315	NaN
0.004432	NaN
0.0045334	NaN
0.0046356	NaN
0.0047389	NaN
0.0048434	NaN
0.0049491	NaN
0.0050561	NaN
0.0051646	NaN
0.0052742	NaN
0.0053843	NaN
0.0054944	NaN
0.0056042	NaN
0.005713	NaN
0.0058203	NaN
0.0059258	NaN
0.0060288	NaN
0.0061294	NaN
0.0062276	NaN
0.0063237	NaN
0.0064176	NaN
0.0065095	NaN
0.0065995	NaN
0.0066878	NaN
0.0067744	NaN
0.0068603	NaN
0.0069465	NaN
0.0070342	NaN
0.0071245	NaN
0.0072185	NaN
0.0073174	NaN
0.0074223	NaN
0.0075342	NaN
0.007653	NaN
0.0077775	NaN
0.007907	NaN
0.0080404	NaN
0.0081767	NaN
0.0083149	NaN
0.0084541	NaN
0.0085933	NaN
0.0087311	NaN
0.0088658	NaN
0.0089958	NaN
0.0091193	NaN
0.0092348	NaN
0.0093406	NaN
0.009435	NaN
0.0095164	NaN
0.0095829	NaN
0.0096329	NaN
0.0096646	NaN
0.0096761	NaN
0.0096656	NaN
0.0096315	NaN
0.0095718	NaN
0.0094849	NaN
0.0093701	NaN
0.0092279	NaN
0.0090586	NaN
0.0088629	NaN
0.008641	NaN
0.0083935	NaN
0.0081209	NaN
0.0078237	NaN
0.0075039	NaN
0.0071653	NaN
0.0068118	NaN
0.0064472	NaN
0.0060755	NaN
0.0057005	NaN
0.0053261	NaN
0.0049561	NaN
0.0045934	NaN
0.00424	NaN
0.0038974	NaN
0.0035676	NaN
0.0032521	NaN
0.0029527	NaN
0.0026713	NaN
0.0024094	NaN
0.0021677	NaN
0.0019452	NaN
0.0017408	NaN
0.0015533	NaN
0.0013817	NaN
0.0012246	NaN
0.0010811	NaN
0.00095	NaN
0.00083036	NaN
0.00072163	NaN
0.00062329	NaN
0.0005348	NaN
0.00045565	NaN
0.00038531	NaN
0.00032325	NaN
0.00026895	NaN
0.00022196	NaN
0.00018202	NaN
0.00014888	NaN
0.00012228	NaN
0.00010199	NaN
8.7743e-05	NaN
7.9298e-05	NaN
7.6403e-05	NaN
7.8762e-05	NaN
8.5968e-05	NaN
9.7601e-05	NaN
0.00011324	NaN
0.00013247	NaN
0.00015486	NaN
0.00017999	NaN
0.00020745	NaN
0.00023661	NaN
0.00026634	NaN
0.00029541	NaN
0.00032258	NaN
0.00034664	NaN
0.00036634	NaN
0.00038046	NaN
0.00038777	NaN
0.00038744	NaN
0.00037981	NaN
0.00036549	NaN
0.00034509	NaN
0.00031921	NaN
0.00028845	NaN
0.00025342	NaN
0.00021471	NaN
0.00017388	NaN
0.00013601	NaN
0.000107	NaN
9.2745e-05	NaN
9.9144e-05	NaN
0.0001321	NaN
0.00019751	NaN
0.00030128	NaN
0.00045083	NaN
0.00066024	NaN
0.00094546	NaN
0.0013224	NaN
0.0018071	NaN
0.0024153	NaN
0.003163	NaN
0.0040663	NaN
0.0051445	NaN
0.0064361	NaN
0.0079854	NaN
0.0098368	NaN
0.012035	NaN
0.014624	NaN
0.017648	NaN
0.021151	NaN
0.025179	NaN
0.029771	NaN
0.034968	NaN
0.040811	NaN
0.047339	NaN
0.054593	NaN
0.062612	NaN
0.071438	NaN
0.08111	NaN
0.09167	NaN
0.10316	-0.65422
0.11562	-0.64665
0.1291	-0.63861
0.14364	-0.63001
0.15927	-0.62073
0.17605	-0.61067
0.194	-0.59972
0.21312	-0.58792
0.23336	-0.57536
0.25468	-0.56213
0.27704	-0.54834
0.30041	-0.53408
0.32473	-0.51943
0.34997	-0.5045
0.37609	-0.48938
0.40294	-0.47404
0.43036	-0.45842
0.45817	-0.44244
0.48619	-0.42604
0.51425	-0.40913
0.54216	-0.39165
0.56976	-0.37352
0.59687	-0.35468
0.62344	-0.33516
0.64951	-0.31506
0.67511	-0.29451
0.70028	-0.27359
0.72504	-0.25242
0.74945	-0.2311
0.77353	-0.20974
0.7973	-0.18846
0.82068	-0.1674
0.84347	-0.14678
0.86546	-0.12679
0.88646	-0.10765
0.90627	-0.089544
0.92469	-0.07269
0.94153	-0.057288
0.95658	-0.043536
0.96966	-0.031559
0.98062	-0.021406
0.98929	-0.013125
0.99552	-0.0067655
0.99914	-0.0023744
1	0
0.99793	0.00030955
0.99278	-0.0014919
0.98464	-0.0054008
0.97385	-0.01136
0.96074	-0.01931
0.94567	-0.029191
0.929	-0.040943
0.91105	-0.054507
0.8922	-0.069823
0.87277	-0.086832
0.85301	-0.10552
0.83299	-0.12595
0.81282	-0.14816
0.79256	-0.1722
0.7723	-0.19814
0.75212	-0.22602
0.7321	-0.25589
0.71233	-0.2878
0.6928	-0.32173
0.67336	-0.3575
0.65387	-0.39495
0.63417	-0.4339
0.61414	-0.47419
0.5936	-0.51563
0.57242	-0.55807
0.55045	-0.60133
0.52763	-0.6455
0.50405	-0.69112
0.4798	-0.73875
0.45498	-0.78898
0.4297	-0.84236
0.40405	-0.89946
0.37813	-0.96087
0.35205	-1.0271
0.32594	-1.098
0.30003	-1.1714
0.27456	-1.2453
0.24978	-1.3175
0.22591	-1.3859
0.2032	-1.4483
0.18188	-1.5026
0.16219	-1.5467
0.14429	-1.5814
0.12815	-1.6146
0.11372	-1.6549
0.10095	-1.7112
0.089784	NaN
0.080174	NaN
0.072068	NaN
0.065414	NaN
0.060143	NaN
0.05614	NaN
0.053284	NaN
0.051451	NaN
0.050519	NaN
0.050367	NaN
0.050872	NaN
0.051912	NaN
0.053375	NaN
0.055186	NaN
0.057274	NaN
0.059571	NaN
0.062007	NaN
0.064512	NaN
0.067017	NaN
0.069451	NaN
0.07175	NaN
0.073863	NaN
0.07574	NaN
0.077333	NaN
0.078595	NaN
0.079477	NaN
0.079931	NaN
0.079909	NaN
0.079375	NaN
0.078351	NaN
0.076873	NaN
0.074977	NaN
0.0727	NaN
0.070076	NaN
0.067143	NaN
0.063937	NaN
0.060495	NaN
0.056859	NaN
0.053073	NaN
0.049182	NaN
0.045229	NaN
0.041258	NaN
0.037314	NaN
0.03344	NaN
0.029678	NaN
0.02606	NaN
0.022611	NaN
0.019359	NaN
0.016329	NaN
0.013547	NaN
0.011042	NaN
0.0088379	NaN
0.0069592	NaN
0.005406	NaN
0.0041688	NaN
0.003238	NaN
0.0026041	NaN
0.0022574	NaN
0.0021884	NaN
0.0023876	NaN
0.0028428	NaN
0.0035209	NaN
0.0043777	NaN
0.0053691	NaN
0.0064509	NaN
0.0075792	NaN
0.0087097	NaN
0.0097982	NaN
0.010803	NaN
0.011702	NaN
0.012487	NaN
0.013148	NaN
0.013678	NaN
0.014066	NaN
0.014304	NaN
0.014383	NaN
0.014295	NaN
0.014048	NaN
0.013661	NaN
0.013152	NaN
0.012539	NaN
0.011841	NaN
0.011076	NaN
0.010264	NaN
0.0094222	NaN
0.0085659	NaN
0.0077079	NaN
0.0068611	NaN
0.0060381	NaN
0.0052516	NaN
0.0045144	NaN
0.0038391	NaN
0.0032379	NaN
0.0027145	NaN
0.0022645	NaN
0.0018831	NaN
0.0015657	NaN
0.0013076	NaN
0.0011042	NaN
0.00095058	NaN
0.00084222	NaN
0.00077361	NaN
0.00073853	NaN
0.00073072	NaN
0.00074391	NaN
0.00077185	NaN
0.00080827	NaN
0.00084692	NaN
0.0008816	NaN
0.0009088	NaN
0.00092824	NaN
0.00093984	NaN
0.00094351	NaN
0.00093917	NaN
0.00092674	NaN
0.00090613	NaN
0.00087726	NaN
0.00084067	NaN
0.00079771	NaN
0.0007498	NaN
0.00069834	NaN
0.00064477	NaN
0.0005905	NaN
0.00053694	NaN
0.00048551	NaN
0.0004372	NaN
0.00039232	NaN
0.00035111	NaN
0.00031382	NaN
0.00028069	NaN
0.00025197	NaN
0.0002279	NaN
0.00020872	NaN
0.00019435	NaN
0.00018406	NaN
0.00017705	NaN
0.00017254	NaN
0.00016973	NaN
0.00016782	NaN
0.00016603	NaN
0.00016356	NaN
0.00015988	NaN
0.00015503	NaN
0.00014912	NaN
0.00014227	NaN
0.0001346	NaN
0.00012623	NaN
0.00011726	NaN
0.00010782	NaN
9.8033e-05	NaN
8.8078e-05	NaN
7.8133e-05	NaN
6.8376e-05	NaN
5.8987e-05	NaN
5.0146e-05	NaN
4.2033e-05	NaN
3.4825e-05	NaN
2.8647e-05	NaN
2.3452e-05	NaN
1.9162e-05	NaN
1.5697e-05	NaN
1.298e-05	NaN
1.0933e-05	NaN
9.4756e-06	NaN
8.5306e-06	NaN
8.0194e-06	NaN
7.8635e-06	NaN
7.9845e-06	NaN
8.304e-06	NaN
8.7437e-06	NaN
9.2251e-06	NaN
9.6699e-06	NaN
9.9997e-06	NaN
1.0152e-05	NaN
1.0128e-05	NaN
9.9471e-06	NaN
9.6287e-06	NaN
9.1918e-06	NaN
8.6555e-06	NaN
8.0387e-06	NaN
7.3606e-06	NaN
6.64e-06	NaN
5.8937e-06	NaN
5.1381e-06	NaN
4.3897e-06	NaN
3.6648e-06	NaN
2.9797e-06	NaN
2.3509e-06	NaN
1.7947e-06	NaN
1.3265e-06	NaN
9.547e-07	NaN
6.8568e-07	NaN
5.2563e-07	NaN
4.8078e-07	NaN
5.5734e-07	NaN
7.6154e-07	NaN
1.0996e-06	NaN
1.5765e-06	NaN
2.1889e-06	NaN
2.9297e-06	NaN
3.7918e-06	NaN
4.7682e-06	NaN
5.8519e-06	NaN
7.0357e-06	NaN
8.3127e-06	NaN
9.6725e-06	NaN
1.1076e-05	NaN
1.2471e-05	NaN
1.3803e-05	NaN
1.5021e-05	NaN
1.6071e-05	NaN
1.69e-05	NaN
1.7455e-05	NaN
1.7692e-05	NaN
1.7652e-05	NaN
1.7426e-05	NaN
1.7106e-05	NaN
1.6783e-05	NaN
1.6549e-05	NaN
1.6495e-05	NaN
1.6713e-05	NaN
1.7287e-05	NaN
1.8215e-05	NaN
1.9438e-05	NaN
2.0895e-05	NaN
2.2525e-05	NaN
2.4268e-05	NaN
2.6062e-05	NaN
2.7846e-05	NaN
2.9563e-05	NaN
3.1173e-05	NaN
3.2658e-05	NaN
3.3996e-05	NaN
3.5167e-05	NaN
3.6152e-05	NaN
3.6931e-05	NaN
3.7484e-05	NaN
3.7793e-05	NaN
3.7879e-05	NaN
3.7803e-05	NaN
3.7624e-05	NaN
3.7401e-05	NaN
3.7195e-05	NaN
3.7066e-05	NaN
3.7074e-05	NaN
3.7275e-05	NaN
3.7656e-05	NaN
3.8132e-05	NaN
3.8614e-05	NaN
3.9013e-05	NaN
3.924e-05	NaN
3.9206e-05	NaN
3.8822e-05	NaN
3.8001e-05	NaN
3.6726e-05	NaN
3.5059e-05	NaN
3.3071e-05	NaN
3.0828e-05	NaN
2.84e-05	NaN
2.5856e-05	NaN
2.3263e-05	NaN
2.0691e-05	NaN
1.819e-05	NaN
1.5788e-05	NaN
1.351e-05	NaN
1.1383e-05	NaN
9.4331e-06	NaN
7.6854e-06	NaN
6.166e-06	NaN
4.9006e-06	NaN
3.8919e-06	NaN
3.1066e-06	NaN
2.508e-06	NaN
2.0595e-06	NaN
1.7246e-06	NaN
1.4665e-06	NaN
1.2487e-06	NaN
1.0347e-06	NaN
8.0599e-07	NaN
5.7697e-07	NaN
3.6575e-07	NaN
1.9038e-07	NaN
6.8928e-08	NaN
1.9456e-08	NaN
6.0026e-08	NaN
2.0866e-07	NaN
4.7626e-07	NaN
8.5831e-07	NaN
1.3483e-06	NaN
1.9399e-06	NaN
2.6264e-06	NaN
3.4014e-06	NaN
4.2585e-06	NaN
5.1911e-06	NaN
6.1811e-06	NaN
7.1815e-06	NaN
8.1405e-06	NaN
9.0067e-06	NaN
9.7284e-06	NaN
1.0254e-05	NaN
1.0532e-05	NaN
1.051e-05	NaN
1.0163e-05	NaN
9.5399e-06	NaN
8.7035e-06	NaN
7.7167e-06	NaN
6.6427e-06	NaN
5.5444e-06	NaN
4.4848e-06	NaN
3.5269e-06	NaN
2.7191e-06	NaN
2.0593e-06	NaN
1.5343e-06	NaN
1.1311e-06	NaN
8.3644e-07	NaN
6.3723e-07	NaN
5.2033e-07	NaN
4.7261e-07	NaN
4.8181e-07	NaN
5.3917e-07	NaN
6.3683e-07	NaN
7.6693e-07	NaN
9.2161e-07	NaN
1.093e-06	NaN
1.2733e-06	NaN
1.4546e-06	NaN
1.6296e-06	NaN
1.7935e-06	NaN
1.9424e-06	NaN
2.0723e-06	NaN
2.1792e-06	NaN
2.2591e-06	NaN
2.3082e-06	NaN
2.3223e-06	NaN
2.2985e-06	NaN
2.2393e-06	NaN
2.1489e-06	NaN
2.0316e-06	NaN
1.892e-06	NaN
1.7342e-06	NaN
1.5627e-06	NaN
1.3818e-06	NaN
1.197e-06	NaN
1.0216e-06	NaN
8.7224e-07	NaN
7.654e-07	NaN
7.1768e-07	NaN
7.4565e-07	NaN
8.6589e-07	NaN
1.095e-06	NaN
1.4457e-06	NaN
1.9003e-06	NaN
2.4263e-06	NaN
2.991e-06	NaN
3.5618e-06	NaN
4.106e-06	NaN
4.591e-06	NaN
4.9841e-06	NaN
5.2556e-06	NaN
5.4033e-06	NaN
5.4407e-06	NaN
5.3815e-06	NaN
5.2394e-06	NaN
5.028e-06	NaN
4.7611e-06	NaN
4.4522e-06	NaN
4.1148e-06	NaN
3.7597e-06	NaN
3.3959e-06	NaN
3.0325e-06	NaN
2.6783e-06	NaN
2.3423e-06	NaN
2.0336e-06	NaN
1.7612e-06	NaN
1.5334e-06	NaN
1.3504e-06	NaN
1.2063e-06	NaN
1.0948e-06	NaN
1.0096e-06	NaN
9.4471e-07	NaN
8.938e-07	NaN
8.5071e-07	NaN
8.0942e-07	NaN
7.6727e-07	NaN
7.2456e-07	NaN
6.8167e-07	NaN
6.3899e-07	NaN
5.969e-07	NaN
5.5578e-07	NaN
5.1603e-07	NaN
4.7801e-07	NaN
4.4179e-07	NaN
4.0711e-07	NaN
3.7371e-07	NaN
3.413e-07	NaN
3.0964e-07	NaN
2.7844e-07	NaN
2.4744e-07	NaN
2.1638e-07	NaN
1.8542e-07	NaN
1.552e-07	NaN
1.264e-07	NaN
9.9676e-08	NaN
7.57e-08	NaN
5.5139e-08	NaN
3.8663e-08	NaN
2.6935e-08	NaN
2.0405e-08	NaN
1.9237e-08	NaN
2.3573e-08	NaN
3.3557e-08	NaN
4.9331e-08	NaN
7.104e-08	NaN
9.8825e-08	NaN
1.3282e-07	NaN
1.7237e-07	NaN
2.1562e-07	NaN
2.6059e-07	NaN
3.0533e-07	NaN
3.4787e-07	NaN
3.8623e-07	NaN
4.1845e-07	NaN
4.4257e-07	NaN
4.5752e-07	NaN
4.6385e-07	NaN
4.6225e-07	NaN
4.5346e-07	NaN
4.3817e-07	NaN
4.171e-07	NaN
3.9095e-07	NaN
3.6045e-07	NaN
3.2648e-07	NaN
2.9031e-07	NaN
2.5327e-07	NaN
2.1668e-07	NaN
1.8186e-07	NaN
1.5012e-07	NaN
1.2279e-07	NaN
1.0119e-07	NaN
8.6177e-08	NaN
7.7477e-08	NaN
7.4647e-08	NaN
7.7243e-08	NaN
8.482e-08	NaN
9.6935e-08	NaN
1.1314e-07	NaN
1.33e-07	NaN
1.5599e-07	NaN
1.8138e-07	NaN
2.0841e-07	NaN
2.3632e-07	NaN
2.6434e-07	NaN
2.9171e-07	NaN
3.1766e-07	NaN
3.4143e-07	NaN
3.6226e-07	NaN
3.7937e-07	NaN
3.9201e-07	NaN
3.9941e-07	NaN
4.0081e-07	NaN
3.9544e-07	NaN
3.8253e-07	NaN
3.6134e-07	NaN
3.1478e-07	NaN
3.1819e-07	NaN
3.1757e-07	NaN
