-1667.8	3.8053e-05	0
-1661.3	1.7819e-05	0
-1654.8	1.616e-06	0
-1648.3	4.6691e-06	0
-1641.8	6.9501e-06	0
-1635.2	6.2666e-06	0
-1628.7	3.0007e-06	0
-1622.2	1.1305e-06	0
-1615.7	2.2735e-06	0
-1609.2	2.8453e-06	0
-1602.7	3.1161e-06	0
-1596.2	3.614e-06	0
-1589.6	3.3231e-06	0
-1583.1	2.5184e-06	0
-1576.6	2.954e-06	0
-1570.1	3.8772e-06	0
-1563.6	3.3543e-06	0
-1557.1	3.112e-06	0
-1550.5	4.9154e-06	0
-1544	7.0668e-06	0
-1537.5	7.6607e-06	0
-1531	1.0409e-05	0
-1524.5	1.7385e-05	0
-1518	2.5159e-05	0
-1511.5	3.3945e-05	0
-1504.9	4.7305e-05	0
-1498.4	6.8558e-05	0
-1491.9	6.8898e-05	0
-1485.4	1.1395e-05	0
-1478.9	7.9311e-05	0
-1472.4	8.3375e-05	0
-1465.9	0.00022962	0
-1459.3	0.00019707	0
-1452.8	0.00014218	0
-1446.3	0.00017167	0
-1439.8	0.00020741	0
-1433.3	0.00023603	0
-1426.8	0.00025318	0
-1420.2	0.00026227	0
-1413.7	0.0002758	0
-1407.2	0.00029775	0
-1400.7	0.00031881	0
-1394.2	0.00033167	0
-1387.7	0.00034934	0
-1381.2	0.00038023	0
-1374.6	0.00041166	0
-1368.1	0.00043865	0
-1361.6	0.00047361	0
-1355.1	0.00052274	0
-1348.6	0.00057432	0
-1342.1	0.00062147	0
-1335.6	0.00067474	0
-1329	0.00073834	0
-1322.5	0.00079842	0
-1316	0.00084881	0
-1309.5	0.00089803	0
-1303	0.00094916	0
-1296.5	0.00099007	0
-1290	0.0010116	0
-1283.4	0.0010242	0
-1276.9	0.0010326	0
-1270.4	0.0010257	0
-1263.9	0.0009977	0
-1257.4	0.00095929	0
-1250.9	0.00091564	0
-1244.3	0.00085988	0
-1237.8	0.00079133	0
-1231.3	0.00071846	0
-1224.8	0.00064711	0
-1218.3	0.0005737	0
-1211.8	0.00049819	0
-1205.3	0.00042562	0
-1198.7	0.00036077	0
-1192.2	0.00030117	0
-1185.7	0.00024455	0
-1179.2	0.00016905	0
-1172.7	7.2487e-05	0
-1166.2	0.00010746	0
-1159.7	7.0132e-05	0
-1153.1	9.4046e-05	0
-1146.6	4.2238e-05	0
-1140.1	9.1613e-06	0
-1133.6	5.2329e-06	0
-1127.1	5.1553e-06	0
-1120.6	5.1367e-06	0
-1114	4.9913e-06	0
-1107.5	6.1986e-06	0
-1101	1.0584e-05	0
-1094.5	1.6118e-05	0
-1088	2.0992e-05	0
-1081.5	2.6502e-05	0
-1075	3.1102e-05	0
-1068.4	3.4119e-05	0
-1061.9	3.7541e-05	0
-1055.4	4.4127e-05	0
-1048.9	4.9906e-05	0
-1042.4	5.5367e-05	0
-1035.9	6.167e-05	0
-1029.4	9.2604e-05	0
-1022.8	0.00011771	0
-1016.3	6.6766e-05	0
-1009.8	2.287e-05	0
-1003.3	1.126e-05	0
-996.78	0.00015015	0
-990.26	0.00026947	0
-983.75	0.00022039	0
-977.24	0.00019674	0
-970.72	0.00024606	0
-964.21	0.00030466	0
-957.69	0.00037419	0
-951.18	0.00043908	0
-944.66	0.00051009	0
-938.15	0.0005965	0
-931.63	0.00069874	0
-925.12	0.00081602	0
-918.6	0.00094064	0
-912.09	0.0010716	0
-905.57	0.0012173	0
-899.06	0.0013771	0
-892.54	0.0015386	0
-886.03	0.0017011	0
-879.51	0.0018674	0
-873	0.0020405	0
-866.48	0.0022056	0
-859.97	0.0023677	0
-853.45	0.0025255	0
-846.94	0.0026799	0
-840.42	0.0028282	0
-833.91	0.0029795	0
-827.39	0.0031167	0
-820.88	0.0032461	0
-814.36	0.003378	0
-807.85	0.0035083	0
-801.33	0.0036392	0
-794.82	0.0037652	0
-788.3	0.0038944	0
-781.79	0.00403	0
-775.27	0.0041706	0
-768.76	0.0043084	0
-762.24	0.0044578	0
-755.73	0.0046242	0
-749.21	0.0047945	0
-742.7	0.0049739	0
-736.18	0.0051724	0
-729.67	0.0053915	0
-723.15	0.0056246	0
-716.64	0.0058691	0
-710.12	0.0061294	0
-703.61	0.0064192	0
-697.09	0.0067331	0
-690.58	0.0070409	0
-684.06	0.0073737	0
-677.55	0.007761	0
-671.03	0.0081255	0
-664.52	0.0085221	0
-658	0.0089356	0
-651.49	0.0093853	0
-644.98	0.0098358	0
-638.46	0.010305	0
-631.95	0.010816	0
-625.43	0.011287	0
-618.92	0.011833	0
-612.4	0.012355	0
-605.89	0.012911	0
-599.37	0.013419	0
-592.86	0.013986	0
-586.34	0.014573	0
-579.83	0.015047	0
-573.31	0.015564	0
-566.8	0.016042	0
-560.28	0.01654	0
-553.77	0.016833	0
-547.25	0.017104	0
-540.74	0.017376	0
-534.22	0.017395	0
-527.71	0.017358	0
-521.19	0.01715	0
-514.68	0.016743	0
-508.16	0.016181	0
-501.65	0.015439	0
-495.13	0.014511	0
-488.62	0.013387	0
-482.1	0.012152	0
-475.59	0.010809	0
-469.07	0.0093877	0
-462.56	0.0079236	0
-456.04	0.0064841	0
-449.53	0.005155	0
-443.01	0.0039898	0
-436.5	0.0030466	0
-429.98	0.0023979	0
-423.47	0.0021344	0
-416.95	0.0023462	0
-410.44	0.0031116	0
-403.92	0.0044758	0
-397.41	0.0064799	0
-390.89	0.0091219	0
-384.38	0.012419	0
-377.86	0.016472	0
-371.35	0.021159	0
-364.83	0.026397	0
-358.32	0.031936	0
-351.8	0.037952	0
-345.29	0.04436	0
-338.77	0.05082	0
-332.26	0.057051	0
-325.75	0.06253	0
-319.23	0.068264	0
-312.72	0.072922	0
-306.2	0.077549	0
-299.69	0.079079	0
-293.17	0.080352	0
-286.66	0.08369	0
-280.14	0.080601	0
-273.63	0.079319	0
-267.11	0.077776	0
-260.6	0.074273	0
-254.08	0.07093	0
-247.57	0.067004	0
-241.05	0.064197	0
-234.54	0.06115	0
-228.02	0.059509	0
-221.51	0.058415	0
-214.99	0.059516	0
-208.48	0.062056	0
-201.96	0.067236	0
-195.45	0.074711	0
-188.93	0.08576	0
-182.42	0.10036	1.6909
-175.9	0.11922	1.5738
-169.39	0.14247	1.4643
-162.87	0.17053	1.3581
-156.36	0.2037	1.2582
-149.84	0.24137	1.1615
-143.33	0.28351	1.0694
-136.81	0.32884	0.98038
-130.3	0.37731	0.89525
-123.78	0.42695	0.81362
-117.27	0.47723	0.73589
-110.75	0.52619	0.66244
-104.24	0.57367	0.59349
-97.724	0.61833	0.52966
-91.209	0.66004	0.47104
-84.694	0.6983	0.4183
-78.179	0.73375	0.37126
-71.664	0.76687	0.33022
-65.149	0.7982	0.29477
-58.634	0.82836	0.2649
-52.119	0.85768	0.24005
-45.604	0.88654	0.21988
-39.089	0.91418	0.20392
-32.575	0.93997	0.19203
-26.06	0.9626	0.18422
-19.545	0.98103	0.18048
-13.03	0.99381	0.18117
-6.5149	1	0.18665
0	0.99927	0.19747
6.5149	0.99173	0.21383
13.03	0.97805	0.23598
19.545	0.95894	0.26387
26.06	0.93575	0.29725
32.575	0.90939	0.33556
39.089	0.88066	0.37805
45.604	0.84969	0.42401
52.119	0.8169	0.47259
58.634	0.78212	0.52312
65.149	0.74539	0.57484
71.664	0.70655	0.62759
78.179	0.66589	0.6808
84.694	0.62391	0.73436
91.209	0.58082	0.78768
97.724	0.5374	0.84089
104.24	0.49387	0.89349
110.75	0.45113	0.94521
117.27	0.40896	0.9957
123.78	0.36827	1.0447
130.3	0.3289	1.0923
136.81	0.29154	1.1378
143.33	0.25596	1.1818
149.84	0.22269	1.2234
156.36	0.19185	1.2637
162.87	0.16354	1.3012
169.39	0.138	1.3375
175.9	0.11491	1.371
182.42	0.094724	0
188.93	0.076805	0
195.45	0.061598	0
201.96	0.04841	0
208.48	0.037601	0
214.99	0.028397	0
221.51	0.020981	0
228.02	0.014998	0
234.54	0.010396	0
241.05	0.0069069	0
247.57	0.0041619	0
254.08	0.0023116	0
260.6	0.0010251	0
267.11	0.00045024	0
273.63	9.8488e-05	0
280.14	6.6575e-06	0
286.66	0.00011865	0
293.17	0.00028396	0
299.69	0.00069309	0
306.2	0.0012187	0
312.72	0.0013625	0
319.23	0.0015225	0
325.75	0.0017881	0
332.26	0.0019275	0
338.77	0.0020224	0
345.29	0.001993	0
351.8	0.0020101	0
358.32	0.0019495	0
364.83	0.0018744	0
371.35	0.0017243	0
377.86	0.0015989	0
384.38	0.0014765	0
390.89	0.001349	0
397.41	0.0012085	0
403.92	0.0010558	0
410.44	0.00093392	0
416.95	0.00081386	0
423.47	0.00071453	0
429.98	0.00060168	0
436.5	0.00050965	0
443.01	0.00043184	0
449.53	0.00036999	0
456.04	0.00031784	0
462.56	0.00027596	0
469.07	0.00024649	0
475.59	0.00022635	0
482.1	0.0002243	0
488.62	0.00023181	0
495.13	0.00024645	0
501.65	0.0002661	0
508.16	0.00030024	0
514.68	0.00034442	0
521.19	0.00039276	0
527.71	0.00044914	0
534.22	0.00051027	0
540.74	0.00057895	0
547.25	0.00064895	0
553.77	0.00072509	0
560.28	0.00080079	0
566.8	0.00087817	0
573.31	0.00095016	0
579.83	0.001016	0
586.34	0.001085	0
592.86	0.0011499	0
599.37	0.001203	0
605.89	0.0012403	0
612.4	0.0012744	0
618.92	0.0012976	0
625.43	0.0013082	0
631.95	0.0013064	0
638.46	0.0012898	0
644.98	0.0012655	0
651.49	0.0012241	0
658	0.00117	0
664.52	0.001106	0
671.03	0.0010357	0
677.55	0.0009539	0
684.06	0.00086091	0
690.58	0.00076615	0
697.09	0.00067186	0
703.61	0.00057881	0
710.12	0.00048072	0
716.64	0.0003857	0
723.15	0.00031739	0
729.67	0.00026048	0
736.18	0.00018287	0
742.7	5.0282e-05	0
749.21	3.6676e-05	0
755.73	1.6325e-05	0
762.24	5.3515e-05	0
768.76	8.4078e-05	0
775.27	8.449e-05	0
781.79	6.8099e-05	0
788.3	9.5932e-05	0
794.82	0.0001687	0
801.33	0.00033825	0
807.85	0.0004093	0
814.36	0.00048674	0
820.88	0.00061295	0
827.39	0.00075631	0
833.91	0.00090847	0
840.42	0.0010604	0
846.94	0.0012209	0
853.45	0.0013937	0
859.97	0.0015758	0
866.48	0.0017608	0
873	0.0019455	0
879.51	0.0021351	0
886.03	0.002332	0
892.54	0.0025316	0
899.06	0.0027276	0
905.57	0.0029264	0
912.09	0.0031307	0
918.6	0.0033352	0
925.12	0.0035328	0
931.63	0.0037248	0
938.15	0.0039195	0
944.66	0.0041048	0
951.18	0.0042611	0
957.69	0.0044061	0
964.21	0.0045434	0
970.72	0.0046531	0
977.24	0.0047272	0
983.75	0.0047723	0
990.26	0.0047926	0
996.78	0.0047821	0
1003.3	0.0047337	0
1009.8	0.0046527	0
1016.3	0.0045465	0
1022.8	0.0044108	0
1029.4	0.0042449	0
1035.9	0.0040583	0
1042.4	0.0038549	0
1048.9	0.0036373	0
1055.4	0.0034073	0
1061.9	0.003177	0
1068.4	0.0029481	0
1075	0.0027134	0
1081.5	0.0024884	0
1088	0.0022738	0
1094.5	0.0020519	0
1101	0.0018509	0
1107.5	0.0016769	0
1114	0.0015094	0
1120.6	0.0013478	0
1127.1	0.0011959	0
1133.6	0.0010615	0
1140.1	0.00094258	0
1146.6	0.00082865	0
1153.1	0.00072382	0
1159.7	0.00063511	0
1166.2	0.00055478	0
1172.7	0.00047689	0
1179.2	0.00040676	0
1185.7	0.00035084	0
1192.2	0.00030029	0
1198.7	0.00025069	0
1205.3	0.00020583	0
1211.8	0.00018684	0
1218.3	0.00018097	0
1224.8	0.00014445	0
1231.3	3.3384e-05	0
1237.8	2.901e-05	0
1244.3	2.7717e-05	0
1250.9	6.5525e-05	0
1257.4	3.9442e-05	0
1263.9	1.3127e-05	0
1270.4	5.1814e-06	0
1276.9	2.1573e-06	0
1283.4	1.7711e-06	0
1290	2.4902e-06	0
1296.5	3.3549e-06	0
1303	6.3461e-06	0
1309.5	1.2161e-05	0
1316	1.7668e-05	0
1322.5	2.2243e-05	0
1329	2.7861e-05	0
1335.6	3.3776e-05	0
1342.1	3.7557e-05	0
1348.6	4.0405e-05	0
1355.1	4.4301e-05	0
1361.6	4.7045e-05	0
1368.1	4.6627e-05	0
1374.6	4.5579e-05	0
1381.2	4.5627e-05	0
1387.7	4.4616e-05	0
1394.2	4.0828e-05	0
1400.7	3.7343e-05	0
1407.2	3.5725e-05	0
1413.7	3.2745e-05	0
1420.2	2.7375e-05	0
1426.8	2.3079e-05	0
1433.3	2.1166e-05	0
1439.8	1.8779e-05	0
1446.3	1.5226e-05	0
1452.8	1.2256e-05	0
1459.3	1.0072e-05	0
1465.9	7.7546e-06	0
1472.4	5.5639e-06	0
1478.9	3.7888e-06	0
1485.4	2.9065e-06	0
1491.9	2.2853e-06	0
1498.4	1.2284e-06	0
1504.9	4.3027e-07	0
1511.5	3.5415e-07	0
1518	5.0143e-07	0
1524.5	2.3872e-07	0
1531	1.426e-07	0
1537.5	5.9021e-07	0
1544	1.0907e-06	0
1550.5	9.3889e-07	0
1557.1	7.997e-07	0
1563.6	1.4867e-06	0
1570.1	2.2622e-06	0
1576.6	1.9097e-06	0
1583.1	1.2436e-06	0
1589.6	1.8875e-06	0
1596.2	3.1503e-06	0
1602.7	2.331e-06	0
1609.2	7.2842e-07	0
1615.7	2.2153e-06	0
1622.2	5.8753e-06	0
1628.7	1.9391e-06	0
1635.2	9.1934e-06	0
1641.8	6.2407e-05	0
1648.3	6.7947e-05	0
1654.8	4.3023e-05	0
1661.3	4.1044e-05	0
