4.2147e-08	NaN
3.2546e-08	NaN
2.5188e-08	NaN
1.991e-08	NaN
1.6545e-08	NaN
1.4927e-08	NaN
1.4892e-08	NaN
1.6273e-08	NaN
1.8905e-08	NaN
2.2623e-08	NaN
2.7261e-08	NaN
3.2654e-08	NaN
3.8636e-08	NaN
4.5041e-08	NaN
5.1705e-08	NaN
5.846e-08	NaN
6.5136e-08	NaN
7.1561e-08	NaN
7.7563e-08	NaN
8.2968e-08	NaN
8.7606e-08	NaN
9.1303e-08	NaN
9.3888e-08	NaN
9.5239e-08	NaN
9.5575e-08	NaN
9.5251e-08	NaN
9.4625e-08	NaN
9.4052e-08	NaN
9.389e-08	NaN
9.4494e-08	NaN
9.6221e-08	NaN
9.9513e-08	NaN
1.0547e-07	NaN
1.1552e-07	NaN
1.3107e-07	NaN
1.5355e-07	NaN
1.8438e-07	NaN
2.2498e-07	NaN
2.7676e-07	NaN
3.4086e-07	NaN
4.1559e-07	NaN
4.9769e-07	NaN
5.839e-07	NaN
6.7096e-07	NaN
7.5561e-07	NaN
8.3459e-07	NaN
9.0463e-07	NaN
9.6266e-07	NaN
1.0078e-06	NaN
1.0404e-06	NaN
1.0611e-06	NaN
1.0702e-06	NaN
1.0684e-06	NaN
1.0561e-06	NaN
1.0337e-06	NaN
1.0019e-06	NaN
9.6288e-07	NaN
9.1985e-07	NaN
8.7618e-07	NaN
8.3519e-07	NaN
8.0022e-07	NaN
7.746e-07	NaN
7.6164e-07	NaN
7.6455e-07	NaN
7.8407e-07	NaN
8.1883e-07	NaN
8.6742e-07	NaN
9.284e-07	NaN
1.0004e-06	NaN
1.0819e-06	NaN
1.1715e-06	NaN
1.2678e-06	NaN
1.3694e-06	NaN
1.4749e-06	NaN
1.5827e-06	NaN
1.6915e-06	NaN
1.7998e-06	NaN
1.9062e-06	NaN
2.0092e-06	NaN
2.1075e-06	NaN
2.2017e-06	NaN
2.2948e-06	NaN
2.39e-06	NaN
2.4904e-06	NaN
2.5991e-06	NaN
2.7192e-06	NaN
2.8538e-06	NaN
3.0061e-06	NaN
3.179e-06	NaN
3.3749e-06	NaN
3.5966e-06	NaN
3.8464e-06	NaN
4.1271e-06	NaN
4.4411e-06	NaN
4.791e-06	NaN
5.1794e-06	NaN
5.6114e-06	NaN
6.0964e-06	NaN
6.6436e-06	NaN
7.2625e-06	NaN
7.9627e-06	NaN
8.7537e-06	NaN
9.6448e-06	NaN
1.0645e-05	NaN
1.1758e-05	NaN
1.2972e-05	NaN
1.4276e-05	NaN
1.5658e-05	NaN
1.7106e-05	NaN
1.8609e-05	NaN
2.0155e-05	NaN
2.1732e-05	NaN
2.3326e-05	NaN
2.4915e-05	NaN
2.6475e-05	NaN
2.7985e-05	NaN
2.9422e-05	NaN
3.0763e-05	NaN
3.1985e-05	NaN
3.3067e-05	NaN
3.3997e-05	NaN
3.4795e-05	NaN
3.5484e-05	NaN
3.6086e-05	NaN
3.6625e-05	NaN
3.7123e-05	NaN
3.7605e-05	NaN
3.8094e-05	NaN
3.8612e-05	NaN
3.9185e-05	NaN
3.984e-05	NaN
4.0601e-05	NaN
4.1495e-05	NaN
4.2548e-05	NaN
4.3784e-05	NaN
4.523e-05	NaN
4.6914e-05	NaN
4.8869e-05	NaN
5.1131e-05	NaN
5.3734e-05	NaN
5.6715e-05	NaN
6.0109e-05	NaN
6.395e-05	NaN
6.8274e-05	NaN
7.3127e-05	NaN
7.8593e-05	NaN
8.4767e-05	NaN
9.1744e-05	NaN
9.9619e-05	NaN
0.00010849	NaN
0.00011844	NaN
0.00012957	NaN
0.00014198	NaN
0.00015573	NaN
0.00017091	NaN
0.00018757	NaN
0.00020579	NaN
0.00022565	NaN
0.0002472	NaN
0.00027053	NaN
0.00029566	NaN
0.00032236	NaN
0.00035035	NaN
0.00037932	NaN
0.00040896	NaN
0.00043899	NaN
0.00046909	NaN
0.00049897	NaN
0.00052832	NaN
0.00055679	NaN
0.00058402	NaN
0.00060965	NaN
0.00063332	NaN
0.00065466	NaN
0.0006733	NaN
0.0006889	NaN
0.0007011	NaN
0.00070981	NaN
0.00071501	NaN
0.00071669	NaN
0.00071486	NaN
0.0007095	NaN
0.0007006	NaN
0.00068817	NaN
0.00067221	NaN
0.00065295	NaN
0.00063073	NaN
0.00060588	NaN
0.00057875	NaN
0.00054966	NaN
0.00051897	NaN
0.000487	NaN
0.0004541	NaN
0.00042066	NaN
0.00038709	NaN
0.00035381	NaN
0.00032123	NaN
0.00028977	NaN
0.00025984	NaN
0.00023187	NaN
0.00020625	NaN
0.00018333	NaN
0.00016338	NaN
0.00014669	NaN
0.00013354	NaN
0.0001242	NaN
0.00011895	NaN
0.00011808	NaN
0.00012186	NaN
0.00013062	NaN
0.00014473	NaN
0.00016454	NaN
0.00019042	NaN
0.00022273	NaN
0.00026183	NaN
0.00030809	NaN
0.00036186	NaN
0.00042323	NaN
0.00049207	NaN
0.00056823	NaN
0.00065154	NaN
0.00074188	NaN
0.00083907	NaN
0.00094297	NaN
0.0010534	NaN
0.0011701	NaN
0.0012926	NaN
0.0014203	NaN
0.0015529	NaN
0.0016897	NaN
0.0018303	NaN
0.0019743	NaN
0.0021211	NaN
0.0022702	NaN
0.0024212	NaN
0.0025733	NaN
0.0027262	NaN
0.0028792	NaN
0.0030319	NaN
0.0031836	NaN
0.0033339	NaN
0.0034823	NaN
0.0036285	NaN
0.0037722	NaN
0.0039132	NaN
0.0040512	NaN
0.004186	NaN
0.0043172	NaN
0.0044445	NaN
0.0045678	NaN
0.0046867	NaN
0.0048009	NaN
0.0049102	NaN
0.0050144	NaN
0.005113	NaN
0.0052059	NaN
0.0052928	NaN
0.0053737	NaN
0.0054494	NaN
0.0055206	NaN
0.0055882	NaN
0.0056528	NaN
0.0057154	NaN
0.0057768	NaN
0.0058376	NaN
0.0058985	NaN
0.0059598	NaN
0.0060214	NaN
0.0060836	NaN
0.0061464	NaN
0.00621	NaN
0.0062744	NaN
0.0063399	NaN
0.0064061	NaN
0.0064721	NaN
0.0065365	NaN
0.0065982	NaN
0.006656	NaN
0.0067086	NaN
0.0067547	NaN
0.0067932	NaN
0.0068231	NaN
0.0068438	NaN
0.006855	NaN
0.0068564	NaN
0.0068476	NaN
0.0068283	NaN
0.0067982	NaN
0.0067569	NaN
0.0067043	NaN
0.0066405	NaN
0.006566	NaN
0.0064811	NaN
0.0063862	NaN
0.0062818	NaN
0.0061682	NaN
0.0060458	NaN
0.0059151	NaN
0.0057776	NaN
0.0056349	NaN
0.0054886	NaN
0.0053404	NaN
0.005192	NaN
0.0050449	NaN
0.0049009	NaN
0.0047614	NaN
0.0046277	NaN
0.0045008	NaN
0.0043817	NaN
0.0042716	NaN
0.0041714	NaN
0.0040822	NaN
0.004005	NaN
0.0039408	NaN
0.0038887	NaN
0.0038477	NaN
0.0038165	NaN
0.003794	NaN
0.0037788	NaN
0.0037698	NaN
0.0037657	NaN
0.0037656	NaN
0.0037688	NaN
0.0037753	NaN
0.0037848	NaN
0.0037972	NaN
0.0038123	NaN
0.0038299	NaN
0.00385	NaN
0.0038723	NaN
0.0038971	NaN
0.0039247	NaN
0.0039556	NaN
0.0039902	NaN
0.0040288	NaN
0.0040719	NaN
0.0041198	NaN
0.004173	NaN
0.0042321	NaN
0.0042978	NaN
0.0043708	NaN
0.0044519	NaN
0.0045419	NaN
0.0046413	NaN
0.0047511	NaN
0.0048718	NaN
0.0050031	NaN
0.0051439	NaN
0.0052933	NaN
0.0054501	NaN
0.0056133	NaN
0.0057818	NaN
0.0059546	NaN
0.0061306	NaN
0.0063084	NaN
0.0064864	NaN
0.0066628	NaN
0.0068361	NaN
0.0070046	NaN
0.0071665	NaN
0.0073203	NaN
0.0074644	NaN
0.0075976	NaN
0.0077198	NaN
0.0078305	NaN
0.0079295	NaN
0.0080165	NaN
0.008091	NaN
0.0081529	NaN
0.0082017	NaN
0.0082371	NaN
0.0082585	NaN
0.0082654	NaN
0.0082574	NaN
0.0082338	NaN
0.0081941	NaN
0.0081379	NaN
0.0080647	NaN
0.0079747	NaN
0.0078696	NaN
0.0077509	NaN
0.0076202	NaN
0.0074791	NaN
0.0073292	NaN
0.0071721	NaN
0.0070093	NaN
0.0068424	NaN
0.0066729	NaN
0.0065023	NaN
0.0063321	NaN
0.0061637	NaN
0.0059987	NaN
0.0058385	NaN
0.0056846	NaN
0.0055379	NaN
0.0053986	NaN
0.0052666	NaN
0.0051419	NaN
0.0050244	NaN
0.0049141	NaN
0.004811	NaN
0.0047151	NaN
0.0046262	NaN
0.0045438	NaN
0.0044672	NaN
0.0043961	NaN
0.0043298	NaN
0.0042677	NaN
0.0042094	NaN
0.0041543	NaN
0.0041018	NaN
0.0040517	NaN
0.0040033	NaN
0.0039564	NaN
0.0039105	NaN
0.0038653	NaN
0.0038202	NaN
0.003775	NaN
0.003729	NaN
0.0036812	NaN
0.0036306	NaN
0.003576	NaN
0.0035163	NaN
0.0034505	NaN
0.0033776	NaN
0.0032963	NaN
0.0032059	NaN
0.003107	NaN
0.003	NaN
0.0028856	NaN
0.0027645	NaN
0.0026372	NaN
0.0025044	NaN
0.0023667	NaN
0.0022258	NaN
0.0020875	NaN
0.0019586	NaN
0.0018458	NaN
0.0017558	NaN
0.0016954	NaN
0.0016714	NaN
0.0016905	NaN
0.0017616	NaN
0.001904	NaN
0.0021394	NaN
0.0024895	NaN
0.0029763	NaN
0.0036215	NaN
0.0044469	NaN
0.0054743	NaN
0.0067264	NaN
0.0082304	NaN
0.010015	NaN
0.012109	NaN
0.01454	NaN
0.017338	NaN
0.020531	NaN
0.024147	NaN
0.028219	NaN
0.032792	NaN
0.037919	NaN
0.043653	NaN
0.050047	NaN
0.057154	NaN
0.065026	NaN
0.073715	NaN
0.08327	NaN
0.093697	NaN
0.10498	-0.63933
0.11712	-0.6328
0.1301	-0.62538
0.1439	-0.61714
0.15852	-0.60815
0.17394	-0.59847
0.19016	-0.58815
0.2072	-0.57717
0.22509	-0.56545
0.24386	-0.55292
0.26356	-0.5395
0.28422	-0.52512
0.30587	-0.5097
0.32855	-0.49317
0.3523	-0.47548
0.37714	-0.45674
0.40311	-0.43719
0.43024	-0.41707
0.45856	-0.3966
0.48811	-0.37602
0.5189	-0.35556
0.55099	-0.33547
0.58436	-0.31596
0.61876	-0.29709
0.65369	-0.27883
0.68868	-0.26113
0.72323	-0.24396
0.75688	-0.22726
0.78914	-0.211
0.81951	-0.19513
0.84755	-0.17961
0.87306	-0.1644
0.89606	-0.14946
0.91659	-0.13473
0.93469	-0.12019
0.95039	-0.10578
0.96373	-0.09146
0.97474	-0.077196
0.98346	-0.062949
0.99004	-0.048856
0.99474	-0.035212
0.9978	-0.02232
0.99946	-0.010482
1	0
0.99965	0.0088248
0.99867	0.01569
0.99731	0.020298
0.9956	0.022449
0.99338	0.022052
0.99046	0.01902
0.98666	0.013267
0.98179	0.0047069
0.97567	-0.0067477
0.96812	-0.021183
0.95896	-0.038682
0.94806	-0.059212
0.93536	-0.082598
0.92082	-0.10865
0.90438	-0.13719
0.88599	-0.16803
0.8656	-0.20099
0.84317	-0.23587
0.81863	-0.2725
0.79206	-0.31066
0.7637	-0.35008
0.73381	-0.39052
0.70264	-0.4317
0.67045	-0.47336
0.63749	-0.51524
0.60401	-0.55709
0.57028	-0.59863
0.53652	-0.63995
0.50295	-0.68167
0.46978	-0.72445
0.43722	-0.76897
0.40549	-0.81591
0.37478	-0.86594
0.34531	-0.91972
0.31729	-0.97793
0.29085	-1.0404
0.26602	-1.1053
0.24277	-1.1707
0.2211	-1.2346
0.201	-1.295
0.18246	-1.3499
0.16548	-1.3974
0.15005	-1.4354
0.13615	-1.4651
0.12372	-1.4942
0.11272	-1.5313
0.10309	-1.5852
0.094777	NaN
0.087735	NaN
0.081907	NaN
0.077241	NaN
0.07367	NaN
0.071092	NaN
0.069397	NaN
0.068478	NaN
0.068225	NaN
0.068529	NaN
0.069282	NaN
0.070375	NaN
0.071703	NaN
0.073174	NaN
0.0747	NaN
0.076191	NaN
0.077557	NaN
0.078709	NaN
0.079558	NaN
0.080014	NaN
0.080008	NaN
0.079534	NaN
0.078606	NaN
0.077235	NaN
0.075434	NaN
0.073215	NaN
0.070589	NaN
0.067568	NaN
0.064177	NaN
0.060491	NaN
0.0566	NaN
0.052591	NaN
0.048555	NaN
0.04458	NaN
0.040756	NaN
0.037171	NaN
0.033904	NaN
0.030974	NaN
0.028383	NaN
0.026131	NaN
0.024221	NaN
0.022654	NaN
0.02143	NaN
0.020552	NaN
0.020014	NaN
0.019773	NaN
0.019771	NaN
0.019949	NaN
0.020249	NaN
0.020613	NaN
0.020984	NaN
0.021302	NaN
0.021516	NaN
0.021609	NaN
0.021583	NaN
0.021438	NaN
0.021175	NaN
0.020795	NaN
0.020299	NaN
0.019688	NaN
0.018965	NaN
0.018143	NaN
0.017244	NaN
0.016288	NaN
0.015297	NaN
0.014291	NaN
0.013291	NaN
0.012318	NaN
0.011391	NaN
0.010521	NaN
0.0097074	NaN
0.008954	NaN
0.0082625	NaN
0.0076351	NaN
0.0070738	NaN
0.0065807	NaN
0.0061577	NaN
0.0058013	NaN
0.005505	NaN
0.0052619	NaN
0.0050653	NaN
0.0049083	NaN
0.0047843	NaN
0.0046865	NaN
0.0046082	NaN
0.004545	NaN
0.0044945	NaN
0.0044541	NaN
0.0044212	NaN
0.0043933	NaN
0.0043679	NaN
0.0043425	NaN
0.0043146	NaN
0.0042828	NaN
0.0042469	NaN
0.0042066	NaN
0.0041615	NaN
0.0041115	NaN
0.0040562	NaN
0.0039953	NaN
0.0039287	NaN
0.0038562	NaN
0.0037782	NaN
0.003695	NaN
0.0036069	NaN
0.0035141	NaN
0.0034169	NaN
0.0033157	NaN
0.0032108	NaN
0.0031027	NaN
0.0029922	NaN
0.0028804	NaN
0.002768	NaN
0.0026561	NaN
0.0025454	NaN
0.002437	NaN
0.0023317	NaN
0.0022298	NaN
0.002131	NaN
0.0020348	NaN
0.0019408	NaN
0.0018484	NaN
0.0017574	NaN
0.0016672	NaN
0.0015773	NaN
0.0014876	NaN
0.0013983	NaN
0.0013095	NaN
0.0012216	NaN
0.0011346	NaN
0.0010489	NaN
0.00096464	NaN
0.00088204	NaN
0.00080136	NaN
0.00072293	NaN
0.00064708	NaN
0.00057413	NaN
0.00050441	NaN
0.00043825	NaN
0.00037598	NaN
0.00031793	NaN
0.00026437	NaN
0.00021546	NaN
0.00017134	NaN
0.00013214	NaN
9.8015e-05	NaN
6.9092e-05	NaN
4.5514e-05	NaN
2.7422e-05	NaN
1.4822e-05	NaN
7.3859e-06	NaN
4.7315e-06	NaN
6.4763e-06	NaN
1.2238e-05	NaN
2.1633e-05	NaN
3.4281e-05	NaN
4.9797e-05	NaN
6.7724e-05	NaN
8.7369e-05	NaN
0.000108	NaN
0.00012888	NaN
0.00014927	NaN
0.00016844	NaN
0.00018566	NaN
0.00020018	NaN
0.00021146	NaN
0.00021951	NaN
0.00022453	NaN
0.00022668	NaN
0.00022614	NaN
0.00022308	NaN
0.00021768	NaN
0.00021012	NaN
0.00020059	NaN
0.00018945	NaN
0.00017706	NaN
0.00016382	NaN
0.00015009	NaN
0.00013626	NaN
0.00012271	NaN
0.0001098	NaN
9.7875e-05	NaN
8.6962e-05	NaN
7.7017e-05	NaN
6.7993e-05	NaN
5.9845e-05	NaN
5.2526e-05	NaN
4.5988e-05	NaN
4.0185e-05	NaN
3.5071e-05	NaN
3.0599e-05	NaN
2.6724e-05	NaN
2.3399e-05	NaN
2.0578e-05	NaN
1.8215e-05	NaN
1.6265e-05	NaN
1.468e-05	NaN
1.3418e-05	NaN
1.2451e-05	NaN
1.1759e-05	NaN
1.1322e-05	NaN
1.1122e-05	NaN
1.1136e-05	NaN
1.1346e-05	NaN
1.1732e-05	NaN
1.2271e-05	NaN
1.2919e-05	NaN
1.362e-05	NaN
1.4319e-05	NaN
1.4961e-05	NaN
1.5491e-05	NaN
1.5852e-05	NaN
1.5991e-05	NaN
1.5857e-05	NaN
1.5468e-05	NaN
1.4876e-05	NaN
1.4138e-05	NaN
1.3305e-05	NaN
1.2434e-05	NaN
1.1578e-05	NaN
1.0791e-05	NaN
1.0124e-05	NaN
9.5865e-06	NaN
9.1593e-06	NaN
8.823e-06	NaN
8.5581e-06	NaN
8.3452e-06	NaN
8.1648e-06	NaN
7.9975e-06	NaN
7.8244e-06	NaN
7.6344e-06	NaN
7.4225e-06	NaN
7.1838e-06	NaN
6.9134e-06	NaN
6.6065e-06	NaN
6.2583e-06	NaN
5.8638e-06	NaN
5.4188e-06	NaN
4.9284e-06	NaN
4.4065e-06	NaN
3.867e-06	NaN
3.3242e-06	NaN
2.7921e-06	NaN
2.2847e-06	NaN
1.8163e-06	NaN
1.4016e-06	NaN
1.0776e-06	NaN
9.0353e-07	NaN
9.3968e-07	NaN
1.2464e-06	NaN
1.8839e-06	NaN
2.9127e-06	NaN
4.3929e-06	NaN
6.3834e-06	NaN
8.8941e-06	NaN
1.1876e-05	NaN
1.5279e-05	NaN
1.9049e-05	NaN
2.3136e-05	NaN
2.7487e-05	NaN
3.205e-05	NaN
3.6775e-05	NaN
4.1597e-05	NaN
4.644e-05	NaN
5.1226e-05	NaN
5.5876e-05	NaN
6.0313e-05	NaN
6.4459e-05	NaN
6.8235e-05	NaN
7.1565e-05	NaN
7.4404e-05	NaN
7.6767e-05	NaN
7.8672e-05	NaN
8.0137e-05	NaN
8.118e-05	NaN
8.1819e-05	NaN
8.2074e-05	NaN
8.196e-05	NaN
8.1504e-05	NaN
8.0739e-05	NaN
7.9701e-05	NaN
7.8426e-05	NaN
7.6948e-05	NaN
7.5305e-05	NaN
7.353e-05	NaN
7.1661e-05	NaN
6.972e-05	NaN
6.7701e-05	NaN
6.5595e-05	NaN
6.3395e-05	NaN
6.1091e-05	NaN
5.8675e-05	NaN
5.6138e-05	NaN
5.3471e-05	NaN
5.0677e-05	NaN
4.7784e-05	NaN
4.4828e-05	NaN
4.1841e-05	NaN
3.8857e-05	NaN
3.591e-05	NaN
3.3033e-05	NaN
3.0262e-05	NaN
2.7624e-05	NaN
2.5134e-05	NaN
2.2806e-05	NaN
2.0652e-05	NaN
1.8684e-05	NaN
1.6916e-05	NaN
1.536e-05	NaN
1.4028e-05	NaN
1.2927e-05	NaN
1.2045e-05	NaN
1.1363e-05	NaN
1.0864e-05	NaN
1.053e-05	NaN
1.0344e-05	NaN
1.0289e-05	NaN
1.0346e-05	NaN
1.0498e-05	NaN
1.0727e-05	NaN
1.1012e-05	NaN
1.1336e-05	NaN
1.1679e-05	NaN
1.2022e-05	NaN
1.2346e-05	NaN
1.2632e-05	NaN
1.2864e-05	NaN
1.3037e-05	NaN
1.3149e-05	NaN
1.3201e-05	NaN
1.319e-05	NaN
1.3116e-05	NaN
1.2978e-05	NaN
1.2775e-05	NaN
1.2507e-05	NaN
1.218e-05	NaN
1.1803e-05	NaN
1.1384e-05	NaN
1.0932e-05	NaN
1.0455e-05	NaN
9.9625e-06	NaN
9.462e-06	NaN
8.9618e-06	NaN
8.4653e-06	NaN
7.9738e-06	NaN
7.4887e-06	NaN
7.0116e-06	NaN
6.5439e-06	NaN
6.0869e-06	NaN
5.6422e-06	NaN
5.2111e-06	NaN
4.7947e-06	NaN
4.3937e-06	NaN
4.0092e-06	NaN
3.642e-06	NaN
3.2928e-06	NaN
2.9627e-06	NaN
2.6524e-06	NaN
2.3628e-06	NaN
2.0943e-06	NaN
1.8469e-06	NaN
1.6209e-06	NaN
1.4162e-06	NaN
1.2332e-06	NaN
1.0718e-06	NaN
9.3217e-07	NaN
8.1434e-07	NaN
7.1662e-07	NaN
6.3625e-07	NaN
5.7046e-07	NaN
5.1649e-07	NaN
4.7156e-07	NaN
4.3291e-07	NaN
3.9775e-07	NaN
3.6346e-07	NaN
3.292e-07	NaN
2.9557e-07	NaN
2.6315e-07	NaN
2.3255e-07	NaN
2.0439e-07	NaN
1.7926e-07	NaN
1.5777e-07	NaN
1.4053e-07	NaN
1.2843e-07	NaN
1.2254e-07	NaN
1.2396e-07	NaN
1.3379e-07	NaN
1.5312e-07	NaN
1.8305e-07	NaN
2.2467e-07	NaN
2.7897e-07	NaN
3.4457e-07	NaN
4.1765e-07	NaN
4.9431e-07	NaN
5.7062e-07	NaN
6.4267e-07	NaN
7.0656e-07	NaN
7.5836e-07	NaN
7.9426e-07	NaN
8.1317e-07	NaN
8.1724e-07	NaN
8.0878e-07	NaN
7.901e-07	NaN
7.6353e-07	NaN
7.3137e-07	NaN
6.9595e-07	NaN
6.5956e-07	NaN
6.236e-07	NaN
5.8826e-07	NaN
5.5366e-07	NaN
5.1991e-07	NaN
4.8712e-07	NaN
4.554e-07	NaN
4.2486e-07	NaN
3.9561e-07	NaN
3.6768e-07	NaN
3.4095e-07	NaN
3.153e-07	NaN
2.906e-07	NaN
2.6674e-07	NaN
2.4359e-07	NaN
2.2103e-07	NaN
1.9894e-07	NaN
1.7728e-07	NaN
1.5622e-07	NaN
1.3593e-07	NaN
1.1657e-07	NaN
9.831e-08	NaN
8.133e-08	NaN
6.5797e-08	NaN
5.1881e-08	NaN
3.9747e-08	NaN
2.955e-08	NaN
2.1442e-08	NaN
1.5577e-08	NaN
1.2107e-08	NaN
1.1185e-08	NaN
1.2963e-08	NaN
1.7595e-08	NaN
2.5179e-08	NaN
3.5686e-08	NaN
4.9062e-08	NaN
6.5258e-08	NaN
8.4223e-08	NaN
1.059e-07	NaN
1.3025e-07	NaN
1.5722e-07	NaN
1.8654e-07	NaN
2.1739e-07	NaN
2.4883e-07	NaN
2.7991e-07	NaN
3.0971e-07	NaN
3.3726e-07	NaN
3.6165e-07	NaN
3.8192e-07	NaN
3.9714e-07	NaN
4.0636e-07	NaN
4.0865e-07	NaN
4.0307e-07	NaN
3.8868e-07	NaN
3.6453e-07	NaN
3.2969e-07	NaN
2.8322e-07	NaN
6.8744e-08	NaN
5.4158e-08	NaN
