4.093e-08	NaN
3.5259e-08	NaN
3.0498e-08	NaN
2.6562e-08	NaN
2.3366e-08	NaN
2.0823e-08	NaN
1.8848e-08	NaN
1.7354e-08	NaN
1.624e-08	NaN
1.5402e-08	NaN
1.4736e-08	NaN
1.414e-08	NaN
1.3508e-08	NaN
1.2737e-08	NaN
1.1722e-08	NaN
1.0385e-08	NaN
8.8021e-09	NaN
7.1173e-09	NaN
5.4732e-09	NaN
4.0126e-09	NaN
2.8782e-09	NaN
2.213e-09	NaN
2.1598e-09	NaN
2.8342e-09	NaN
4.1364e-09	NaN
5.8644e-09	NaN
7.8157e-09	NaN
9.7877e-09	NaN
1.1578e-08	NaN
1.2984e-08	NaN
1.3802e-08	NaN
1.3861e-08	NaN
1.327e-08	NaN
1.2294e-08	NaN
1.12e-08	NaN
1.0256e-08	NaN
9.7287e-09	NaN
9.8854e-09	NaN
1.0993e-08	NaN
1.3286e-08	NaN
1.6624e-08	NaN
2.0623e-08	NaN
2.4898e-08	NaN
2.9063e-08	NaN
3.273e-08	NaN
3.5514e-08	NaN
3.7029e-08	NaN
3.6917e-08	NaN
3.5223e-08	NaN
3.2292e-08	NaN
2.8474e-08	NaN
2.4121e-08	NaN
1.9584e-08	NaN
1.5215e-08	NaN
1.1365e-08	NaN
8.3925e-09	NaN
6.8001e-09	NaN
7.2113e-09	NaN
1.0254e-08	NaN
1.6555e-08	NaN
2.6743e-08	NaN
4.1445e-08	NaN
6.1289e-08	NaN
8.6905e-08	NaN
1.1898e-07	NaN
1.5828e-07	NaN
2.0553e-07	NaN
2.6151e-07	NaN
3.2695e-07	NaN
4.0261e-07	NaN
4.8925e-07	NaN
5.8754e-07	NaN
6.9589e-07	NaN
8.1009e-07	NaN
9.2582e-07	NaN
1.0387e-06	NaN
1.1445e-06	NaN
1.2388e-06	NaN
1.3173e-06	NaN
1.3757e-06	NaN
1.412e-06	NaN
1.4275e-06	NaN
1.4234e-06	NaN
1.4012e-06	NaN
1.3621e-06	NaN
1.3075e-06	NaN
1.2388e-06	NaN
1.1574e-06	NaN
1.0665e-06	NaN
9.718e-07	NaN
8.796e-07	NaN
7.9597e-07	NaN
7.2704e-07	NaN
6.7894e-07	NaN
6.5777e-07	NaN
6.6972e-07	NaN
7.2465e-07	NaN
8.3898e-07	NaN
1.0298e-06	NaN
1.3143e-06	NaN
1.7094e-06	NaN
2.2324e-06	NaN
2.9003e-06	NaN
3.7303e-06	NaN
4.7382e-06	NaN
5.938e-06	NaN
7.343e-06	NaN
8.9668e-06	NaN
1.0823e-05	NaN
1.2925e-05	NaN
1.5286e-05	NaN
1.7919e-05	NaN
2.0837e-05	NaN
2.4043e-05	NaN
2.7541e-05	NaN
3.1336e-05	NaN
3.5431e-05	NaN
3.9831e-05	NaN
4.454e-05	NaN
4.956e-05	NaN
5.4896e-05	NaN
6.0548e-05	NaN
6.6513e-05	NaN
7.2791e-05	NaN
7.9383e-05	NaN
8.6286e-05	NaN
9.3499e-05	NaN
0.00010102	NaN
0.00010887	NaN
0.00011707	NaN
0.00012568	NaN
0.00013476	NaN
0.00014434	NaN
0.00015447	NaN
0.00016521	NaN
0.0001766	NaN
0.00018868	NaN
0.00020147	NaN
0.00021497	NaN
0.00022919	NaN
0.00024412	NaN
0.00025978	NaN
0.00027617	NaN
0.00029329	NaN
0.00031115	NaN
0.0003297	NaN
0.00034891	NaN
0.00036872	NaN
0.0003891	NaN
0.00040999	NaN
0.00043136	NaN
0.00045317	NaN
0.00047534	NaN
0.00049775	NaN
0.00052023	NaN
0.00054263	NaN
0.00056478	NaN
0.00058652	NaN
0.00060769	NaN
0.00062813	NaN
0.00064768	NaN
0.00066616	NaN
0.00068342	NaN
0.00069927	NaN
0.00071356	NaN
0.0007261	NaN
0.00073673	NaN
0.00074528	NaN
0.00075159	NaN
0.00075552	NaN
0.00075697	NaN
0.00075584	NaN
0.00075202	NaN
0.00074539	NaN
0.00073586	NaN
0.00072331	NaN
0.00070766	NaN
0.00068906	NaN
0.00066777	NaN
0.00064406	NaN
0.00061819	NaN
0.00059042	NaN
0.00056103	NaN
0.00053028	NaN
0.00049844	NaN
0.00046581	NaN
0.00043271	NaN
0.00039947	NaN
0.0003664	NaN
0.00033383	NaN
0.00030208	NaN
0.00027148	NaN
0.00024233	NaN
0.00021485	NaN
0.00018918	NaN
0.00016546	NaN
0.00014382	NaN
0.0001244	NaN
0.00010734	NaN
9.2769e-05	NaN
8.0817e-05	NaN
7.1395e-05	NaN
6.4234e-05	NaN
5.9061e-05	NaN
5.5602e-05	NaN
5.3583e-05	NaN
5.2731e-05	NaN
5.2772e-05	NaN
5.3434e-05	NaN
5.4481e-05	NaN
5.5712e-05	NaN
5.6927e-05	NaN
5.7925e-05	NaN
5.8507e-05	NaN
5.8473e-05	NaN
5.7622e-05	NaN
5.5762e-05	NaN
5.2886e-05	NaN
4.92e-05	NaN
4.4919e-05	NaN
4.0257e-05	NaN
3.5432e-05	NaN
3.0659e-05	NaN
2.6152e-05	NaN
2.2126e-05	NaN
1.8675e-05	NaN
1.5745e-05	NaN
1.3272e-05	NaN
1.119e-05	NaN
9.4349e-06	NaN
7.9417e-06	NaN
6.6457e-06	NaN
5.4825e-06	NaN
4.4184e-06	NaN
3.4648e-06	NaN
2.6369e-06	NaN
1.9498e-06	NaN
1.4188e-06	NaN
1.059e-06	NaN
8.8567e-07	NaN
9.1366e-07	NaN
1.1334e-06	NaN
1.4928e-06	NaN
1.9356e-06	NaN
2.4056e-06	NaN
2.8463e-06	NaN
3.2016e-06	NaN
3.4151e-06	NaN
3.4308e-06	NaN
3.235e-06	NaN
2.899e-06	NaN
2.5046e-06	NaN
2.1334e-06	NaN
1.8671e-06	NaN
1.7872e-06	NaN
1.9755e-06	NaN
2.5135e-06	NaN
3.4683e-06	NaN
4.8728e-06	NaN
6.755e-06	NaN
9.1427e-06	NaN
1.2064e-05	NaN
1.5547e-05	NaN
1.9619e-05	NaN
2.4308e-05	NaN
2.959e-05	NaN
3.5295e-05	NaN
4.1228e-05	NaN
4.7195e-05	NaN
5.3e-05	NaN
5.8451e-05	NaN
6.3351e-05	NaN
6.7506e-05	NaN
7.0759e-05	NaN
7.3074e-05	NaN
7.4437e-05	NaN
7.4837e-05	NaN
7.426e-05	NaN
7.2695e-05	NaN
7.0129e-05	NaN
6.6549e-05	NaN
6.198e-05	NaN
5.6589e-05	NaN
5.0578e-05	NaN
4.4146e-05	NaN
3.7496e-05	NaN
3.0827e-05	NaN
2.434e-05	NaN
1.8237e-05	NaN
1.2724e-05	NaN
8.0369e-06	NaN
4.4174e-06	NaN
2.1084e-06	NaN
1.3524e-06	NaN
2.3922e-06	NaN
5.4702e-06	NaN
1.0829e-05	NaN
1.8725e-05	NaN
2.9486e-05	NaN
4.3464e-05	NaN
6.1011e-05	NaN
8.248e-05	NaN
0.00010822	NaN
0.00013859	NaN
0.00017393	NaN
0.00021459	NaN
0.00026078	NaN
0.00031268	NaN
0.00037048	NaN
0.00043436	NaN
0.00050449	NaN
0.00058106	NaN
0.00066425	NaN
0.00075417	NaN
0.00085054	NaN
0.00095284	NaN
0.0010606	NaN
0.0011733	NaN
0.0012904	NaN
0.0014115	NaN
0.0015361	NaN
0.0016636	NaN
0.0017941	NaN
0.0019278	NaN
0.0020647	NaN
0.0022051	NaN
0.0023492	NaN
0.0024971	NaN
0.002649	NaN
0.0028051	NaN
0.0029661	NaN
0.0031329	NaN
0.0033065	NaN
0.0034879	NaN
0.0036779	NaN
0.0038776	NaN
0.0040879	NaN
0.0043097	NaN
0.0045432	NaN
0.0047883	NaN
0.0050447	NaN
0.0053123	NaN
0.0055909	NaN
0.0058801	NaN
0.0061799	NaN
0.00649	NaN
0.0068093	NaN
0.0071365	NaN
0.0074697	NaN
0.0078076	NaN
0.0081484	NaN
0.0084907	NaN
0.0088328	NaN
0.0091731	NaN
0.0095077	NaN
0.0098309	NaN
0.010137	NaN
0.01042	NaN
0.010673	NaN
0.010892	NaN
0.01107	NaN
0.011201	NaN
0.011285	NaN
0.011323	NaN
0.011321	NaN
0.011281	NaN
0.011208	NaN
0.011104	NaN
0.010973	NaN
0.01082	NaN
0.010648	NaN
0.010465	NaN
0.010278	NaN
0.010094	NaN
0.00992	NaN
0.0097631	NaN
0.0096305	NaN
0.009529	NaN
0.0094614	NaN
0.0094244	NaN
0.0094142	NaN
0.0094269	NaN
0.0094588	NaN
0.009506	NaN
0.0095647	NaN
0.0096311	NaN
0.0097015	NaN
0.0097725	NaN
0.0098407	NaN
0.0099027	NaN
0.0099551	NaN
0.0099945	NaN
0.010018	NaN
0.010021	NaN
0.010002	NaN
0.0099606	NaN
0.0098962	NaN
0.0098086	NaN
0.0096975	NaN
0.0095626	NaN
0.0094037	NaN
0.0092205	NaN
0.0090148	NaN
0.0087928	NaN
0.0085616	NaN
0.008328	NaN
0.0080992	NaN
0.0078819	NaN
0.0076833	NaN
0.0075102	NaN
0.0073684	NaN
0.0072604	NaN
0.0071878	NaN
0.0071527	NaN
0.0071568	NaN
0.0072019	NaN
0.00729	NaN
0.0074228	NaN
0.0076021	NaN
0.0078293	NaN
0.0081055	NaN
0.0084321	NaN
0.0088104	NaN
0.0092416	NaN
0.0097269	NaN
0.010268	NaN
0.010866	NaN
0.011529	NaN
0.012262	NaN
0.013074	NaN
0.01397	NaN
0.014959	NaN
0.016047	NaN
0.017241	NaN
0.018548	NaN
0.019974	NaN
0.021524	NaN
0.023202	NaN
0.025015	NaN
0.026967	NaN
0.029064	NaN
0.03131	NaN
0.033713	NaN
0.036282	NaN
0.039031	NaN
0.041972	NaN
0.045117	NaN
0.048478	NaN
0.052069	NaN
0.055901	NaN
0.05999	NaN
0.06436	NaN
0.069043	NaN
0.07407	NaN
0.079471	NaN
0.085277	NaN
0.091519	NaN
0.098226	NaN
0.10542	-0.43088
0.11307	-0.44052
0.12111	-0.44931
0.12947	-0.45719
0.13809	-0.46413
0.14691	-0.47005
0.15586	-0.47492
0.16487	-0.47867
0.17391	-0.48126
0.18297	-0.48261
0.19212	-0.48263
0.20142	-0.48124
0.21092	-0.47835
0.22068	-0.47387
0.23075	-0.46772
0.24119	-0.45981
0.25206	-0.45008
0.26347	-0.43868
0.27554	-0.4259
0.28842	-0.41201
0.30224	-0.3973
0.31712	-0.38207
0.3332	-0.36659
0.35062	-0.35114
0.36949	-0.33601
0.38972	-0.32125
0.41111	-0.30678
0.43342	-0.29252
0.45644	-0.27838
0.47994	-0.26428
0.5037	-0.25013
0.52749	-0.23585
0.55111	-0.22136
0.57454	-0.20663
0.5979	-0.19169
0.62133	-0.17656
0.64497	-0.16126
0.66895	-0.14581
0.69341	-0.13024
0.71848	-0.11457
0.74429	-0.098824
0.77071	-0.083171
0.79738	-0.067898
0.82394	-0.0533
0.85003	-0.03967
0.87527	-0.027301
0.8993	-0.016488
0.92175	-0.0075239
0.94227	-0.00069654
0.96042	0.0038585
0.97574	0.0061693
0.98776	0.0062724
0.996	0.0042038
1	0
0.99928	-0.0063028
0.99336	-0.014668
0.98179	-0.025061
0.96457	-0.037487
0.9423	-0.052002
0.91558	-0.068664
0.88504	-0.087533
0.85129	-0.10867
0.81497	-0.13213
0.77668	-0.15797
0.73706	-0.18625
0.69661	-0.21695
0.65574	-0.2499
0.61484	-0.28495
0.57428	-0.32192
0.53445	-0.36067
0.49574	-0.40103
0.45853	-0.44283
0.4232	-0.48591
0.38997	-0.53042
0.35878	-0.57696
0.32953	-0.62622
0.30215	-0.67885
0.27655	-0.73553
0.25264	-0.79692
0.23034	-0.86369
0.20955	-0.93651
0.19022	-1.0152
0.17232	-1.0979
0.15586	-1.1826
0.14082	-1.2673
0.12718	-1.3499
0.11494	-1.4285
0.10408	-1.501
0.094602	NaN
0.086461	NaN
0.079569	NaN
0.07383	NaN
0.069145	NaN
0.065417	NaN
0.06255	NaN
0.060445	NaN
0.059005	NaN
0.058127	NaN
0.057696	NaN
0.057593	NaN
0.057699	NaN
0.057895	NaN
0.058064	NaN
0.058087	NaN
0.057845	NaN
0.057252	NaN
0.056317	NaN
0.05507	NaN
0.053539	NaN
0.051754	NaN
0.049745	NaN
0.047539	NaN
0.045165	NaN
0.042654	NaN
0.040033	NaN
0.037331	NaN
0.034576	NaN
0.031796	NaN
0.02902	NaN
0.026277	NaN
0.023594	NaN
0.020998	NaN
0.018504	NaN
0.016126	NaN
0.013877	NaN
0.011769	NaN
0.0098149	NaN
0.0080287	NaN
0.006423	NaN
0.0050084	NaN
0.0037839	NaN
0.0027446	NaN
0.0018859	NaN
0.0012028	NaN
0.00069054	NaN
0.00034442	NaN
0.00015959	NaN
0.00012929	NaN
0.00023486	NaN
0.00045324	NaN
0.00076134	NaN
0.0011361	NaN
0.0015545	NaN
0.0019933	NaN
0.0024296	NaN
0.0028418	NaN
0.003219	NaN
0.0035549	NaN
0.0038433	NaN
0.0040781	NaN
0.004253	NaN
0.0043618	NaN
0.0043982	NaN
0.0043574	NaN
0.0042459	NaN
0.0040757	NaN
0.003859	NaN
0.0036081	NaN
0.0033351	NaN
0.0030522	NaN
0.0027717	NaN
0.002505	NaN
0.0022563	NaN
0.0020255	NaN
0.0018127	NaN
0.0016176	NaN
0.0014401	NaN
0.0012802	NaN
0.0011377	NaN
0.0010124	NaN
0.00090331	NaN
0.00080855	NaN
0.00072638	NaN
0.00065503	NaN
0.00059274	NaN
0.00053773	NaN
0.00048822	NaN
0.00044256	NaN
0.00040062	NaN
0.00036353	NaN
0.00033245	NaN
0.00030852	NaN
0.0002929	NaN
0.00028675	NaN
0.00029122	NaN
0.00030743	NaN
0.00033579	NaN
0.00037608	NaN
0.00042805	NaN
0.00049144	NaN
0.00056602	NaN
0.00065152	NaN
0.0007477	NaN
0.00085428	NaN
0.00097014	NaN
0.0010932	NaN
0.0012216	NaN
0.001353	NaN
0.0014856	NaN
0.0016173	NaN
0.0017459	NaN
0.0018694	NaN
0.0019858	NaN
0.0020927	NaN
0.0021879	NaN
0.0022691	NaN
0.002334	NaN
0.0023805	NaN
0.0024062	NaN
0.0024089	NaN
0.0023889	NaN
0.0023498	NaN
0.0022954	NaN
0.0022297	NaN
0.0021566	NaN
0.00208	NaN
0.0020037	NaN
0.0019316	NaN
0.0018668	NaN
0.0018105	NaN
0.0017642	NaN
0.0017291	NaN
0.0017065	NaN
0.0016977	NaN
0.0017041	NaN
0.0017268	NaN
0.0017663	NaN
0.0018208	NaN
0.0018886	NaN
0.0019679	NaN
0.0020568	NaN
0.0021536	NaN
0.0022564	NaN
0.0023635	NaN
0.002473	NaN
0.0025837	NaN
0.0026941	NaN
0.0028027	NaN
0.0029081	NaN
0.003009	NaN
0.003104	NaN
0.0031915	NaN
0.0032705	NaN
0.0033407	NaN
0.0034016	NaN
0.0034529	NaN
0.0034945	NaN
0.003526	NaN
0.0035471	NaN
0.0035575	NaN
0.0035571	NaN
0.0035469	NaN
0.0035278	NaN
0.0035007	NaN
0.0034666	NaN
0.0034265	NaN
0.0033813	NaN
0.003332	NaN
0.0032796	NaN
0.0032245	NaN
0.0031673	NaN
0.0031085	NaN
0.0030485	NaN
0.0029879	NaN
0.0029272	NaN
0.0028669	NaN
0.0028076	NaN
0.0027502	NaN
0.0026959	NaN
0.0026458	NaN
0.0026011	NaN
0.0025627	NaN
0.0025318	NaN
0.0025096	NaN
0.0024969	NaN
0.0024938	NaN
0.0025001	NaN
0.0025154	NaN
0.0025394	NaN
0.0025721	NaN
0.002613	NaN
0.002662	NaN
0.0027186	NaN
0.0027822	NaN
0.0028515	NaN
0.0029257	NaN
0.0030037	NaN
0.0030844	NaN
0.0031669	NaN
0.0032502	NaN
0.0033332	NaN
0.0034148	NaN
0.0034939	NaN
0.0035694	NaN
0.0036402	NaN
0.0037051	NaN
0.0037631	NaN
0.0038131	NaN
0.0038539	NaN
0.003885	NaN
0.003906	NaN
0.0039165	NaN
0.0039161	NaN
0.0039045	NaN
0.0038812	NaN
0.0038459	NaN
0.0037982	NaN
0.0037385	NaN
0.0036673	NaN
0.0035853	NaN
0.0034932	NaN
0.0033915	NaN
0.0032809	NaN
0.003162	NaN
0.0030354	NaN
0.0029022	NaN
0.0027636	NaN
0.0026206	NaN
0.0024747	NaN
0.0023268	NaN
0.0021783	NaN
0.0020303	NaN
0.001884	NaN
0.0017404	NaN
0.0016006	NaN
0.0014655	NaN
0.001336	NaN
0.0012131	NaN
0.0010977	NaN
0.00099075	NaN
0.00089323	NaN
0.00080528	NaN
0.00072641	NaN
0.0006561	NaN
0.00059385	NaN
0.00053915	NaN
0.00049149	NaN
0.00045034	NaN
0.00041521	NaN
0.00038558	NaN
0.00036091	NaN
0.00034069	NaN
0.0003244	NaN
0.00031149	NaN
0.00030146	NaN
0.00029378	NaN
0.00028792	NaN
0.00028349	NaN
0.00028027	NaN
0.00027801	NaN
0.00027649	NaN
0.00027549	NaN
0.00027478	NaN
0.00027412	NaN
0.00027329	NaN
0.00027213	NaN
0.00027055	NaN
0.00026848	NaN
0.00026584	NaN
0.00026256	NaN
0.00025857	NaN
0.00025377	NaN
0.00024811	NaN
0.00024156	NaN
0.00023416	NaN
0.00022599	NaN
0.0002171	NaN
0.00020756	NaN
0.00019742	NaN
0.00018674	NaN
0.0001756	NaN
0.00016406	NaN
0.00015225	NaN
0.00014029	NaN
0.00012829	NaN
0.00011639	NaN
0.0001047	NaN
9.3349e-05	NaN
8.2452e-05	NaN
7.2107e-05	NaN
6.236e-05	NaN
5.3245e-05	NaN
4.48e-05	NaN
3.7063e-05	NaN
3.0068e-05	NaN
2.3853e-05	NaN
1.8455e-05	NaN
1.3886e-05	NaN
1.0098e-05	NaN
7.0346e-06	NaN
4.6375e-06	NaN
2.8499e-06	NaN
1.6144e-06	NaN
8.7373e-07	NaN
5.7071e-07	NaN
6.4833e-07	NaN
1.0505e-06	NaN
1.7215e-06	NaN
2.6053e-06	NaN
3.6461e-06	NaN
4.7879e-06	NaN
5.975e-06	NaN
7.1515e-06	NaN
8.2697e-06	NaN
9.3105e-06	NaN
1.0261e-05	NaN
1.1109e-05	NaN
1.184e-05	NaN
1.2443e-05	NaN
1.2903e-05	NaN
1.321e-05	NaN
1.3353e-05	NaN
1.3342e-05	NaN
1.3192e-05	NaN
1.2916e-05	NaN
1.2528e-05	NaN
1.2043e-05	NaN
1.1473e-05	NaN
1.0835e-05	NaN
1.0141e-05	NaN
9.4054e-06	NaN
8.6437e-06	NaN
7.8704e-06	NaN
7.0998e-06	NaN
6.3468e-06	NaN
5.626e-06	NaN
4.9519e-06	NaN
4.3371e-06	NaN
3.7823e-06	NaN
3.2836e-06	NaN
2.8375e-06	NaN
2.4403e-06	NaN
2.0883e-06	NaN
1.7778e-06	NaN
1.5052e-06	NaN
1.2669e-06	NaN
1.0605e-06	NaN
8.8413e-07	NaN
7.3574e-07	NaN
6.1341e-07	NaN
5.1518e-07	NaN
4.3908e-07	NaN
3.8316e-07	NaN
3.4538e-07	NaN
3.2292e-07	NaN
3.1261e-07	NaN
3.1128e-07	NaN
3.1575e-07	NaN
3.2285e-07	NaN
3.294e-07	NaN
3.3223e-07	NaN
3.2844e-07	NaN
3.1778e-07	NaN
3.0151e-07	NaN
2.8091e-07	NaN
2.5725e-07	NaN
2.3181e-07	NaN
2.0586e-07	NaN
1.8067e-07	NaN
1.5747e-07	NaN
1.3665e-07	NaN
1.1813e-07	NaN
1.018e-07	NaN
8.7534e-08	NaN
7.5234e-08	NaN
6.4788e-08	NaN
5.6086e-08	NaN
4.9018e-08	NaN
4.3447e-08	NaN
3.9219e-08	NaN
3.6182e-08	NaN
3.418e-08	NaN
3.3059e-08	NaN
3.2665e-08	NaN
3.2843e-08	NaN
3.3451e-08	NaN
3.4536e-08	NaN
3.6315e-08	NaN
3.9011e-08	NaN
4.2847e-08	NaN
4.8044e-08	NaN
5.4826e-08	NaN
6.3414e-08	NaN
7.4011e-08	NaN
8.6312e-08	NaN
9.9506e-08	NaN
1.1276e-07	NaN
1.2523e-07	NaN
1.361e-07	NaN
1.4452e-07	NaN
1.4966e-07	NaN
1.5072e-07	NaN
1.4786e-07	NaN
1.4238e-07	NaN
1.3562e-07	NaN
1.2895e-07	NaN
1.2373e-07	NaN
1.2131e-07	NaN
1.2305e-07	NaN
1.3027e-07	NaN
1.4336e-07	NaN
1.6136e-07	NaN
1.8324e-07	NaN
2.0796e-07	NaN
2.345e-07	NaN
2.6181e-07	NaN
2.8887e-07	NaN
3.1464e-07	NaN
3.3824e-07	NaN
3.5902e-07	NaN
3.7635e-07	NaN
3.896e-07	NaN
3.9816e-07	NaN
4.0138e-07	NaN
3.9864e-07	NaN
3.8932e-07	NaN
3.7338e-07	NaN
3.5189e-07	NaN
3.2598e-07	NaN
2.9683e-07	NaN
2.6559e-07	NaN
2.3341e-07	NaN
2.0146e-07	NaN
1.7089e-07	NaN
1.4254e-07	NaN
1.1654e-07	NaN
9.2939e-08	NaN
7.1801e-08	NaN
5.3174e-08	NaN
3.7111e-08	NaN
2.3667e-08	NaN
1.2893e-08	NaN
4.7825e-09	NaN
8.2197e-10	NaN
4.0996e-09	NaN
5.2298e-09	NaN
4.3918e-09	NaN
1.765e-09	NaN
2.4712e-09	NaN
8.1375e-09	NaN
1.5076e-08	NaN
2.3191e-08	NaN
3.2396e-08	NaN
4.2608e-08	NaN
5.3741e-08	NaN
6.571e-08	NaN
7.843e-08	NaN
9.1815e-08	NaN
1.0578e-07	NaN
1.2024e-07	NaN
1.3512e-07	NaN
1.5032e-07	NaN
1.6576e-07	NaN
1.8135e-07	NaN
1.9702e-07	NaN
2.1267e-07	NaN
1.6658e-07	NaN
1.4709e-07	NaN
1.2937e-07	NaN
1.1333e-07	NaN
9.8882e-08	NaN
8.5947e-08	NaN
7.4437e-08	NaN
6.4266e-08	NaN
5.5348e-08	NaN
4.7598e-08	NaN
