2.3495e-07	NaN
2.3247e-07	NaN
2.2632e-07	NaN
2.1706e-07	NaN
2.0522e-07	NaN
1.9138e-07	NaN
1.7609e-07	NaN
1.599e-07	NaN
1.4338e-07	NaN
1.2706e-07	NaN
1.1152e-07	NaN
9.7309e-08	NaN
8.4979e-08	NaN
7.5087e-08	NaN
6.8191e-08	NaN
6.4846e-08	NaN
6.5608e-08	NaN
7.0885e-08	NaN
8.0269e-08	NaN
9.3068e-08	NaN
1.0859e-07	NaN
1.2613e-07	NaN
1.4502e-07	NaN
1.6454e-07	NaN
1.8401e-07	NaN
2.0274e-07	NaN
2.2006e-07	NaN
2.3529e-07	NaN
2.4777e-07	NaN
2.5683e-07	NaN
2.618e-07	NaN
2.6202e-07	NaN
2.5682e-07	NaN
2.4568e-07	NaN
2.2933e-07	NaN
2.0907e-07	NaN
1.862e-07	NaN
1.6203e-07	NaN
1.3786e-07	NaN
1.15e-07	NaN
9.4749e-08	NaN
7.8302e-08	NaN
6.5693e-08	NaN
5.6331e-08	NaN
4.9618e-08	NaN
4.4954e-08	NaN
4.174e-08	NaN
3.9379e-08	NaN
3.7271e-08	NaN
3.4858e-08	NaN
3.203e-08	NaN
2.897e-08	NaN
2.5865e-08	NaN
2.2901e-08	NaN
2.0264e-08	NaN
1.8141e-08	NaN
1.6718e-08	NaN
1.6221e-08	NaN
1.7441e-08	NaN
2.1582e-08	NaN
2.9863e-08	NaN
4.3499e-08	NaN
6.3707e-08	NaN
9.1703e-08	NaN
1.287e-07	NaN
1.7591e-07	NaN
2.3418e-07	NaN
3.0409e-07	NaN
3.8621e-07	NaN
4.8111e-07	NaN
5.8936e-07	NaN
7.1151e-07	NaN
8.4815e-07	NaN
9.9983e-07	NaN
1.1671e-06	NaN
1.3507e-06	NaN
1.5511e-06	NaN
1.769e-06	NaN
2.005e-06	NaN
2.2596e-06	NaN
2.5336e-06	NaN
2.8276e-06	NaN
3.1448e-06	NaN
3.4912e-06	NaN
3.8733e-06	NaN
4.2972e-06	NaN
4.7692e-06	NaN
5.2955e-06	NaN
5.8824e-06	NaN
6.5362e-06	NaN
7.2636e-06	NaN
8.072e-06	NaN
8.9686e-06	NaN
9.9609e-06	NaN
1.1056e-05	NaN
1.2262e-05	NaN
1.3586e-05	NaN
1.5035e-05	NaN
1.6605e-05	NaN
1.8276e-05	NaN
2.0026e-05	NaN
2.1834e-05	NaN
2.3678e-05	NaN
2.5536e-05	NaN
2.7386e-05	NaN
2.9208e-05	NaN
3.098e-05	NaN
3.2687e-05	NaN
3.4315e-05	NaN
3.5847e-05	NaN
3.7267e-05	NaN
3.8562e-05	NaN
3.9714e-05	NaN
4.0709e-05	NaN
4.1542e-05	NaN
4.2228e-05	NaN
4.2784e-05	NaN
4.323e-05	NaN
4.3582e-05	NaN
4.386e-05	NaN
4.4081e-05	NaN
4.4263e-05	NaN
4.4422e-05	NaN
4.4568e-05	NaN
4.471e-05	NaN
4.4856e-05	NaN
4.5017e-05	NaN
4.52e-05	NaN
4.5416e-05	NaN
4.5672e-05	NaN
4.5979e-05	NaN
4.6346e-05	NaN
4.6782e-05	NaN
4.7298e-05	NaN
4.7903e-05	NaN
4.8606e-05	NaN
4.9419e-05	NaN
5.0349e-05	NaN
5.1421e-05	NaN
5.2703e-05	NaN
5.4272e-05	NaN
5.6206e-05	NaN
5.8583e-05	NaN
6.1479e-05	NaN
6.4973e-05	NaN
6.9142e-05	NaN
7.4074e-05	NaN
7.9901e-05	NaN
8.6764e-05	NaN
9.4804e-05	NaN
0.00010416	NaN
0.00011498	NaN
0.0001274	NaN
0.00014157	NaN
0.00015758	NaN
0.00017541	NaN
0.00019495	NaN
0.00021611	NaN
0.00023881	NaN
0.00026296	NaN
0.00028846	NaN
0.00031524	NaN
0.00034315	NaN
0.00037191	NaN
0.00040113	NaN
0.00043045	NaN
0.0004595	NaN
0.00048792	NaN
0.00051533	NaN
0.00054136	NaN
0.00056567	NaN
0.00058802	NaN
0.00060822	NaN
0.00062609	NaN
0.00064143	NaN
0.00065407	NaN
0.00066381	NaN
0.00067047	NaN
0.00067388	NaN
0.00067411	NaN
0.00067131	NaN
0.00066566	NaN
0.0006573	NaN
0.00064641	NaN
0.00063313	NaN
0.00061765	NaN
0.0006001	NaN
0.00058061	NaN
0.00055928	NaN
0.00053619	NaN
0.00051144	NaN
0.00048514	NaN
0.00045736	NaN
0.00042821	NaN
0.00039782	NaN
0.00036664	NaN
0.00033538	NaN
0.0003047	NaN
0.00027531	NaN
0.00024789	NaN
0.00022312	NaN
0.0002017	NaN
0.00018429	NaN
0.00017141	NaN
0.00016343	NaN
0.00016072	NaN
0.00016366	NaN
0.00017262	NaN
0.00018798	NaN
0.00021011	NaN
0.00023937	NaN
0.00027581	NaN
0.00031925	NaN
0.00036947	NaN
0.00042628	NaN
0.00048947	NaN
0.00055884	NaN
0.00063419	NaN
0.00071531	NaN
0.00080191	NaN
0.00089363	NaN
0.0009901	NaN
0.0010909	NaN
0.0011958	NaN
0.0013043	NaN
0.0014161	NaN
0.0015308	NaN
0.0016482	NaN
0.0017681	NaN
0.0018903	NaN
0.0020147	NaN
0.0021411	NaN
0.0022694	NaN
0.0023995	NaN
0.0025311	NaN
0.0026642	NaN
0.0027987	NaN
0.0029343	NaN
0.003071	NaN
0.0032087	NaN
0.0033472	NaN
0.0034864	NaN
0.0036262	NaN
0.0037664	NaN
0.0039067	NaN
0.0040468	NaN
0.0041864	NaN
0.0043252	NaN
0.0044629	NaN
0.0045992	NaN
0.0047339	NaN
0.0048666	NaN
0.004997	NaN
0.0051248	NaN
0.0052498	NaN
0.0053715	NaN
0.0054898	NaN
0.0056043	NaN
0.0057147	NaN
0.0058205	NaN
0.0059213	NaN
0.0060163	NaN
0.0061048	NaN
0.0061862	NaN
0.0062599	NaN
0.0063252	NaN
0.0063815	NaN
0.006428	NaN
0.0064643	NaN
0.0064898	NaN
0.0065039	NaN
0.006506	NaN
0.0064956	NaN
0.0064721	NaN
0.0064349	NaN
0.0063836	NaN
0.0063185	NaN
0.0062399	NaN
0.006148	NaN
0.0060432	NaN
0.0059256	NaN
0.0057958	NaN
0.0056538	NaN
0.0055002	NaN
0.0053356	NaN
0.0051607	NaN
0.0049764	NaN
0.0047834	NaN
0.0045824	NaN
0.0043743	NaN
0.0041597	NaN
0.0039396	NaN
0.0037154	NaN
0.0034889	NaN
0.0032615	NaN
0.003035	NaN
0.0028108	NaN
0.0025907	NaN
0.0023763	NaN
0.002169	NaN
0.0019695	NaN
0.0017783	NaN
0.0015959	NaN
0.0014229	NaN
0.0012597	NaN
0.0011068	NaN
0.0009648	NaN
0.000834	NaN
0.00071426	NaN
0.00060521	NaN
0.00050649	NaN
0.00041773	NaN
0.00033857	NaN
0.00026863	NaN
0.00020756	NaN
0.00015499	NaN
0.00011062	NaN
7.417e-05	NaN
4.5344e-05	NaN
2.386e-05	NaN
9.4315e-06	NaN
1.7728e-06	NaN
5.9782e-07	NaN
5.6079e-06	NaN
1.6409e-05	NaN
3.2562e-05	NaN
5.3631e-05	NaN
7.9176e-05	NaN
0.00010876	NaN
0.00014194	NaN
0.00017829	NaN
0.00021734	NaN
0.0002584	NaN
0.00030067	NaN
0.00034334	NaN
0.00038561	NaN
0.00042668	NaN
0.00046573	NaN
0.00050197	NaN
0.00053463	NaN
0.00056349	NaN
0.00058864	NaN
0.00061018	NaN
0.0006282	NaN
0.00064281	NaN
0.0006541	NaN
0.00066218	NaN
0.00066714	NaN
0.00066928	NaN
0.00066899	NaN
0.00066667	NaN
0.00066272	NaN
0.00065754	NaN
0.00065154	NaN
0.00064511	NaN
0.00063865	NaN
0.00063228	NaN
0.00062593	NaN
0.00061952	NaN
0.00061298	NaN
0.00060622	NaN
0.00059917	NaN
0.00059175	NaN
0.00058387	NaN
0.00057544	NaN
0.00056636	NaN
0.00055652	NaN
0.00054581	NaN
0.00053413	NaN
0.00052136	NaN
0.0005074	NaN
0.00049214	NaN
0.00047552	NaN
0.00045753	NaN
0.00043815	NaN
0.00041737	NaN
0.00039517	NaN
0.00037154	NaN
0.00034648	NaN
0.00031996	NaN
0.00029228	NaN
0.00026406	NaN
0.00023597	NaN
0.00020866	NaN
0.0001828	NaN
0.00015904	NaN
0.00013804	NaN
0.00012046	NaN
0.00010679	NaN
9.7317e-05	NaN
9.2275e-05	NaN
9.1921e-05	NaN
9.6504e-05	NaN
0.00010628	NaN
0.00012149	NaN
0.00014238	NaN
0.00016874	NaN
0.00019956	NaN
0.00023376	NaN
0.00027026	NaN
0.00030797	NaN
0.00034581	NaN
0.00038271	NaN
0.00041758	NaN
0.00044964	NaN
0.00047871	NaN
0.00050466	NaN
0.00052738	NaN
0.00054674	NaN
0.00056263	NaN
0.00057493	NaN
0.00058351	NaN
0.00058829	NaN
0.00058919	NaN
0.00058616	NaN
0.00057915	NaN
0.00056811	NaN
0.00055297	NaN
0.00053369	NaN
0.0005102	NaN
0.00048263	NaN
0.00045156	NaN
0.00041764	NaN
0.00038152	NaN
0.00034385	NaN
0.0003053	NaN
0.00026651	NaN
0.00022815	NaN
0.00019122	NaN
0.00015786	NaN
0.00013043	NaN
0.00011129	NaN
0.0001028	NaN
0.00010732	NaN
0.00012722	NaN
0.00016485	NaN
0.00022361	NaN
0.00031078	NaN
0.00043453	NaN
0.00060305	NaN
0.00082452	NaN
0.0011071	NaN
0.001459	NaN
0.0018884	NaN
0.0024058	NaN
0.0030325	NaN
0.0037925	NaN
0.0047099	NaN
0.0058089	NaN
0.0071135	NaN
0.0086477	NaN
0.010436	NaN
0.012505	NaN
0.014901	NaN
0.017674	NaN
0.020875	NaN
0.024556	NaN
0.028766	NaN
0.033558	NaN
0.038981	NaN
0.045083	NaN
0.051888	NaN
0.059412	NaN
0.06767	NaN
0.076678	NaN
0.086451	NaN
0.097004	NaN
0.10835	-0.62841
0.12052	-0.62905
0.13352	-0.62752
0.14741	-0.62398
0.16221	-0.61857
0.17797	-0.61143
0.19471	-0.60271
0.21248	-0.59256
0.23132	-0.58112
0.25125	-0.56853
0.27225	-0.55489
0.29429	-0.54029
0.31731	-0.52481
0.34129	-0.50853
0.36617	-0.49153
0.39192	-0.47389
0.41849	-0.4557
0.44583	-0.43704
0.47383	-0.41797
0.50234	-0.39853
0.53121	-0.3788
0.5603	-0.35881
0.58945	-0.33863
0.61851	-0.3183
0.64734	-0.29788
0.67578	-0.27743
0.70371	-0.257
0.73102	-0.23666
0.7576	-0.2165
0.78334	-0.19658
0.80814	-0.17697
0.83188	-0.15775
0.85445	-0.13898
0.87575	-0.12074
0.89568	-0.10315
0.91414	-0.0864
0.93105	-0.070647
0.94632	-0.056065
0.95986	-0.042827
0.97158	-0.031105
0.98138	-0.021071
0.98918	-0.012891
0.99491	-0.0066503
0.99853	-0.0023527
1	0
0.99927	0.00040584
0.99629	-0.0011369
0.99103	-0.0046301
0.98343	-0.010075
0.97347	-0.017474
0.96125	-0.026822
0.94705	-0.038107
0.93114	-0.051317
0.91381	-0.06644
0.89534	-0.083464
0.87601	-0.10238
0.85609	-0.12317
0.83587	-0.14582
0.81549	-0.17027
0.79494	-0.19641
0.77419	-0.22411
0.75322	-0.25325
0.732	-0.28371
0.7105	-0.31536
0.68871	-0.34809
0.66659	-0.38177
0.64412	-0.41659
0.62122	-0.45316
0.59786	-0.49214
0.57397	-0.53417
0.54951	-0.5799
0.52441	-0.62998
0.49862	-0.68505
0.47209	-0.74576
0.44487	-0.81165
0.41718	-0.88048
0.38926	-0.94985
0.36134	-1.0173
0.33367	-1.0806
0.30648	-1.1371
0.28001	-1.1845
0.25449	-1.2204
0.23013	-1.2461
0.20703	-1.2703
0.1853	-1.3021
0.16504	-1.3511
0.14635	-1.4264
0.12933	-1.5375
0.1141	-1.6937
0.10074	-1.9042
0.089289	NaN
0.079627	NaN
0.071601	NaN
0.065065	NaN
0.059871	NaN
0.05587	NaN
0.052916	NaN
0.05086	NaN
0.049572	NaN
0.048971	NaN
0.048983	NaN
0.049533	NaN
0.050547	NaN
0.051951	NaN
0.053671	NaN
0.055633	NaN
0.057766	NaN
0.060014	NaN
0.062324	NaN
0.064642	NaN
0.066914	NaN
0.069086	NaN
0.071105	NaN
0.072917	NaN
0.074472	NaN
0.075739	NaN
0.076687	NaN
0.077288	NaN
0.077513	NaN
0.077333	NaN
0.076719	NaN
0.075642	NaN
0.074086	NaN
0.072087	NaN
0.069699	NaN
0.066973	NaN
0.06396	NaN
0.060714	NaN
0.057286	NaN
0.053728	NaN
0.050089	NaN
0.04641	NaN
0.042727	NaN
0.039074	NaN
0.035489	NaN
0.032008	NaN
0.028665	NaN
0.025498	NaN
0.022538	NaN
0.019797	NaN
0.017275	NaN
0.014976	NaN
0.012901	NaN
0.011052	NaN
0.0094315	NaN
0.0080419	NaN
0.0068837	NaN
0.0059487	NaN
0.0052246	NaN
0.0046992	NaN
0.0043603	NaN
0.0041954	NaN
0.0041924	NaN
0.0043391	NaN
0.004623	NaN
0.0050316	NaN
0.005552	NaN
0.0061713	NaN
0.0068768	NaN
0.0076554	NaN
0.0084945	NaN
0.0093812	NaN
0.010302	NaN
0.011245	NaN
0.012196	NaN
0.01314	NaN
0.014066	NaN
0.014959	NaN
0.015805	NaN
0.016592	NaN
0.017306	NaN
0.017941	NaN
0.018496	NaN
0.01897	NaN
0.019362	NaN
0.01967	NaN
0.019895	NaN
0.020034	NaN
0.020086	NaN
0.020057	NaN
0.019952	NaN
0.019781	NaN
0.01955	NaN
0.019268	NaN
0.018942	NaN
0.01858	NaN
0.018189	NaN
0.017775	NaN
0.017344	NaN
0.0169	NaN
0.016446	NaN
0.015988	NaN
0.01553	NaN
0.015077	NaN
0.014633	NaN
0.0142	NaN
0.013775	NaN
0.013358	NaN
0.012947	NaN
0.012539	NaN
0.012134	NaN
0.011729	NaN
0.011324	NaN
0.010917	NaN
0.010512	NaN
0.01011	NaN
0.0097145	NaN
0.0093272	NaN
0.0089506	NaN
0.008587	NaN
0.0082387	NaN
0.0079071	NaN
0.007592	NaN
0.0072929	NaN
0.0070098	NaN
0.0067421	NaN
0.0064897	NaN
0.0062523	NaN
0.0060295	NaN
0.0058205	NaN
0.0056236	NaN
0.0054369	NaN
0.0052587	NaN
0.0050872	NaN
0.0049205	NaN
0.0047569	NaN
0.0045945	NaN
0.0044324	NaN
0.0042708	NaN
0.0041102	NaN
0.0039511	NaN
0.0037939	NaN
0.0036392	NaN
0.0034874	NaN
0.003339	NaN
0.0031943	NaN
0.0030538	NaN
0.0029174	NaN
0.0027856	NaN
0.0026585	NaN
0.0025363	NaN
0.0024193	NaN
0.0023076	NaN
0.0022014	NaN
0.0021003	NaN
0.002004	NaN
0.0019119	NaN
0.0018237	NaN
0.001739	NaN
0.0016574	NaN
0.0015785	NaN
0.001502	NaN
0.0014276	NaN
0.001355	NaN
0.0012842	NaN
0.0012149	NaN
0.0011468	NaN
0.0010799	NaN
0.0010138	NaN
0.0009485	NaN
0.00088419	NaN
0.00082113	NaN
0.00075961	NaN
0.0006999	NaN
0.00064228	NaN
0.00058702	NaN
0.00053442	NaN
0.0004847	NaN
0.00043793	NaN
0.00039415	NaN
0.00035337	NaN
0.00031563	NaN
0.00028094	NaN
0.00024935	NaN
0.00022086	NaN
0.00019548	NaN
0.000173	NaN
0.0001532	NaN
0.00013581	NaN
0.0001206	NaN
0.00010731	NaN
9.5702e-05	NaN
8.5531e-05	NaN
7.6564e-05	NaN
6.8655e-05	NaN
6.169e-05	NaN
5.5556e-05	NaN
5.0138e-05	NaN
4.5323e-05	NaN
4.0995e-05	NaN
3.7043e-05	NaN
3.336e-05	NaN
2.9914e-05	NaN
2.6699e-05	NaN
2.3711e-05	NaN
2.0945e-05	NaN
1.8396e-05	NaN
1.6061e-05	NaN
1.3934e-05	NaN
1.2011e-05	NaN
1.0289e-05	NaN
8.7688e-06	NaN
7.4481e-06	NaN
6.3262e-06	NaN
5.4019e-06	NaN
4.6743e-06	NaN
4.1422e-06	NaN
3.8026e-06	NaN
3.6321e-06	NaN
3.5954e-06	NaN
3.6572e-06	NaN
3.782e-06	NaN
3.9345e-06	NaN
4.0794e-06	NaN
4.1812e-06	NaN
4.207e-06	NaN
4.1516e-06	NaN
4.0288e-06	NaN
3.8527e-06	NaN
3.6374e-06	NaN
3.3969e-06	NaN
3.1453e-06	NaN
2.8967e-06	NaN
2.6645e-06	NaN
2.4543e-06	NaN
2.265e-06	NaN
2.0956e-06	NaN
1.9451e-06	NaN
1.8122e-06	NaN
1.6961e-06	NaN
1.5955e-06	NaN
1.5096e-06	NaN
1.4408e-06	NaN
1.3945e-06	NaN
1.376e-06	NaN
1.3909e-06	NaN
1.4446e-06	NaN
1.5425e-06	NaN
1.6902e-06	NaN
1.8927e-06	NaN
2.1497e-06	NaN
2.4546e-06	NaN
2.8008e-06	NaN
3.1815e-06	NaN
3.5899e-06	NaN
4.0194e-06	NaN
4.4633e-06	NaN
4.915e-06	NaN
5.3755e-06	NaN
5.8545e-06	NaN
6.3624e-06	NaN
6.9093e-06	NaN
7.5056e-06	NaN
8.1616e-06	NaN
8.8874e-06	NaN
9.6931e-06	NaN
1.0574e-05	NaN
1.1504e-05	NaN
1.2457e-05	NaN
1.3406e-05	NaN
1.4324e-05	NaN
1.5185e-05	NaN
1.596e-05	NaN
1.6625e-05	NaN
1.7165e-05	NaN
1.7586e-05	NaN
1.7898e-05	NaN
1.8108e-05	NaN
1.8225e-05	NaN
1.8258e-05	NaN
1.8215e-05	NaN
1.8104e-05	NaN
1.7938e-05	NaN
1.7736e-05	NaN
1.7517e-05	NaN
1.7302e-05	NaN
1.711e-05	NaN
1.6961e-05	NaN
1.6876e-05	NaN
1.6873e-05	NaN
1.6959e-05	NaN
1.7111e-05	NaN
1.7302e-05	NaN
1.7507e-05	NaN
1.7697e-05	NaN
1.7846e-05	NaN
1.7928e-05	NaN
1.7916e-05	NaN
1.7789e-05	NaN
1.7541e-05	NaN
1.7167e-05	NaN
1.6664e-05	NaN
1.6027e-05	NaN
1.5252e-05	NaN
1.4335e-05	NaN
1.3273e-05	NaN
1.207e-05	NaN
1.0763e-05	NaN
9.3926e-06	NaN
8.0006e-06	NaN
6.6279e-06	NaN
5.3158e-06	NaN
4.1054e-06	NaN
3.038e-06	NaN
2.1455e-06	NaN
1.428e-06	NaN
8.7853e-07	NaN
4.9012e-07	NaN
2.5588e-07	NaN
1.6885e-07	NaN
2.2212e-07	NaN
4.0875e-07	NaN
7.1937e-07	NaN
1.1346e-06	NaN
1.6325e-06	NaN
2.1913e-06	NaN
2.7888e-06	NaN
3.4033e-06	NaN
4.0128e-06	NaN
4.5954e-06	NaN
5.1318e-06	NaN
5.6163e-06	NaN
6.0468e-06	NaN
6.4216e-06	NaN
6.7386e-06	NaN
6.9959e-06	NaN
7.1918e-06	NaN
7.3242e-06	NaN
7.3923e-06	NaN
7.4022e-06	NaN
7.3618e-06	NaN
7.2795e-06	NaN
7.1634e-06	NaN
7.0216e-06	NaN
6.8624e-06	NaN
6.694e-06	NaN
6.5236e-06	NaN
6.3528e-06	NaN
6.1806e-06	NaN
6.006e-06	NaN
5.8282e-06	NaN
5.6461e-06	NaN
5.4588e-06	NaN
5.2653e-06	NaN
5.0648e-06	NaN
4.8564e-06	NaN
4.6397e-06	NaN
4.4141e-06	NaN
4.1789e-06	NaN
3.9335e-06	NaN
3.6775e-06	NaN
3.4102e-06	NaN
3.1313e-06	NaN
2.8438e-06	NaN
2.5521e-06	NaN
2.2612e-06	NaN
1.9755e-06	NaN
1.6997e-06	NaN
1.4386e-06	NaN
1.1968e-06	NaN
9.7864e-07	NaN
7.8539e-07	NaN
6.1619e-07	NaN
4.7014e-07	NaN
3.4637e-07	NaN
2.4396e-07	NaN
1.6204e-07	NaN
9.9721e-08	NaN
5.6044e-08	NaN
2.9226e-08	NaN
1.6842e-08	NaN
1.6453e-08	NaN
2.5621e-08	NaN
4.1906e-08	NaN
6.2867e-08	NaN
8.6067e-08	NaN
1.0914e-07	NaN
1.3108e-07	NaN
1.5207e-07	NaN
1.7233e-07	NaN
1.9208e-07	NaN
2.1156e-07	NaN
2.3097e-07	NaN
2.5055e-07	NaN
2.7051e-07	NaN
2.9087e-07	NaN
3.1145e-07	NaN
3.3206e-07	NaN
3.5253e-07	NaN
3.7266e-07	NaN
3.9227e-07	NaN
4.1118e-07	NaN
4.2918e-07	NaN
4.4577e-07	NaN
4.6006e-07	NaN
4.7114e-07	NaN
4.7811e-07	NaN
4.8006e-07	NaN
4.7609e-07	NaN
4.6529e-07	NaN
4.4677e-07	NaN
4.2066e-07	NaN
3.8846e-07	NaN
3.5174e-07	NaN
3.1209e-07	NaN
2.7109e-07	NaN
2.3032e-07	NaN
1.9137e-07	NaN
1.5582e-07	NaN
1.2478e-07	NaN
9.8643e-08	NaN
7.7751e-08	NaN
6.2437e-08	NaN
5.3034e-08	NaN
4.9879e-08	NaN
5.3306e-08	NaN
6.3641e-08	NaN
8.0319e-08	NaN
1.0116e-07	NaN
1.2383e-07	NaN
1.4596e-07	NaN
1.6523e-07	NaN
1.7927e-07	NaN
1.8574e-07	NaN
1.8232e-07	NaN
1.6821e-07	NaN
1.4592e-07	NaN
1.1838e-07	NaN
8.852e-08	NaN
5.9251e-08	NaN
3.3501e-08	NaN
1.4192e-08	NaN
4.2466e-09	NaN
5.423e-09	NaN
1.6627e-08	NaN
3.6333e-08	NaN
6.3015e-08	NaN
9.5147e-08	NaN
1.312e-07	NaN
1.6966e-07	NaN
2.0899e-07	NaN
2.4787e-07	NaN
2.8555e-07	NaN
3.2141e-07	NaN
3.548e-07	NaN
3.8509e-07	NaN
4.1164e-07	NaN
4.3381e-07	NaN
4.5097e-07	NaN
4.6248e-07	NaN
4.677e-07	NaN
4.66e-07	NaN
4.5674e-07	NaN
4.3927e-07	NaN
4.1298e-07	NaN
3.7721e-07	NaN
3.3133e-07	NaN
