5.3786e-08	NaN
4.8403e-08	NaN
4.454e-08	NaN
4.2177e-08	NaN
4.1293e-08	NaN
4.1868e-08	NaN
4.3882e-08	NaN
4.7315e-08	NaN
5.2146e-08	NaN
5.8355e-08	NaN
6.5922e-08	NaN
7.4826e-08	NaN
8.5047e-08	NaN
9.6566e-08	NaN
1.0936e-07	NaN
1.2338e-07	NaN
1.3835e-07	NaN
1.5396e-07	NaN
1.6987e-07	NaN
1.8575e-07	NaN
2.0127e-07	NaN
2.1611e-07	NaN
2.2992e-07	NaN
2.4242e-07	NaN
2.5339e-07	NaN
2.6271e-07	NaN
2.7023e-07	NaN
2.7582e-07	NaN
2.7934e-07	NaN
2.8064e-07	NaN
2.7959e-07	NaN
2.7609e-07	NaN
2.7034e-07	NaN
2.6268e-07	NaN
2.5348e-07	NaN
2.4307e-07	NaN
2.318e-07	NaN
2.2002e-07	NaN
2.0808e-07	NaN
1.9632e-07	NaN
1.8497e-07	NaN
1.7422e-07	NaN
1.6426e-07	NaN
1.5527e-07	NaN
1.4743e-07	NaN
1.4093e-07	NaN
1.3594e-07	NaN
1.3273e-07	NaN
1.3232e-07	NaN
1.362e-07	NaN
1.459e-07	NaN
1.6294e-07	NaN
1.8884e-07	NaN
2.2512e-07	NaN
2.7329e-07	NaN
3.3479e-07	NaN
4.0991e-07	NaN
4.981e-07	NaN
5.9875e-07	NaN
7.113e-07	NaN
8.3515e-07	NaN
9.6973e-07	NaN
1.1144e-06	NaN
1.2687e-06	NaN
1.4308e-06	NaN
1.5986e-06	NaN
1.7697e-06	NaN
1.9418e-06	NaN
2.1124e-06	NaN
2.2792e-06	NaN
2.4399e-06	NaN
2.5921e-06	NaN
2.7343e-06	NaN
2.8652e-06	NaN
2.9838e-06	NaN
3.0892e-06	NaN
3.1802e-06	NaN
3.2559e-06	NaN
3.3151e-06	NaN
3.3569e-06	NaN
3.3818e-06	NaN
3.3921e-06	NaN
3.3901e-06	NaN
3.3781e-06	NaN
3.3584e-06	NaN
3.3335e-06	NaN
3.3056e-06	NaN
3.2773e-06	NaN
3.2616e-06	NaN
3.2849e-06	NaN
3.3747e-06	NaN
3.5583e-06	NaN
3.8634e-06	NaN
4.3172e-06	NaN
4.9472e-06	NaN
5.7806e-06	NaN
6.8339e-06	NaN
8.1066e-06	NaN
9.5972e-06	NaN
1.1304e-05	NaN
1.3225e-05	NaN
1.5359e-05	NaN
1.7704e-05	NaN
2.0258e-05	NaN
2.3002e-05	NaN
2.5886e-05	NaN
2.886e-05	NaN
3.1869e-05	NaN
3.4862e-05	NaN
3.7785e-05	NaN
4.0588e-05	NaN
4.3217e-05	NaN
4.5637e-05	NaN
4.7851e-05	NaN
4.9863e-05	NaN
5.1681e-05	NaN
5.3309e-05	NaN
5.4754e-05	NaN
5.6022e-05	NaN
5.7118e-05	NaN
5.8059e-05	NaN
5.8884e-05	NaN
5.9637e-05	NaN
6.036e-05	NaN
6.1098e-05	NaN
6.1894e-05	NaN
6.2791e-05	NaN
6.3833e-05	NaN
6.5044e-05	NaN
6.6401e-05	NaN
6.7871e-05	NaN
6.9421e-05	NaN
7.1017e-05	NaN
7.2627e-05	NaN
7.4218e-05	NaN
7.5756e-05	NaN
7.7221e-05	NaN
7.8637e-05	NaN
8.0033e-05	NaN
8.1443e-05	NaN
8.2896e-05	NaN
8.4425e-05	NaN
8.606e-05	NaN
8.7834e-05	NaN
8.9796e-05	NaN
9.2074e-05	NaN
9.4811e-05	NaN
9.8154e-05	NaN
0.00010225	NaN
0.00010723	NaN
0.00011326	NaN
0.00012047	NaN
0.00012899	NaN
0.00013891	NaN
0.00015029	NaN
0.00016318	NaN
0.00017764	NaN
0.00019373	NaN
0.00021152	NaN
0.00023107	NaN
0.00025238	NaN
0.00027522	NaN
0.00029927	NaN
0.00032419	NaN
0.00034966	NaN
0.00037536	NaN
0.00040096	NaN
0.00042614	NaN
0.00045057	NaN
0.00047398	NaN
0.0004961	NaN
0.00051666	NaN
0.00053542	NaN
0.0005521	NaN
0.00056643	NaN
0.00057817	NaN
0.00058706	NaN
0.00059306	NaN
0.00059623	NaN
0.00059662	NaN
0.00059426	NaN
0.00058921	NaN
0.00058152	NaN
0.00057124	NaN
0.00055843	NaN
0.00054336	NaN
0.00052639	NaN
0.00050787	NaN
0.00048818	NaN
0.00046767	NaN
0.00044671	NaN
0.00042566	NaN
0.0004049	NaN
0.00038501	NaN
0.00036669	NaN
0.00035065	NaN
0.00033759	NaN
0.00032822	NaN
0.00032323	NaN
0.00032335	NaN
0.00032922	NaN
0.00034104	NaN
0.00035862	NaN
0.00038178	NaN
0.00041032	NaN
0.00044405	NaN
0.0004828	NaN
0.00052638	NaN
0.0005746	NaN
0.00062751	NaN
0.00068537	NaN
0.00074839	NaN
0.00081684	NaN
0.00089095	NaN
0.00097096	NaN
0.0010571	NaN
0.0011496	NaN
0.0012481	NaN
0.0013515	NaN
0.0014589	NaN
0.0015691	NaN
0.0016813	NaN
0.0017943	NaN
0.0019071	NaN
0.0020187	NaN
0.0021283	NaN
0.0022355	NaN
0.0023396	NaN
0.0024403	NaN
0.002537	NaN
0.0026291	NaN
0.0027163	NaN
0.0027979	NaN
0.0028742	NaN
0.0029462	NaN
0.0030147	NaN
0.0030808	NaN
0.0031455	NaN
0.0032098	NaN
0.0032747	NaN
0.0033412	NaN
0.0034098	NaN
0.0034802	NaN
0.003552	NaN
0.003625	NaN
0.0036987	NaN
0.0037729	NaN
0.0038471	NaN
0.0039211	NaN
0.0039944	NaN
0.0040663	NaN
0.0041361	NaN
0.004203	NaN
0.0042664	NaN
0.0043256	NaN
0.0043798	NaN
0.0044284	NaN
0.0044709	NaN
0.0045079	NaN
0.0045396	NaN
0.0045666	NaN
0.0045893	NaN
0.0046082	NaN
0.0046236	NaN
0.0046362	NaN
0.0046461	NaN
0.0046535	NaN
0.0046585	NaN
0.0046611	NaN
0.0046614	NaN
0.0046594	NaN
0.0046553	NaN
0.004649	NaN
0.0046406	NaN
0.0046296	NaN
0.0046158	NaN
0.0045987	NaN
0.004578	NaN
0.0045532	NaN
0.004524	NaN
0.00449	NaN
0.0044509	NaN
0.004407	NaN
0.0043584	NaN
0.0043055	NaN
0.0042485	NaN
0.0041878	NaN
0.0041235	NaN
0.0040559	NaN
0.0039853	NaN
0.0039116	NaN
0.0038347	NaN
0.0037544	NaN
0.0036707	NaN
0.0035833	NaN
0.0034923	NaN
0.0033975	NaN
0.0032989	NaN
0.0031973	NaN
0.0030935	NaN
0.0029884	NaN
0.002883	NaN
0.0027782	NaN
0.0026748	NaN
0.0025738	NaN
0.002476	NaN
0.0023818	NaN
0.0022916	NaN
0.0022057	NaN
0.0021244	NaN
0.002048	NaN
0.0019769	NaN
0.0019113	NaN
0.0018515	NaN
0.0017975	NaN
0.001749	NaN
0.0017058	NaN
0.0016676	NaN
0.0016343	NaN
0.0016056	NaN
0.0015813	NaN
0.0015612	NaN
0.0015449	NaN
0.0015322	NaN
0.0015228	NaN
0.0015163	NaN
0.0015124	NaN
0.0015109	NaN
0.0015114	NaN
0.0015137	NaN
0.0015176	NaN
0.0015231	NaN
0.0015303	NaN
0.0015392	NaN
0.0015497	NaN
0.0015618	NaN
0.0015755	NaN
0.0015909	NaN
0.0016072	NaN
0.0016236	NaN
0.001639	NaN
0.0016526	NaN
0.0016632	NaN
0.0016701	NaN
0.0016721	NaN
0.0016685	NaN
0.0016589	NaN
0.0016435	NaN
0.0016226	NaN
0.0015963	NaN
0.0015648	NaN
0.0015284	NaN
0.0014872	NaN
0.0014415	NaN
0.0013917	NaN
0.0013382	NaN
0.0012816	NaN
0.0012225	NaN
0.0011613	NaN
0.0010987	NaN
0.001035	NaN
0.00097099	NaN
0.00090701	NaN
0.00084361	NaN
0.00078128	NaN
0.0007205	NaN
0.00066179	NaN
0.00060563	NaN
0.00055251	NaN
0.00050292	NaN
0.00045708	NaN
0.00041492	NaN
0.00037636	NaN
0.00034131	NaN
0.00030968	NaN
0.00028139	NaN
0.00025636	NaN
0.0002345	NaN
0.00021562	NaN
0.00019941	NaN
0.00018553	NaN
0.00017368	NaN
0.00016352	NaN
0.00015473	NaN
0.00014699	NaN
0.00013998	NaN
0.00013352	NaN
0.00012769	NaN
0.00012255	NaN
0.00011818	NaN
0.00011465	NaN
0.00011205	NaN
0.00011044	NaN
0.00010991	NaN
0.00011042	NaN
0.00011181	NaN
0.00011386	NaN
0.00011638	NaN
0.00011917	NaN
0.00012204	NaN
0.00012477	NaN
0.00012718	NaN
0.0001291	NaN
0.00013046	NaN
0.00013118	NaN
0.00013119	NaN
0.00013043	NaN
0.00012882	NaN
0.0001263	NaN
0.00012278	NaN
0.00011828	NaN
0.00011291	NaN
0.00010684	NaN
0.00010023	NaN
9.3237e-05	NaN
8.601e-05	NaN
7.8709e-05	NaN
7.1492e-05	NaN
6.4526e-05	NaN
5.8007e-05	NaN
5.2133e-05	NaN
4.7106e-05	NaN
4.3125e-05	NaN
4.0391e-05	NaN
3.9103e-05	NaN
3.9462e-05	NaN
4.2002e-05	NaN
4.8316e-05	NaN
6.0204e-05	NaN
7.947e-05	NaN
0.00010791	NaN
0.00014733	NaN
0.00019954	NaN
0.00026632	NaN
0.00035041	NaN
0.00045798	NaN
0.000596	NaN
0.00077144	NaN
0.00099128	NaN
0.0012625	NaN
0.001592	NaN
0.0019869	NaN
0.0024563	NaN
0.0030195	NaN
0.0036983	NaN
0.0045147	NaN
0.0054907	NaN
0.0066481	NaN
0.0080088	NaN
0.0095949	NaN
0.011431	NaN
0.013556	NaN
0.016015	NaN
0.018851	NaN
0.022109	NaN
0.025831	NaN
0.030064	NaN
0.034849	NaN
0.040232	NaN
0.046255	NaN
0.052961	NaN
0.060393	NaN
0.068594	NaN
0.077605	NaN
0.087471	NaN
0.098234	NaN
0.10993	-0.63091
0.12258	-0.6281
0.13618	-0.62417
0.15072	-0.61915
0.16622	-0.61307
0.18268	-0.60596
0.20009	-0.59784
0.21845	-0.58875
0.23776	-0.57872
0.25799	-0.56778
0.27905	-0.55596
0.30089	-0.54328
0.32343	-0.52979
0.34662	-0.51552
0.37038	-0.50048
0.39465	-0.48472
0.41936	-0.46827
0.44445	-0.45115
0.46987	-0.4334
0.49555	-0.41504
0.52143	-0.3961
0.54746	-0.3766
0.57358	-0.35658
0.59973	-0.33607
0.62585	-0.31509
0.65188	-0.29373
0.67776	-0.27212
0.70341	-0.25038
0.72877	-0.22864
0.75378	-0.20703
0.77837	-0.18566
0.80248	-0.16467
0.82603	-0.14418
0.84888	-0.12436
0.87085	-0.10537
0.89172	-0.087421
0.91131	-0.070682
0.92941	-0.05534
0.94583	-0.041582
0.96037	-0.02959
0.97284	-0.019546
0.98308	-0.011539
0.99101	-0.005577
0.99654	-0.0016639
0.99957	0.00019647
1	0
0.99775	-0.0022573
0.99272	-0.0065794
0.98484	-0.012969
0.9742	-0.021408
0.96112	-0.03185
0.94594	-0.044251
0.92899	-0.058565
0.9106	-0.074747
0.89109	-0.092751
0.8708	-0.11253
0.85005	-0.13404
0.82901	-0.15722
0.80766	-0.18197
0.78598	-0.20821
0.76394	-0.23584
0.74149	-0.26477
0.71862	-0.2949
0.6953	-0.32616
0.67148	-0.35844
0.64716	-0.39197
0.62232	-0.42738
0.59696	-0.46533
0.57107	-0.5065
0.54464	-0.55155
0.51767	-0.60115
0.49015	-0.65597
0.46207	-0.71666
0.43351	-0.78278
0.40472	-0.85202
0.37591	-0.92192
0.34735	-0.99001
0.31927	-1.0538
0.29191	-1.1109
0.26551	-1.1588
0.24032	-1.195
0.21653	-1.2208
0.19419	-1.2448
0.17337	-1.2761
0.15414	-1.3242
0.13653	-1.3983
0.12063	-1.5076
0.10648	-1.6616
0.094141	NaN
0.083618	NaN
0.074785	NaN
0.067502	NaN
0.061626	NaN
0.057017	NaN
0.053533	NaN
0.051033	NaN
0.049375	NaN
0.048436	NaN
0.048139	NaN
0.048416	NaN
0.049198	NaN
0.050416	NaN
0.052002	NaN
0.053886	NaN
0.056001	NaN
0.058278	NaN
0.060658	NaN
0.06308	NaN
0.065484	NaN
0.067812	NaN
0.070002	NaN
0.071996	NaN
0.073733	NaN
0.07516	NaN
0.076248	NaN
0.076972	NaN
0.077309	NaN
0.077233	NaN
0.076721	NaN
0.075748	NaN
0.074291	NaN
0.072338	NaN
0.069931	NaN
0.067127	NaN
0.063983	NaN
0.060557	NaN
0.056904	NaN
0.053083	NaN
0.04915	NaN
0.045161	NaN
0.041164	NaN
0.037203	NaN
0.033325	NaN
0.029574	NaN
0.025997	NaN
0.022639	NaN
0.019545	NaN
0.016755	NaN
0.014277	NaN
0.012108	NaN
0.010242	NaN
0.0086756	NaN
0.007405	NaN
0.0064259	NaN
0.005734	NaN
0.0053236	NaN
0.0051765	NaN
0.0052696	NaN
0.0055794	NaN
0.0060827	NaN
0.0067562	NaN
0.0075764	NaN
0.0085201	NaN
0.009564	NaN
0.010686	NaN
0.011864	NaN
0.013077	NaN
0.014302	NaN
0.015518	NaN
0.016704	NaN
0.017837	NaN
0.018896	NaN
0.019871	NaN
0.020754	NaN
0.021542	NaN
0.022228	NaN
0.022806	NaN
0.023271	NaN
0.023617	NaN
0.023839	NaN
0.023938	NaN
0.023918	NaN
0.023786	NaN
0.023547	NaN
0.023205	NaN
0.022766	NaN
0.022236	NaN
0.021619	NaN
0.020925	NaN
0.020166	NaN
0.019351	NaN
0.018494	NaN
0.017606	NaN
0.016698	NaN
0.015782	NaN
0.014869	NaN
0.013967	NaN
0.013084	NaN
0.012223	NaN
0.011392	NaN
0.010595	NaN
0.0098391	NaN
0.0091295	NaN
0.008472	NaN
0.0078686	NaN
0.0073175	NaN
0.0068171	NaN
0.0063653	NaN
0.0059603	NaN
0.0056002	NaN
0.0052832	NaN
0.0050074	NaN
0.0047698	NaN
0.0045662	NaN
0.0043922	NaN
0.0042436	NaN
0.0041159	NaN
0.0040049	NaN
0.0039063	NaN
0.0038157	NaN
0.0037302	NaN
0.0036488	NaN
0.0035708	NaN
0.0034953	NaN
0.0034215	NaN
0.0033485	NaN
0.0032756	NaN
0.0032019	NaN
0.0031269	NaN
0.0030508	NaN
0.0029738	NaN
0.002896	NaN
0.0028177	NaN
0.0027389	NaN
0.00266	NaN
0.002581	NaN
0.0025021	NaN
0.0024232	NaN
0.0023443	NaN
0.0022652	NaN
0.0021859	NaN
0.0021064	NaN
0.0020266	NaN
0.0019464	NaN
0.0018659	NaN
0.0017858	NaN
0.0017067	NaN
0.0016294	NaN
0.0015545	NaN
0.0014827	NaN
0.0014147	NaN
0.0013511	NaN
0.0012923	NaN
0.0012381	NaN
0.0011878	NaN
0.0011412	NaN
0.0010975	NaN
0.0010565	NaN
0.0010177	NaN
0.00098043	NaN
0.00094444	NaN
0.0009094	NaN
0.00087505	NaN
0.00084114	NaN
0.00080739	NaN
0.00077357	NaN
0.0007394	NaN
0.00070464	NaN
0.00066912	NaN
0.00063302	NaN
0.00059662	NaN
0.00056016	NaN
0.00052391	NaN
0.00048814	NaN
0.0004531	NaN
0.00041907	NaN
0.00038624	NaN
0.00035466	NaN
0.00032429	NaN
0.00029512	NaN
0.00026711	NaN
0.00024026	NaN
0.00021453	NaN
0.0001899	NaN
0.00016636	NaN
0.00014398	NaN
0.00012285	NaN
0.00010306	NaN
8.4692e-05	NaN
6.784e-05	NaN
5.2593e-05	NaN
3.9041e-05	NaN
2.728e-05	NaN
1.7458e-05	NaN
9.7411e-06	NaN
4.2951e-06	NaN
1.2855e-06	NaN
8.7828e-07	NaN
3.2391e-06	NaN
8.5336e-06	NaN
1.6863e-05	NaN
2.7883e-05	NaN
4.1057e-05	NaN
5.5848e-05	NaN
7.1721e-05	NaN
8.8139e-05	NaN
0.00010457	NaN
0.00012047	NaN
0.00013533	NaN
0.0001489	NaN
0.00016102	NaN
0.00017157	NaN
0.00018038	NaN
0.00018733	NaN
0.00019228	NaN
0.00019507	NaN
0.0001956	NaN
0.00019408	NaN
0.0001909	NaN
0.00018647	NaN
0.00018118	NaN
0.00017543	NaN
0.00016962	NaN
0.00016414	NaN
0.00015937	NaN
0.00015535	NaN
0.0001519	NaN
0.00014885	NaN
0.00014602	NaN
0.00014323	NaN
0.0001403	NaN
0.00013705	NaN
0.00013332	NaN
0.00012907	NaN
0.00012438	NaN
0.00011934	NaN
0.00011402	NaN
0.00010851	NaN
0.00010289	NaN
9.7239e-05	NaN
9.1636e-05	NaN
8.6154e-05	NaN
8.0853e-05	NaN
7.5793e-05	NaN
7.1036e-05	NaN
6.664e-05	NaN
6.2667e-05	NaN
5.9177e-05	NaN
5.6227e-05	NaN
5.3794e-05	NaN
5.1772e-05	NaN
5.005e-05	NaN
4.8519e-05	NaN
4.7069e-05	NaN
4.559e-05	NaN
4.3971e-05	NaN
4.2106e-05	NaN
3.997e-05	NaN
3.7635e-05	NaN
3.5182e-05	NaN
3.2689e-05	NaN
3.0235e-05	NaN
2.79e-05	NaN
2.5763e-05	NaN
2.3902e-05	NaN
2.2372e-05	NaN
2.119e-05	NaN
2.0375e-05	NaN
1.9944e-05	NaN
1.9911e-05	NaN
2.0296e-05	NaN
2.1114e-05	NaN
2.2381e-05	NaN
2.4077e-05	NaN
2.612e-05	NaN
2.8423e-05	NaN
3.09e-05	NaN
3.3464e-05	NaN
3.6028e-05	NaN
3.8506e-05	NaN
4.0812e-05	NaN
4.2883e-05	NaN
4.4703e-05	NaN
4.6262e-05	NaN
4.7548e-05	NaN
4.855e-05	NaN
4.9257e-05	NaN
4.9657e-05	NaN
4.9741e-05	NaN
4.9504e-05	NaN
4.896e-05	NaN
4.8127e-05	NaN
4.7019e-05	NaN
4.5654e-05	NaN
4.4046e-05	NaN
4.2214e-05	NaN
4.0172e-05	NaN
3.7944e-05	NaN
3.5573e-05	NaN
3.3104e-05	NaN
3.0583e-05	NaN
2.8053e-05	NaN
2.5561e-05	NaN
2.3152e-05	NaN
2.087e-05	NaN
1.8749e-05	NaN
1.6783e-05	NaN
1.4961e-05	NaN
1.3269e-05	NaN
1.1697e-05	NaN
1.0233e-05	NaN
8.8637e-06	NaN
7.578e-06	NaN
6.3676e-06	NaN
5.238e-06	NaN
4.1978e-06	NaN
3.2554e-06	NaN
2.4192e-06	NaN
1.6976e-06	NaN
1.0993e-06	NaN
6.3249e-07	NaN
3.015e-07	NaN
9.2934e-08	NaN
1.1057e-08	NaN
2.8318e-08	NaN
2.3302e-08	NaN
1.2596e-07	NaN
2.618e-07	NaN
4.1299e-07	NaN
5.6474e-07	NaN
7.1715e-07	NaN
8.7479e-07	NaN
1.0422e-06	NaN
1.2241e-06	NaN
1.4249e-06	NaN
1.6492e-06	NaN
1.9016e-06	NaN
2.1848e-06	NaN
2.4905e-06	NaN
2.8064e-06	NaN
3.1205e-06	NaN
3.4206e-06	NaN
3.6944e-06	NaN
3.9298e-06	NaN
4.1147e-06	NaN
4.2384e-06	NaN
4.3013e-06	NaN
4.3084e-06	NaN
4.2646e-06	NaN
4.1748e-06	NaN
4.0439e-06	NaN
3.877e-06	NaN
3.6788e-06	NaN
3.4545e-06	NaN
3.2088e-06	NaN
2.9467e-06	NaN
2.6732e-06	NaN
2.3932e-06	NaN
2.1116e-06	NaN
1.8334e-06	NaN
1.5635e-06	NaN
1.3067e-06	NaN
1.0664e-06	NaN
8.4559e-07	NaN
6.4683e-07	NaN
4.7291e-07	NaN
3.2656e-07	NaN
2.1055e-07	NaN
1.276e-07	NaN
8.0268e-08	NaN
6.8605e-08	NaN
9.107e-08	NaN
1.4608e-07	NaN
2.3207e-07	NaN
3.4746e-07	NaN
4.9067e-07	NaN
6.6013e-07	NaN
8.5401e-07	NaN
1.0668e-06	NaN
1.29e-06	NaN
1.5154e-06	NaN
1.7344e-06	NaN
1.9387e-06	NaN
2.1198e-06	NaN
2.2692e-06	NaN
2.379e-06	NaN
2.4477e-06	NaN
2.4795e-06	NaN
2.479e-06	NaN
2.4506e-06	NaN
2.3988e-06	NaN
2.3281e-06	NaN
2.2431e-06	NaN
2.1481e-06	NaN
2.0468e-06	NaN
1.9419e-06	NaN
1.836e-06	NaN
1.7318e-06	NaN
1.6319e-06	NaN
1.5391e-06	NaN
1.456e-06	NaN
1.3852e-06	NaN
1.3274e-06	NaN
1.2812e-06	NaN
1.2447e-06	NaN
1.2164e-06	NaN
1.1946e-06	NaN
1.1777e-06	NaN
1.164e-06	NaN
1.1518e-06	NaN
1.1396e-06	NaN
1.1257e-06	NaN
1.1085e-06	NaN
1.0865e-06	NaN
1.0581e-06	NaN
1.0217e-06	NaN
9.7571e-07	NaN
9.1856e-07	NaN
8.5033e-07	NaN
7.7358e-07	NaN
6.9114e-07	NaN
6.0579e-07	NaN
5.2033e-07	NaN
4.3758e-07	NaN
3.6032e-07	NaN
2.9136e-07	NaN
2.3229e-07	NaN
1.8262e-07	NaN
1.416e-07	NaN
1.085e-07	NaN
8.2585e-08	NaN
6.3116e-08	NaN
4.9358e-08	NaN
4.0576e-08	NaN
3.6265e-08	NaN
3.6401e-08	NaN
4.1022e-08	NaN
5.0166e-08	NaN
6.3871e-08	NaN
8.2175e-08	NaN
1.0511e-07	NaN
1.3273e-07	NaN
1.6473e-07	NaN
2.0005e-07	NaN
2.375e-07	NaN
2.7588e-07	NaN
3.14e-07	NaN
3.5068e-07	NaN
3.8471e-07	NaN
4.1492e-07	NaN
4.4039e-07	NaN
4.6102e-07	NaN
4.7688e-07	NaN
4.8802e-07	NaN
4.9448e-07	NaN
4.9633e-07	NaN
4.9361e-07	NaN
4.8638e-07	NaN
4.7469e-07	NaN
4.586e-07	NaN
4.3816e-07	NaN
4.1342e-07	NaN
3.8444e-07	NaN
3.5127e-07	NaN
3.1396e-07	NaN
2.7256e-07	NaN
6.9194e-08	NaN
6.071e-08	NaN
