1.8597e-08	NaN
1.5028e-08	NaN
1.2006e-08	NaN
9.4891e-09	NaN
7.437e-09	NaN
5.8086e-09	NaN
4.5631e-09	NaN
3.6595e-09	NaN
3.0568e-09	NaN
2.7142e-09	NaN
2.5906e-09	NaN
2.6453e-09	NaN
2.8371e-09	NaN
3.1253e-09	NaN
3.4688e-09	NaN
3.8314e-09	NaN
4.2027e-09	NaN
4.581e-09	NaN
4.9648e-09	NaN
5.3528e-09	NaN
5.7434e-09	NaN
6.1351e-09	NaN
6.5264e-09	NaN
6.9431e-09	NaN
7.5922e-09	NaN
8.7543e-09	NaN
1.071e-08	NaN
1.374e-08	NaN
1.8126e-08	NaN
2.4147e-08	NaN
3.2086e-08	NaN
4.2195e-08	NaN
5.4524e-08	NaN
6.9021e-08	NaN
8.5635e-08	NaN
1.0432e-07	NaN
1.2501e-07	NaN
1.4767e-07	NaN
1.7224e-07	NaN
1.9865e-07	NaN
2.266e-07	NaN
2.5566e-07	NaN
2.854e-07	NaN
3.154e-07	NaN
3.4522e-07	NaN
3.7445e-07	NaN
4.0265e-07	NaN
4.2937e-07	NaN
4.5398e-07	NaN
4.7567e-07	NaN
4.9368e-07	NaN
5.072e-07	NaN
5.1546e-07	NaN
5.1766e-07	NaN
5.1303e-07	NaN
5.0085e-07	NaN
4.816e-07	NaN
4.5661e-07	NaN
4.2723e-07	NaN
3.9483e-07	NaN
3.6075e-07	NaN
3.2635e-07	NaN
2.9299e-07	NaN
2.6202e-07	NaN
2.3452e-07	NaN
2.1139e-07	NaN
1.9352e-07	NaN
1.818e-07	NaN
1.771e-07	NaN
1.8031e-07	NaN
1.9233e-07	NaN
2.1405e-07	NaN
2.4705e-07	NaN
2.9353e-07	NaN
3.5571e-07	NaN
4.3584e-07	NaN
5.3614e-07	NaN
6.5885e-07	NaN
8.0619e-07	NaN
9.8043e-07	NaN
1.1847e-06	NaN
1.423e-06	NaN
1.6996e-06	NaN
2.0186e-06	NaN
2.384e-06	NaN
2.8002e-06	NaN
3.2711e-06	NaN
3.801e-06	NaN
4.3927e-06	NaN
5.048e-06	NaN
5.768e-06	NaN
6.5543e-06	NaN
7.4084e-06	NaN
8.3315e-06	NaN
9.3251e-06	NaN
1.0391e-05	NaN
1.1531e-05	NaN
1.275e-05	NaN
1.4053e-05	NaN
1.5444e-05	NaN
1.6928e-05	NaN
1.851e-05	NaN
2.0194e-05	NaN
2.1984e-05	NaN
2.3876e-05	NaN
2.5848e-05	NaN
2.7876e-05	NaN
2.9939e-05	NaN
3.2012e-05	NaN
3.4072e-05	NaN
3.6096e-05	NaN
3.8061e-05	NaN
3.9945e-05	NaN
4.1733e-05	NaN
4.341e-05	NaN
4.4959e-05	NaN
4.6365e-05	NaN
4.7614e-05	NaN
4.8689e-05	NaN
4.9575e-05	NaN
5.026e-05	NaN
5.0743e-05	NaN
5.1022e-05	NaN
5.1097e-05	NaN
5.0967e-05	NaN
5.0631e-05	NaN
5.0089e-05	NaN
4.934e-05	NaN
4.8387e-05	NaN
4.7248e-05	NaN
4.594e-05	NaN
4.4482e-05	NaN
4.2893e-05	NaN
4.1192e-05	NaN
3.9396e-05	NaN
3.7526e-05	NaN
3.5599e-05	NaN
3.3636e-05	NaN
3.1657e-05	NaN
2.9681e-05	NaN
2.7729e-05	NaN
2.5821e-05	NaN
2.3977e-05	NaN
2.2217e-05	NaN
2.0558e-05	NaN
1.901e-05	NaN
1.7577e-05	NaN
1.6265e-05	NaN
1.5081e-05	NaN
1.403e-05	NaN
1.3117e-05	NaN
1.2349e-05	NaN
1.1731e-05	NaN
1.1265e-05	NaN
1.0954e-05	NaN
1.08e-05	NaN
1.0805e-05	NaN
1.0971e-05	NaN
1.13e-05	NaN
1.1795e-05	NaN
1.2456e-05	NaN
1.3281e-05	NaN
1.4265e-05	NaN
1.5406e-05	NaN
1.6697e-05	NaN
1.8136e-05	NaN
1.9718e-05	NaN
2.1439e-05	NaN
2.3294e-05	NaN
2.5271e-05	NaN
2.7355e-05	NaN
2.9531e-05	NaN
3.1786e-05	NaN
3.4103e-05	NaN
3.647e-05	NaN
3.887e-05	NaN
4.1291e-05	NaN
4.3725e-05	NaN
4.6169e-05	NaN
4.8618e-05	NaN
5.1069e-05	NaN
5.3517e-05	NaN
5.5959e-05	NaN
5.8391e-05	NaN
6.0807e-05	NaN
6.3175e-05	NaN
6.5452e-05	NaN
6.7594e-05	NaN
6.9556e-05	NaN
7.1295e-05	NaN
7.2766e-05	NaN
7.3925e-05	NaN
7.4733e-05	NaN
7.5197e-05	NaN
7.5354e-05	NaN
7.5244e-05	NaN
7.4903e-05	NaN
7.4371e-05	NaN
7.3684e-05	NaN
7.2881e-05	NaN
7.1999e-05	NaN
7.1056e-05	NaN
7.0057e-05	NaN
6.9007e-05	NaN
6.7911e-05	NaN
6.6774e-05	NaN
6.56e-05	NaN
6.4395e-05	NaN
6.3162e-05	NaN
6.1872e-05	NaN
6.0472e-05	NaN
5.8909e-05	NaN
5.7126e-05	NaN
5.5072e-05	NaN
5.269e-05	NaN
4.9926e-05	NaN
4.673e-05	NaN
4.3131e-05	NaN
3.9233e-05	NaN
3.5145e-05	NaN
3.0976e-05	NaN
2.6833e-05	NaN
2.2826e-05	NaN
1.9062e-05	NaN
1.5648e-05	NaN
1.2636e-05	NaN
1.0014e-05	NaN
7.7686e-06	NaN
5.8859e-06	NaN
4.352e-06	NaN
3.1527e-06	NaN
2.2742e-06	NaN
1.7021e-06	NaN
1.4099e-06	NaN
1.3547e-06	NaN
1.4929e-06	NaN
1.7808e-06	NaN
2.1746e-06	NaN
2.6306e-06	NaN
3.1051e-06	NaN
3.5548e-06	NaN
3.9655e-06	NaN
4.3662e-06	NaN
4.7895e-06	NaN
5.268e-06	NaN
5.8343e-06	NaN
6.5209e-06	NaN
7.3605e-06	NaN
8.3853e-06	NaN
9.6016e-06	NaN
1.097e-05	NaN
1.2447e-05	NaN
1.399e-05	NaN
1.5554e-05	NaN
1.7096e-05	NaN
1.8572e-05	NaN
1.9939e-05	NaN
2.1169e-05	NaN
2.2268e-05	NaN
2.3244e-05	NaN
2.4107e-05	NaN
2.4865e-05	NaN
2.5528e-05	NaN
2.6104e-05	NaN
2.6602e-05	NaN
2.705e-05	NaN
2.7518e-05	NaN
2.8083e-05	NaN
2.882e-05	NaN
2.9807e-05	NaN
3.1121e-05	NaN
3.2836e-05	NaN
3.5031e-05	NaN
3.7767e-05	NaN
4.1067e-05	NaN
4.4947e-05	NaN
4.9422e-05	NaN
5.4509e-05	NaN
6.0223e-05	NaN
6.6581e-05	NaN
7.3598e-05	NaN
8.1274e-05	NaN
8.9561e-05	NaN
9.8396e-05	NaN
0.00010772	NaN
0.00011747	NaN
0.00012759	NaN
0.00013802	NaN
0.00014869	NaN
0.00015956	NaN
0.00017057	NaN
0.00018169	NaN
0.00019286	NaN
0.00020406	NaN
0.00021524	NaN
0.00022636	NaN
0.00023738	NaN
0.00024825	NaN
0.00025895	NaN
0.00026943	NaN
0.00027967	NaN
0.00028962	NaN
0.00029926	NaN
0.00030854	NaN
0.00031745	NaN
0.00032596	NaN
0.00033423	NaN
0.00034245	NaN
0.00035083	NaN
0.00035957	NaN
0.00036885	NaN
0.00037889	NaN
0.00038987	NaN
0.00040199	NaN
0.00041533	NaN
0.00042996	NaN
0.00044594	NaN
0.00046331	NaN
0.00048215	NaN
0.00050252	NaN
0.00052446	NaN
0.00054801	NaN
0.00057293	NaN
0.00059887	NaN
0.00062549	NaN
0.00065244	NaN
0.00067937	NaN
0.00070592	NaN
0.00073176	NaN
0.00075654	NaN
0.00077996	NaN
0.00080178	NaN
0.00082173	NaN
0.00083956	NaN
0.00085501	NaN
0.00086782	NaN
0.00087773	NaN
0.0008845	NaN
0.00088803	NaN
0.00088834	NaN
0.00088541	NaN
0.00087925	NaN
0.00086986	NaN
0.00085725	NaN
0.00084141	NaN
0.00082237	NaN
0.00080038	NaN
0.00077588	NaN
0.00074929	NaN
0.00072104	NaN
0.00069156	NaN
0.00066129	NaN
0.00063066	NaN
0.00060008	NaN
0.00056983	NaN
0.00054005	NaN
0.00051087	NaN
0.00048243	NaN
0.00045488	NaN
0.00042834	NaN
0.00040296	NaN
0.00037886	NaN
0.00035601	NaN
0.0003342	NaN
0.00031321	NaN
0.00029284	NaN
0.00027288	NaN
0.00025312	NaN
0.00023334	NaN
0.00021334	NaN
0.0001932	NaN
0.0001733	NaN
0.00015402	NaN
0.00013575	NaN
0.00011889	NaN
0.00010383	NaN
9.0958e-05	NaN
8.0662e-05	NaN
7.3272e-05	NaN
6.9041e-05	NaN
6.8216e-05	NaN
7.1044e-05	NaN
7.7774e-05	NaN
8.8651e-05	NaN
0.00010392	NaN
0.00012384	NaN
0.00014831	NaN
0.00017684	NaN
0.00020885	NaN
0.00024379	NaN
0.00028109	NaN
0.00032021	NaN
0.00036057	NaN
0.00040162	NaN
0.00044286	NaN
0.00048388	NaN
0.00052427	NaN
0.00056363	NaN
0.00060156	NaN
0.00063765	NaN
0.00067151	NaN
0.00070274	NaN
0.00073116	NaN
0.00075704	NaN
0.0007807	NaN
0.00080248	NaN
0.0008227	NaN
0.00084168	NaN
0.00085975	NaN
0.00087723	NaN
0.00089397	NaN
0.00090875	NaN
0.00092018	NaN
0.0009269	NaN
0.00092751	NaN
0.00092065	NaN
0.00090494	NaN
0.00087899	NaN
0.00084231	NaN
0.00079676	NaN
0.0007446	NaN
0.0006881	NaN
0.00062951	NaN
0.00057108	NaN
0.00051508	NaN
0.00046377	NaN
0.0004204	NaN
0.00039134	NaN
0.00038357	NaN
0.00040411	NaN
0.00045992	NaN
0.00055802	NaN
0.00070538	NaN
0.00090901	NaN
0.0011777	NaN
0.0015268	NaN
0.0019734	NaN
0.0025345	NaN
0.0032269	NaN
0.0040678	NaN
0.0050741	NaN
0.0062627	NaN
0.0076513	NaN
0.0092596	NaN
0.011108	NaN
0.013217	NaN
0.015607	NaN
0.018299	NaN
0.021313	NaN
0.024669	NaN
0.028387	NaN
0.032473	NaN
0.036934	NaN
0.041774	NaN
0.046999	NaN
0.052612	NaN
0.05862	NaN
0.065026	NaN
0.071838	NaN
0.07907	NaN
0.086738	NaN
0.09486	NaN
0.10345	-0.31023
0.11253	-0.31568
0.12212	-0.31978
0.13223	-0.32257
0.14288	-0.32407
0.15408	-0.32435
0.16585	-0.3235
0.17818	-0.32161
0.1911	-0.31876
0.20461	-0.31505
0.21872	-0.31056
0.23345	-0.30538
0.2488	-0.2996
0.26478	-0.29327
0.28139	-0.28645
0.29863	-0.27917
0.3165	-0.27149
0.33501	-0.26345
0.35416	-0.25509
0.37394	-0.24647
0.39437	-0.23762
0.41542	-0.22858
0.4371	-0.21939
0.45937	-0.21007
0.48224	-0.20065
0.50568	-0.19117
0.52968	-0.18165
0.55423	-0.17213
0.57931	-0.16264
0.60485	-0.15318
0.63075	-0.14375
0.65691	-0.13433
0.68321	-0.12493
0.70957	-0.11554
0.73588	-0.10614
0.76202	-0.096733
0.78791	-0.087316
0.81335	-0.077933
0.83813	-0.068675
0.862	-0.059631
0.88474	-0.05089
0.90612	-0.042544
0.92591	-0.034681
0.94387	-0.027392
0.95977	-0.020765
0.97338	-0.014878
0.98445	-0.0097945
0.99274	-0.0055778
0.99801	-0.0022917
1	0
0.99848	0.0012337
0.99321	0.0013456
0.98394	0.00026935
0.97071	-0.0021341
0.95381	-0.0060818
0.93355	-0.011795
0.91023	-0.019494
0.88418	-0.029399
0.8557	-0.041733
0.8251	-0.056716
0.79269	-0.074565
0.7588	-0.095396
0.72373	-0.1192
0.68782	-0.14594
0.65139	-0.17562
0.61477	-0.2082
0.57828	-0.24366
0.54224	-0.28199
0.50697	-0.32316
0.4727	-0.36736
0.43949	-0.41505
0.40741	-0.46671
0.3765	-0.52284
0.34683	-0.58391
0.31845	-0.65041
0.29143	-0.72283
0.26581	-0.80164
0.24165	-0.88632
0.21896	-0.9747
0.19776	-1.0645
0.17807	-1.1533
0.1599	-1.2389
0.14326	-1.3188
0.12819	-1.3909
0.11468	-1.4528
0.10273	-1.5055
0.09224	NaN
0.083114	NaN
0.075254	NaN
0.06856	NaN
0.062935	NaN
0.058281	NaN
0.054499	NaN
0.0515	NaN
0.049215	NaN
0.047578	NaN
0.046523	NaN
0.045985	NaN
0.045897	NaN
0.046193	NaN
0.046807	NaN
0.04768	NaN
0.048768	NaN
0.05003	NaN
0.051425	NaN
0.052913	NaN
0.054452	NaN
0.056002	NaN
0.057521	NaN
0.058971	NaN
0.060322	NaN
0.061543	NaN
0.062604	NaN
0.063477	NaN
0.064131	NaN
0.064536	NaN
0.064664	NaN
0.064493	NaN
0.064037	NaN
0.063316	NaN
0.062351	NaN
0.061164	NaN
0.059775	NaN
0.058204	NaN
0.056473	NaN
0.054601	NaN
0.052604	NaN
0.050495	NaN
0.048288	NaN
0.045998	NaN
0.043639	NaN
0.041223	NaN
0.038766	NaN
0.036281	NaN
0.033783	NaN
0.031288	NaN
0.028809	NaN
0.026363	NaN
0.023965	NaN
0.021629	NaN
0.01937	NaN
0.017204	NaN
0.015148	NaN
0.013216	NaN
0.011427	NaN
0.0097967	NaN
0.0083415	NaN
0.0070781	NaN
0.0060231	NaN
0.0051909	NaN
0.0045801	NaN
0.0041823	NaN
0.0039894	NaN
0.0039929	NaN
0.0041845	NaN
0.0045561	NaN
0.0050992	NaN
0.0058043	NaN
0.0066505	NaN
0.0076112	NaN
0.0086599	NaN
0.0097699	NaN
0.010915	NaN
0.012067	NaN
0.013202	NaN
0.014292	NaN
0.015321	NaN
0.016279	NaN
0.017155	NaN
0.017937	NaN
0.018615	NaN
0.019179	NaN
0.019616	NaN
0.019918	NaN
0.020085	NaN
0.020128	NaN
0.020056	NaN
0.019879	NaN
0.019607	NaN
0.019248	NaN
0.018814	NaN
0.018313	NaN
0.017756	NaN
0.017154	NaN
0.016517	NaN
0.015855	NaN
0.015179	NaN
0.0145	NaN
0.013829	NaN
0.013175	NaN
0.012543	NaN
0.011935	NaN
0.011352	NaN
0.010792	NaN
0.010257	NaN
0.0097474	NaN
0.0092634	NaN
0.0088054	NaN
0.0083727	NaN
0.0079635	NaN
0.0075758	NaN
0.0072076	NaN
0.006857	NaN
0.0065222	NaN
0.006201	NaN
0.0058916	NaN
0.0055925	NaN
0.0053027	NaN
0.0050211	NaN
0.0047468	NaN
0.0044787	NaN
0.004216	NaN
0.0039575	NaN
0.0037023	NaN
0.0034499	NaN
0.0032007	NaN
0.0029551	NaN
0.0027134	NaN
0.002476	NaN
0.0022432	NaN
0.0020155	NaN
0.0017933	NaN
0.0015774	NaN
0.0013694	NaN
0.0011713	NaN
0.00098461	NaN
0.00081124	NaN
0.00065292	NaN
0.0005114	NaN
0.00038844	NaN
0.0002853	NaN
0.00020231	NaN
0.0001397	NaN
9.7696e-05	NaN
7.6512e-05	NaN
7.6379e-05	NaN
9.752e-05	NaN
0.00014016	NaN
0.00020395	NaN
0.00028733	NaN
0.00038854	NaN
0.00050585	NaN
0.00063752	NaN
0.0007818	NaN
0.00093696	NaN
0.0011012	NaN
0.001273	NaN
0.0014506	NaN
0.0016326	NaN
0.0018175	NaN
0.0020037	NaN
0.0021898	NaN
0.0023741	NaN
0.0025553	NaN
0.0027317	NaN
0.0029023	NaN
0.0030659	NaN
0.0032212	NaN
0.0033671	NaN
0.0035024	NaN
0.003626	NaN
0.0037367	NaN
0.0038337	NaN
0.0039177	NaN
0.0039895	NaN
0.0040501	NaN
0.0041005	NaN
0.0041417	NaN
0.0041744	NaN
0.0041998	NaN
0.0042188	NaN
0.0042333	NaN
0.004245	NaN
0.0042559	NaN
0.0042678	NaN
0.0042827	NaN
0.0043024	NaN
0.0043289	NaN
0.0043635	NaN
0.004406	NaN
0.0044553	NaN
0.0045104	NaN
0.0045705	NaN
0.0046344	NaN
0.0047013	NaN
0.0047701	NaN
0.0048397	NaN
0.0049085	NaN
0.0049745	NaN
0.0050356	NaN
0.00509	NaN
0.0051356	NaN
0.0051706	NaN
0.0051929	NaN
0.0052008	NaN
0.0051939	NaN
0.0051723	NaN
0.0051362	NaN
0.0050858	NaN
0.0050212	NaN
0.0049426	NaN
0.0048502	NaN
0.0047441	NaN
0.0046253	NaN
0.0044948	NaN
0.0043538	NaN
0.0042035	NaN
0.0040448	NaN
0.003879	NaN
0.0037072	NaN
0.0035305	NaN
0.0033499	NaN
0.0031663	NaN
0.0029806	NaN
0.0027936	NaN
0.0026064	NaN
0.0024197	NaN
0.0022346	NaN
0.0020518	NaN
0.0018723	NaN
0.001697	NaN
0.0015267	NaN
0.0013623	NaN
0.0012046	NaN
0.0010546	NaN
0.00091299	NaN
0.00078077	NaN
0.00065862	NaN
0.00054717	NaN
0.00044704	NaN
0.00035886	NaN
0.00028325	NaN
0.00022084	NaN
0.00017225	NaN
0.00013807	NaN
0.00011808	NaN
0.00011138	NaN
0.00011702	NaN
0.00013407	NaN
0.00016159	NaN
0.00019863	NaN
0.00024427	NaN
0.00029756	NaN
0.00035744	NaN
0.00042278	NaN
0.0004924	NaN
0.00056516	NaN
0.0006399	NaN
0.00071545	NaN
0.00079067	NaN
0.00086439	NaN
0.00093575	NaN
0.0010042	NaN
0.0010692	NaN
0.0011303	NaN
0.0011869	NaN
0.0012386	NaN
0.0012847	NaN
0.0013247	NaN
0.0013584	NaN
0.0013855	NaN
0.001406	NaN
0.0014196	NaN
0.0014263	NaN
0.0014259	NaN
0.0014183	NaN
0.0014034	NaN
0.0013813	NaN
0.0013528	NaN
0.0013186	NaN
0.0012794	NaN
0.0012361	NaN
0.0011893	NaN
0.0011399	NaN
0.0010885	NaN
0.0010359	NaN
0.00098251	NaN
0.00092892	NaN
0.00087564	NaN
0.00082318	NaN
0.00077205	NaN
0.00072277	NaN
0.00067586	NaN
0.00063164	NaN
0.0005901	NaN
0.00055113	NaN
0.00051465	NaN
0.00048057	NaN
0.0004488	NaN
0.00041926	NaN
0.00039186	NaN
0.00036652	NaN
0.00034315	NaN
0.00032171	NaN
0.00030211	NaN
0.00028429	NaN
0.00026818	NaN
0.00025371	NaN
0.00024081	NaN
0.0002294	NaN
0.00021933	NaN
0.00021045	NaN
0.0002026	NaN
0.00019565	NaN
0.00018942	NaN
0.00018378	NaN
0.00017856	NaN
0.00017363	NaN
0.00016889	NaN
0.00016427	NaN
0.00015967	NaN
0.000155	NaN
0.0001502	NaN
0.00014516	NaN
0.00013981	NaN
0.00013408	NaN
0.00012799	NaN
0.00012158	NaN
0.00011487	NaN
0.00010791	NaN
0.00010074	NaN
9.3386e-05	NaN
8.589e-05	NaN
7.8295e-05	NaN
7.0682e-05	NaN
6.3139e-05	NaN
5.5757e-05	NaN
4.8627e-05	NaN
4.1837e-05	NaN
3.5478e-05	NaN
2.9641e-05	NaN
2.4401e-05	NaN
1.976e-05	NaN
1.569e-05	NaN
1.2164e-05	NaN
9.156e-06	NaN
6.6385e-06	NaN
4.5848e-06	NaN
2.9679e-06	NaN
1.7586e-06	NaN
9.1019e-07	NaN
3.6907e-07	NaN
8.1506e-08	NaN
6.2149e-09	NaN
5.22e-08	NaN
2.0304e-07	NaN
3.926e-07	NaN
5.7133e-07	NaN
7.2341e-07	NaN
8.4938e-07	NaN
9.4989e-07	NaN
1.0256e-06	NaN
1.0771e-06	NaN
1.1052e-06	NaN
1.1104e-06	NaN
1.0936e-06	NaN
1.0584e-06	NaN
1.0099e-06	NaN
9.5311e-07	NaN
8.9302e-07	NaN
8.3472e-07	NaN
7.8326e-07	NaN
7.4368e-07	NaN
7.2068e-07	NaN
7.1472e-07	NaN
7.2349e-07	NaN
7.4464e-07	NaN
7.758e-07	NaN
8.1463e-07	NaN
8.5877e-07	NaN
9.0587e-07	NaN
9.5356e-07	NaN
9.9952e-07	NaN
1.0414e-06	NaN
1.0769e-06	NaN
1.1037e-06	NaN
1.1195e-06	NaN
1.1219e-06	NaN
1.1086e-06	NaN
1.0775e-06	NaN
1.0291e-06	NaN
9.6645e-07	NaN
8.9267e-07	NaN
8.1084e-07	NaN
7.2406e-07	NaN
6.3543e-07	NaN
5.4805e-07	NaN
4.6496e-07	NaN
3.8787e-07	NaN
3.1715e-07	NaN
2.5311e-07	NaN
1.9606e-07	NaN
1.463e-07	NaN
1.0415e-07	NaN
6.9911e-08	NaN
4.3876e-08	NaN
2.5798e-08	NaN
1.4801e-08	NaN
9.9757e-09	NaN
1.041e-08	NaN
1.5194e-08	NaN
2.3415e-08	NaN
3.4164e-08	NaN
4.6537e-08	NaN
5.9934e-08	NaN
7.4168e-08	NaN
8.9081e-08	NaN
1.0451e-07	NaN
1.2031e-07	NaN
1.363e-07	NaN
1.5234e-07	NaN
1.6826e-07	NaN
1.8382e-07	NaN
1.9864e-07	NaN
2.1232e-07	NaN
2.2449e-07	NaN
2.3474e-07	NaN
2.4269e-07	NaN
2.4795e-07	NaN
2.5013e-07	NaN
2.4911e-07	NaN
2.4525e-07	NaN
2.3896e-07	NaN
2.3065e-07	NaN
2.2072e-07	NaN
2.096e-07	NaN
1.9769e-07	NaN
1.854e-07	NaN
1.7305e-07	NaN
1.608e-07	NaN
1.4877e-07	NaN
1.3707e-07	NaN
1.2584e-07	NaN
1.1519e-07	NaN
1.0526e-07	NaN
9.6159e-08	NaN
8.7985e-08	NaN
8.074e-08	NaN
7.4418e-08	NaN
6.9012e-08	NaN
6.4516e-08	NaN
6.0921e-08	NaN
5.8222e-08	NaN
5.641e-08	NaN
5.5463e-08	NaN
5.5308e-08	NaN
5.5861e-08	NaN
5.7043e-08	NaN
5.8771e-08	NaN
6.0963e-08	NaN
6.3538e-08	NaN
6.6414e-08	NaN
6.951e-08	NaN
7.2743e-08	NaN
7.6032e-08	NaN
7.9295e-08	NaN
8.2451e-08	NaN
8.5418e-08	NaN
8.8113e-08	NaN
9.0456e-08	NaN
2.7539e-08	NaN
2.2754e-08	NaN
