3.1518e-08	NaN
5.3886e-08	NaN
7.3474e-08	NaN
9.0414e-08	NaN
1.0484e-07	NaN
1.1688e-07	NaN
1.2668e-07	NaN
1.3436e-07	NaN
1.4006e-07	NaN
1.4391e-07	NaN
1.4604e-07	NaN
1.4659e-07	NaN
1.4569e-07	NaN
1.4348e-07	NaN
1.4008e-07	NaN
1.3563e-07	NaN
1.3026e-07	NaN
1.2411e-07	NaN
1.1728e-07	NaN
1.0991e-07	NaN
1.0208e-07	NaN
9.3931e-08	NaN
8.5563e-08	NaN
7.7092e-08	NaN
6.8631e-08	NaN
6.0315e-08	NaN
5.2425e-08	NaN
4.5302e-08	NaN
3.9286e-08	NaN
3.4719e-08	NaN
3.194e-08	NaN
3.1291e-08	NaN
3.3112e-08	NaN
3.7653e-08	NaN
4.4449e-08	NaN
5.2696e-08	NaN
6.1587e-08	NaN
7.0315e-08	NaN
7.8075e-08	NaN
8.4058e-08	NaN
8.746e-08	NaN
8.7564e-08	NaN
8.452e-08	NaN
7.8958e-08	NaN
7.1509e-08	NaN
6.2807e-08	NaN
5.3485e-08	NaN
4.4177e-08	NaN
3.5514e-08	NaN
2.8103e-08	NaN
2.2224e-08	NaN
1.7953e-08	NaN
1.5361e-08	NaN
1.4519e-08	NaN
1.5497e-08	NaN
1.8367e-08	NaN
2.32e-08	NaN
3.0046e-08	NaN
3.8655e-08	NaN
4.855e-08	NaN
5.9254e-08	NaN
7.0285e-08	NaN
8.1165e-08	NaN
9.1415e-08	NaN
1.0055e-07	NaN
1.0813e-07	NaN
1.1411e-07	NaN
1.1887e-07	NaN
1.2276e-07	NaN
1.2615e-07	NaN
1.294e-07	NaN
1.3288e-07	NaN
1.3696e-07	NaN
1.4198e-07	NaN
1.4797e-07	NaN
1.5458e-07	NaN
1.6148e-07	NaN
1.6833e-07	NaN
1.7478e-07	NaN
1.8051e-07	NaN
1.8515e-07	NaN
1.884e-07	NaN
1.9011e-07	NaN
1.9041e-07	NaN
1.8944e-07	NaN
1.8733e-07	NaN
1.8422e-07	NaN
1.8023e-07	NaN
1.7551e-07	NaN
1.7024e-07	NaN
1.6691e-07	NaN
1.7099e-07	NaN
1.8818e-07	NaN
2.2419e-07	NaN
2.8471e-07	NaN
3.7544e-07	NaN
5.0207e-07	NaN
6.7036e-07	NaN
8.8983e-07	NaN
1.1757e-06	NaN
1.5437e-06	NaN
2.0095e-06	NaN
2.5888e-06	NaN
3.2974e-06	NaN
4.1509e-06	NaN
5.1651e-06	NaN
6.3527e-06	NaN
7.7212e-06	NaN
9.2778e-06	NaN
1.1029e-05	NaN
1.2983e-05	NaN
1.5146e-05	NaN
1.7525e-05	NaN
2.0128e-05	NaN
2.2947e-05	NaN
2.595e-05	NaN
2.9101e-05	NaN
3.2361e-05	NaN
3.5695e-05	NaN
3.9066e-05	NaN
4.2438e-05	NaN
4.5773e-05	NaN
4.9036e-05	NaN
5.2191e-05	NaN
5.5203e-05	NaN
5.8038e-05	NaN
6.0659e-05	NaN
6.3033e-05	NaN
6.5123e-05	NaN
6.6896e-05	NaN
6.8332e-05	NaN
6.9459e-05	NaN
7.0315e-05	NaN
7.0935e-05	NaN
7.1356e-05	NaN
7.1613e-05	NaN
7.1743e-05	NaN
7.1783e-05	NaN
7.1791e-05	NaN
7.1892e-05	NaN
7.2231e-05	NaN
7.2949e-05	NaN
7.4189e-05	NaN
7.6093e-05	NaN
7.8803e-05	NaN
8.2461e-05	NaN
8.721e-05	NaN
9.3186e-05	NaN
0.00010053	NaN
0.00010938	NaN
0.00011986	NaN
0.00013213	NaN
0.00014631	NaN
0.00016255	NaN
0.00018093	NaN
0.00020132	NaN
0.00022352	NaN
0.00024733	NaN
0.00027255	NaN
0.00029899	NaN
0.00032644	NaN
0.00035471	NaN
0.00038359	NaN
0.00041278	NaN
0.00044197	NaN
0.00047084	NaN
0.00049909	NaN
0.0005264	NaN
0.00055246	NaN
0.00057695	NaN
0.00059956	NaN
0.00062003	NaN
0.00063812	NaN
0.00065359	NaN
0.0006662	NaN
0.0006757	NaN
0.00068184	NaN
0.0006844	NaN
0.00068315	NaN
0.00067816	NaN
0.00066962	NaN
0.0006577	NaN
0.00064261	NaN
0.00062452	NaN
0.00060362	NaN
0.0005801	NaN
0.00055416	NaN
0.0005262	NaN
0.00049671	NaN
0.00046619	NaN
0.00043512	NaN
0.00040402	NaN
0.00037337	NaN
0.00034366	NaN
0.0003154	NaN
0.00028897	NaN
0.00026473	NaN
0.00024303	NaN
0.00022423	NaN
0.00020867	NaN
0.0001967	NaN
0.00018868	NaN
0.00018493	NaN
0.00018557	NaN
0.00019052	NaN
0.00019972	NaN
0.00021309	NaN
0.00023058	NaN
0.00025211	NaN
0.00027762	NaN
0.00030704	NaN
0.00034048	NaN
0.00037821	NaN
0.00042046	NaN
0.00046751	NaN
0.0005196	NaN
0.00057699	NaN
0.00063993	NaN
0.00070869	NaN
0.00078348	NaN
0.00086446	NaN
0.00095182	NaN
0.0010457	NaN
0.0011464	NaN
0.0012539	NaN
0.0013685	NaN
0.0014903	NaN
0.0016192	NaN
0.0017547	NaN
0.0018963	NaN
0.0020435	NaN
0.0021958	NaN
0.0023527	NaN
0.0025137	NaN
0.0026782	NaN
0.0028457	NaN
0.0030152	NaN
0.003186	NaN
0.0033572	NaN
0.0035279	NaN
0.0036972	NaN
0.0038644	NaN
0.0040286	NaN
0.0041891	NaN
0.0043457	NaN
0.0044982	NaN
0.0046464	NaN
0.0047901	NaN
0.0049291	NaN
0.0050631	NaN
0.005192	NaN
0.0053153	NaN
0.0054323	NaN
0.0055422	NaN
0.0056442	NaN
0.0057377	NaN
0.0058217	NaN
0.0058956	NaN
0.0059586	NaN
0.00601	NaN
0.0060493	NaN
0.006076	NaN
0.0060898	NaN
0.00609	NaN
0.0060764	NaN
0.0060484	NaN
0.0060055	NaN
0.0059476	NaN
0.0058754	NaN
0.0057895	NaN
0.0056908	NaN
0.0055799	NaN
0.0054575	NaN
0.0053245	NaN
0.0051815	NaN
0.0050294	NaN
0.0048689	NaN
0.0047009	NaN
0.0045263	NaN
0.0043459	NaN
0.0041607	NaN
0.0039715	NaN
0.0037791	NaN
0.0035844	NaN
0.0033882	NaN
0.0031912	NaN
0.0029941	NaN
0.0027979	NaN
0.0026031	NaN
0.0024105	NaN
0.002221	NaN
0.0020353	NaN
0.0018543	NaN
0.0016789	NaN
0.0015102	NaN
0.001349	NaN
0.0011964	NaN
0.0010533	NaN
0.00092054	NaN
0.00079898	NaN
0.00068842	NaN
0.0005884	NaN
0.00049849	NaN
0.00041824	NaN
0.00034722	NaN
0.00028499	NaN
0.00023109	NaN
0.00018509	NaN
0.00014651	NaN
0.00011486	NaN
8.966e-05	NaN
7.0426e-05	NaN
5.667e-05	NaN
4.7908e-05	NaN
4.3654e-05	NaN
4.344e-05	NaN
4.6903e-05	NaN
5.3721e-05	NaN
6.3572e-05	NaN
7.6134e-05	NaN
9.1084e-05	NaN
0.0001081	NaN
0.00012686	NaN
0.00014703	NaN
0.00016812	NaN
0.00018959	NaN
0.0002109	NaN
0.00023151	NaN
0.00025086	NaN
0.00026842	NaN
0.00028364	NaN
0.00029604	NaN
0.00030555	NaN
0.00031237	NaN
0.0003167	NaN
0.00031871	NaN
0.0003186	NaN
0.00031657	NaN
0.0003128	NaN
0.0003075	NaN
0.00030107	NaN
0.00029404	NaN
0.00028694	NaN
0.00028028	NaN
0.00027461	NaN
0.00027043	NaN
0.00026829	NaN
0.00026867	NaN
0.00027163	NaN
0.00027693	NaN
0.00028433	NaN
0.00029357	NaN
0.00030439	NaN
0.00031656	NaN
0.00032981	NaN
0.00034389	NaN
0.00035837	NaN
0.00037268	NaN
0.00038624	NaN
0.00039848	NaN
0.00040883	NaN
0.0004167	NaN
0.00042153	NaN
0.00042277	NaN
0.0004203	NaN
0.00041448	NaN
0.00040566	NaN
0.00039418	NaN
0.0003804	NaN
0.00036466	NaN
0.00034734	NaN
0.00032876	NaN
0.00030927	NaN
0.00028915	NaN
0.00026871	NaN
0.00024825	NaN
0.00022805	NaN
0.00020842	NaN
0.00018966	NaN
0.00017205	NaN
0.00015583	NaN
0.00014116	NaN
0.00012818	NaN
0.00011703	NaN
0.00010787	NaN
0.00010084	NaN
9.6091e-05	NaN
9.3767e-05	NaN
9.3952e-05	NaN
9.6636e-05	NaN
0.0001018	NaN
0.00010943	NaN
0.00011952	NaN
0.00013203	NaN
0.00014696	NaN
0.00016429	NaN
0.00018394	NaN
0.00020573	NaN
0.00022947	NaN
0.00025497	NaN
0.00028203	NaN
0.00031047	NaN
0.00034009	NaN
0.00037071	NaN
0.00040209	NaN
0.0004339	NaN
0.00046582	NaN
0.0004975	NaN
0.00052863	NaN
0.00055887	NaN
0.00058788	NaN
0.00061533	NaN
0.00064071	NaN
0.00066309	NaN
0.00068149	NaN
0.00069491	NaN
0.00070236	NaN
0.00070287	NaN
0.00069545	NaN
0.0006791	NaN
0.00065337	NaN
0.00061921	NaN
0.00057781	NaN
0.00053035	NaN
0.00047803	NaN
0.00042203	NaN
0.00036354	NaN
0.00030375	NaN
0.00024427	NaN
0.00018805	NaN
0.00013831	NaN
9.8241e-05	NaN
7.107e-05	NaN
6.0005e-05	NaN
6.8259e-05	NaN
9.9044e-05	NaN
0.00015631	NaN
0.00024676	NaN
0.00037775	NaN
0.00055663	NaN
0.00079073	NaN
0.0010874	NaN
0.001454	NaN
0.0018979	NaN
0.0024291	NaN
0.0030695	NaN
0.0038442	NaN
0.0047785	NaN
0.0058973	NaN
0.007226	NaN
0.0087895	NaN
0.010613	NaN
0.012725	NaN
0.015167	NaN
0.017987	NaN
0.021233	NaN
0.024952	NaN
0.029191	NaN
0.033998	NaN
0.039419	NaN
0.045502	NaN
0.052282	NaN
0.059791	NaN
0.068062	NaN
0.077127	NaN
0.087019	NaN
0.097771	NaN
0.10941	-0.61644
0.12198	-0.61469
0.13547	-0.6115
0.14987	-0.60691
0.16518	-0.60098
0.1814	-0.59377
0.19851	-0.58533
0.21651	-0.57571
0.23538	-0.56496
0.25513	-0.55314
0.27573	-0.54032
0.29717	-0.52657
0.31943	-0.51197
0.34248	-0.4966
0.36631	-0.48052
0.39091	-0.46382
0.41624	-0.44657
0.44229	-0.42884
0.46897	-0.41068
0.49616	-0.39214
0.52373	-0.37324
0.55156	-0.35403
0.57953	-0.33454
0.60751	-0.3148
0.63538	-0.29486
0.66302	-0.27475
0.69034	-0.25455
0.71725	-0.23435
0.74368	-0.21426
0.76955	-0.19437
0.79478	-0.17477
0.8193	-0.15558
0.84303	-0.13689
0.86588	-0.11879
0.8877	-0.10142
0.90825	-0.084925
0.9273	-0.06946
0.94462	-0.055177
0.95997	-0.042225
0.97312	-0.030758
0.98385	-0.020926
0.99191	-0.012878
0.99725	-0.0066958
0.99992	-0.0023976
1	0
0.99755	0.00048053
0.99264	-0.00097244
0.98534	-0.0043754
0.97573	-0.0097447
0.96387	-0.017096
0.94993	-0.026429
0.93416	-0.037725
0.91683	-0.050965
0.8982	-0.066128
0.87854	-0.083197
0.8581	-0.10215
0.83716	-0.12297
0.81596	-0.14563
0.79466	-0.17007
0.77323	-0.19614
0.75168	-0.22369
0.72997	-0.2526
0.7081	-0.2827
0.68605	-0.31387
0.6638	-0.34595
0.64134	-0.37882
0.61864	-0.41266
0.59569	-0.44815
0.57246	-0.48601
0.54895	-0.52693
0.52512	-0.57164
0.50096	-0.62084
0.47644	-0.67524
0.45156	-0.73555
0.42634	-0.80135
0.40094	-0.87042
0.37551	-0.94038
0.3502	-1.0088
0.32517	-1.0733
0.30058	-1.1316
0.27657	-1.1811
0.25331	-1.2195
0.23093	-1.2482
0.20956	-1.2755
0.18931	-1.3106
0.17029	-1.3627
0.15263	-1.4409
0.13643	-1.5545
0.12182	-1.7127
0.1089	-1.9245
0.097735	NaN
0.088197	NaN
0.080153	NaN
0.073465	NaN
0.067998	NaN
0.063615	NaN
0.060179	NaN
0.057555	NaN
0.055622	NaN
0.054306	NaN
0.053539	NaN
0.053255	NaN
0.053385	NaN
0.053861	NaN
0.054618	NaN
0.055587	NaN
0.056707	NaN
0.057936	NaN
0.059238	NaN
0.060574	NaN
0.061906	NaN
0.063197	NaN
0.064409	NaN
0.065505	NaN
0.066447	NaN
0.067203	NaN
0.06774	NaN
0.068026	NaN
0.068028	NaN
0.067716	NaN
0.067055	NaN
0.066014	NaN
0.064573	NaN
0.062764	NaN
0.060634	NaN
0.058229	NaN
0.055596	NaN
0.05278	NaN
0.04983	NaN
0.04679	NaN
0.043706	NaN
0.040608	NaN
0.037524	NaN
0.034481	NaN
0.031507	NaN
0.028628	NaN
0.025873	NaN
0.023268	NaN
0.020837	NaN
0.018588	NaN
0.016518	NaN
0.014627	NaN
0.012915	NaN
0.01138	NaN
0.010022	NaN
0.0088402	NaN
0.0078327	NaN
0.0069951	NaN
0.0063216	NaN
0.0058061	NaN
0.0054427	NaN
0.0052254	NaN
0.0051481	NaN
0.0052049	NaN
0.0053891	NaN
0.0056882	NaN
0.0060867	NaN
0.0065691	NaN
0.0071201	NaN
0.0077239	NaN
0.0083653	NaN
0.0090287	NaN
0.0096993	NaN
0.010369	NaN
0.011034	NaN
0.01169	NaN
0.012334	NaN
0.01296	NaN
0.013567	NaN
0.014148	NaN
0.014701	NaN
0.015223	NaN
0.015712	NaN
0.016166	NaN
0.016582	NaN
0.01696	NaN
0.017296	NaN
0.017589	NaN
0.017838	NaN
0.01804	NaN
0.018196	NaN
0.018305	NaN
0.018367	NaN
0.018381	NaN
0.018347	NaN
0.018266	NaN
0.018136	NaN
0.017959	NaN
0.01774	NaN
0.017482	NaN
0.017191	NaN
0.016869	NaN
0.016521	NaN
0.016151	NaN
0.015764	NaN
0.015361	NaN
0.014947	NaN
0.014522	NaN
0.01409	NaN
0.013652	NaN
0.013212	NaN
0.01277	NaN
0.01233	NaN
0.011894	NaN
0.011463	NaN
0.011041	NaN
0.01063	NaN
0.010231	NaN
0.0098463	NaN
0.0094792	NaN
0.0091313	NaN
0.0088038	NaN
0.008496	NaN
0.0082073	NaN
0.0079369	NaN
0.0076842	NaN
0.0074485	NaN
0.0072291	NaN
0.0070252	NaN
0.0068355	NaN
0.0066575	NaN
0.0064885	NaN
0.0063259	NaN
0.0061671	NaN
0.0060095	NaN
0.0058503	NaN
0.0056871	NaN
0.0055183	NaN
0.0053447	NaN
0.005167	NaN
0.0049861	NaN
0.0048031	NaN
0.0046187	NaN
0.0044338	NaN
0.0042494	NaN
0.0040662	NaN
0.0038848	NaN
0.0037056	NaN
0.0035292	NaN
0.0033561	NaN
0.0031867	NaN
0.0030215	NaN
0.0028611	NaN
0.0027057	NaN
0.0025552	NaN
0.0024092	NaN
0.0022674	NaN
0.0021296	NaN
0.0019954	NaN
0.0018645	NaN
0.0017367	NaN
0.0016118	NaN
0.0014904	NaN
0.0013728	NaN
0.0012597	NaN
0.0011516	NaN
0.001049	NaN
0.00095259	NaN
0.00086279	NaN
0.00078001	NaN
0.00070401	NaN
0.00063442	NaN
0.00057087	NaN
0.00051299	NaN
0.00046041	NaN
0.00041276	NaN
0.00036966	NaN
0.00033075	NaN
0.00029568	NaN
0.00026411	NaN
0.0002357	NaN
0.00021009	NaN
0.00018696	NaN
0.00016595	NaN
0.00014672	NaN
0.00012897	NaN
0.0001126	NaN
9.7559e-05	NaN
8.3813e-05	NaN
7.1319e-05	NaN
6.0035e-05	NaN
4.992e-05	NaN
4.0932e-05	NaN
3.3028e-05	NaN
2.6151e-05	NaN
2.024e-05	NaN
1.5232e-05	NaN
1.1066e-05	NaN
7.6809e-06	NaN
5.0141e-06	NaN
3.0042e-06	NaN
1.588e-06	NaN
6.9148e-07	NaN
2.3619e-07	NaN
1.4353e-07	NaN
3.3496e-07	NaN
7.3194e-07	NaN
1.2559e-06	NaN
1.8283e-06	NaN
2.3764e-06	NaN
2.8751e-06	NaN
3.3231e-06	NaN
3.7194e-06	NaN
4.0627e-06	NaN
4.352e-06	NaN
4.5862e-06	NaN
4.764e-06	NaN
4.8852e-06	NaN
4.9581e-06	NaN
4.9955e-06	NaN
5.0107e-06	NaN
5.0168e-06	NaN
5.0268e-06	NaN
5.0538e-06	NaN
5.1111e-06	NaN
5.2114e-06	NaN
5.3648e-06	NaN
5.5796e-06	NaN
5.8639e-06	NaN
6.2259e-06	NaN
6.6738e-06	NaN
7.2159e-06	NaN
7.8602e-06	NaN
8.6129e-06	NaN
9.4491e-06	NaN
1.032e-05	NaN
1.1175e-05	NaN
1.1965e-05	NaN
1.2641e-05	NaN
1.3153e-05	NaN
1.3451e-05	NaN
1.3488e-05	NaN
1.3274e-05	NaN
1.2867e-05	NaN
1.2329e-05	NaN
1.172e-05	NaN
1.11e-05	NaN
1.0531e-05	NaN
1.0074e-05	NaN
9.7864e-06	NaN
9.6914e-06	NaN
9.7717e-06	NaN
1.0009e-05	NaN
1.0383e-05	NaN
1.0877e-05	NaN
1.1471e-05	NaN
1.2147e-05	NaN
1.2885e-05	NaN
1.3655e-05	NaN
1.4411e-05	NaN
1.5108e-05	NaN
1.5699e-05	NaN
1.6139e-05	NaN
1.6381e-05	NaN
1.6379e-05	NaN
1.6089e-05	NaN
1.5508e-05	NaN
1.4688e-05	NaN
1.3689e-05	NaN
1.2569e-05	NaN
1.1387e-05	NaN
1.02e-05	NaN
9.067e-06	NaN
8.0464e-06	NaN
7.171e-06	NaN
6.4342e-06	NaN
5.8261e-06	NaN
5.3364e-06	NaN
4.9553e-06	NaN
4.6726e-06	NaN
4.4782e-06	NaN
4.3621e-06	NaN
4.3141e-06	NaN
4.3236e-06	NaN
4.3801e-06	NaN
4.473e-06	NaN
4.5918e-06	NaN
4.7259e-06	NaN
4.8648e-06	NaN
4.9979e-06	NaN
5.1186e-06	NaN
5.2286e-06	NaN
5.3307e-06	NaN
5.4276e-06	NaN
5.5221e-06	NaN
5.617e-06	NaN
5.7152e-06	NaN
5.8192e-06	NaN
5.9319e-06	NaN
6.0552e-06	NaN
6.1913e-06	NaN
6.342e-06	NaN
6.5096e-06	NaN
6.696e-06	NaN
6.9032e-06	NaN
7.1333e-06	NaN
7.387e-06	NaN
7.6609e-06	NaN
7.9508e-06	NaN
8.2525e-06	NaN
8.5621e-06	NaN
8.8753e-06	NaN
9.1879e-06	NaN
9.496e-06	NaN
9.7964e-06	NaN
1.009e-05	NaN
1.0379e-05	NaN
1.0665e-05	NaN
1.0949e-05	NaN
1.1234e-05	NaN
1.152e-05	NaN
1.1811e-05	NaN
1.2106e-05	NaN
1.2393e-05	NaN
1.2661e-05	NaN
1.2897e-05	NaN
1.3089e-05	NaN
1.3224e-05	NaN
1.3289e-05	NaN
1.3271e-05	NaN
1.3161e-05	NaN
1.296e-05	NaN
1.2672e-05	NaN
1.2303e-05	NaN
1.1858e-05	NaN
1.1341e-05	NaN
1.0757e-05	NaN
1.0111e-05	NaN
9.4094e-06	NaN
8.6645e-06	NaN
7.8916e-06	NaN
7.1059e-06	NaN
6.3225e-06	NaN
5.5565e-06	NaN
4.823e-06	NaN
4.1373e-06	NaN
3.5127e-06	NaN
2.9511e-06	NaN
2.4496e-06	NaN
2.0054e-06	NaN
1.6153e-06	NaN
1.2766e-06	NaN
9.8632e-07	NaN
7.4149e-07	NaN
5.392e-07	NaN
3.7642e-07	NaN
2.5011e-07	NaN
1.5721e-07	NaN
9.4666e-08	NaN
5.9433e-08	NaN
4.8454e-08	NaN
5.8676e-08	NaN
8.713e-08	NaN
1.3166e-07	NaN
1.9057e-07	NaN
2.6216e-07	NaN
3.4475e-07	NaN
4.3664e-07	NaN
5.3615e-07	NaN
6.4157e-07	NaN
7.5109e-07	NaN
8.613e-07	NaN
9.678e-07	NaN
1.0661e-06	NaN
1.1519e-06	NaN
1.2206e-06	NaN
1.2678e-06	NaN
1.2891e-06	NaN
1.2804e-06	NaN
1.2426e-06	NaN
1.1803e-06	NaN
1.0983e-06	NaN
1.0012e-06	NaN
8.9396e-07	NaN
7.8119e-07	NaN
6.6768e-07	NaN
5.5807e-07	NaN
4.5554e-07	NaN
3.6193e-07	NaN
2.7903e-07	NaN
2.0864e-07	NaN
1.5258e-07	NaN
1.1262e-07	NaN
9.0588e-08	NaN
8.8139e-08	NaN
1.0396e-07	NaN
1.3371e-07	NaN
1.7291e-07	NaN
2.1709e-07	NaN
2.6178e-07	NaN
3.0249e-07	NaN
3.3477e-07	NaN
3.5422e-07	NaN
3.5964e-07	NaN
3.5347e-07	NaN
3.3838e-07	NaN
3.1701e-07	NaN
2.9204e-07	NaN
2.6612e-07	NaN
2.4192e-07	NaN
2.2206e-07	NaN
2.0812e-07	NaN
2.0022e-07	NaN
1.9842e-07	NaN
2.0272e-07	NaN
2.1318e-07	NaN
2.2981e-07	NaN
2.5266e-07	NaN
2.8174e-07	NaN
3.1636e-07	NaN
3.5469e-07	NaN
3.948e-07	NaN
4.3479e-07	NaN
4.7273e-07	NaN
5.0669e-07	NaN
5.3476e-07	NaN
5.5503e-07	NaN
5.6679e-07	NaN
5.715e-07	NaN
5.7087e-07	NaN
5.6658e-07	NaN
5.6033e-07	NaN
5.5381e-07	NaN
5.4872e-07	NaN
5.4675e-07	NaN
5.4888e-07	NaN
5.5459e-07	NaN
5.6316e-07	NaN
5.7389e-07	NaN
5.8608e-07	NaN
5.99e-07	NaN
6.1195e-07	NaN
6.2422e-07	NaN
6.351e-07	NaN
6.4389e-07	NaN
6.4988e-07	NaN
6.5236e-07	NaN
6.5064e-07	NaN
6.44e-07	NaN
6.3174e-07	NaN
6.1316e-07	NaN
5.8793e-07	NaN
5.5683e-07	NaN
5.2085e-07	NaN
4.8094e-07	NaN
4.3809e-07	NaN
3.9327e-07	NaN
3.4747e-07	NaN
3.0164e-07	NaN
2.5678e-07	NaN
2.1385e-07	NaN
1.7384e-07	NaN
1.377e-07	NaN
1.0643e-07	NaN
8.0999e-08	NaN
6.2378e-08	NaN
5.1543e-08	NaN
