4.1345e-08	NaN
4.0382e-08	NaN
4.1732e-08	NaN
4.5018e-08	NaN
4.9864e-08	NaN
5.5895e-08	NaN
6.2733e-08	NaN
7.0003e-08	NaN
7.7328e-08	NaN
8.4333e-08	NaN
9.0641e-08	NaN
9.5877e-08	NaN
9.9663e-08	NaN
1.0162e-07	NaN
1.0138e-07	NaN
9.8663e-08	NaN
9.3707e-08	NaN
8.6951e-08	NaN
7.8825e-08	NaN
6.9765e-08	NaN
6.0201e-08	NaN
5.0566e-08	NaN
4.1294e-08	NaN
3.2851e-08	NaN
2.5931e-08	NaN
2.1319e-08	NaN
1.9801e-08	NaN
2.2162e-08	NaN
2.9189e-08	NaN
4.1667e-08	NaN
6.0382e-08	NaN
8.5911e-08	NaN
1.1719e-07	NaN
1.5237e-07	NaN
1.8959e-07	NaN
2.2702e-07	NaN
2.6279e-07	NaN
2.9505e-07	NaN
3.2196e-07	NaN
3.4179e-07	NaN
3.5409e-07	NaN
3.5912e-07	NaN
3.5712e-07	NaN
3.4835e-07	NaN
3.3307e-07	NaN
3.1154e-07	NaN
2.84e-07	NaN
2.5084e-07	NaN
2.138e-07	NaN
1.7553e-07	NaN
1.3866e-07	NaN
1.0585e-07	NaN
7.9743e-08	NaN
6.2989e-08	NaN
5.8235e-08	NaN
6.7903e-08	NaN
9.1214e-08	NaN
1.2501e-07	NaN
1.6608e-07	NaN
2.1122e-07	NaN
2.5721e-07	NaN
3.0084e-07	NaN
3.389e-07	NaN
3.6829e-07	NaN
3.8803e-07	NaN
3.9891e-07	NaN
4.0181e-07	NaN
3.9757e-07	NaN
3.8706e-07	NaN
3.7114e-07	NaN
3.5068e-07	NaN
3.2653e-07	NaN
2.994e-07	NaN
2.6984e-07	NaN
2.3841e-07	NaN
2.0567e-07	NaN
1.7216e-07	NaN
1.3845e-07	NaN
1.0508e-07	NaN
7.2671e-08	NaN
4.3994e-08	NaN
2.4235e-08	NaN
1.8722e-08	NaN
3.2781e-08	NaN
7.1739e-08	NaN
1.4092e-07	NaN
2.4566e-07	NaN
3.9118e-07	NaN
5.7896e-07	NaN
8.0552e-07	NaN
1.067e-06	NaN
1.3597e-06	NaN
1.6796e-06	NaN
2.023e-06	NaN
2.3861e-06	NaN
2.765e-06	NaN
3.1579e-06	NaN
3.5656e-06	NaN
3.9893e-06	NaN
4.4302e-06	NaN
4.8894e-06	NaN
5.368e-06	NaN
5.8673e-06	NaN
6.3885e-06	NaN
6.9449e-06	NaN
7.5707e-06	NaN
8.3025e-06	NaN
9.1767e-06	NaN
1.023e-05	NaN
1.1498e-05	NaN
1.3019e-05	NaN
1.4828e-05	NaN
1.6944e-05	NaN
1.935e-05	NaN
2.2026e-05	NaN
2.4949e-05	NaN
2.8099e-05	NaN
3.1454e-05	NaN
3.4993e-05	NaN
3.8694e-05	NaN
4.2528e-05	NaN
4.6446e-05	NaN
5.0395e-05	NaN
5.4325e-05	NaN
5.8182e-05	NaN
6.1915e-05	NaN
6.5472e-05	NaN
6.88e-05	NaN
7.1864e-05	NaN
7.4672e-05	NaN
7.7239e-05	NaN
7.9582e-05	NaN
8.1715e-05	NaN
8.3656e-05	NaN
8.542e-05	NaN
8.7023e-05	NaN
8.8494e-05	NaN
8.9907e-05	NaN
9.1347e-05	NaN
9.2896e-05	NaN
9.4638e-05	NaN
9.6657e-05	NaN
9.9036e-05	NaN
0.00010186	NaN
0.00010523	NaN
0.00010934	NaN
0.00011439	NaN
0.0001206	NaN
0.00012817	NaN
0.00013732	NaN
0.00014824	NaN
0.00016116	NaN
0.00017625	NaN
0.00019361	NaN
0.00021332	NaN
0.00023543	NaN
0.00026	NaN
0.00028712	NaN
0.00031684	NaN
0.00034924	NaN
0.00038432	NaN
0.00042181	NaN
0.00046134	NaN
0.00050253	NaN
0.00054502	NaN
0.00058843	NaN
0.00063239	NaN
0.00067652	NaN
0.00072047	NaN
0.00076393	NaN
0.00080661	NaN
0.00084823	NaN
0.0008885	NaN
0.00092714	NaN
0.00096386	NaN
0.00099839	NaN
0.0010304	NaN
0.0010597	NaN
0.0010858	NaN
0.0011084	NaN
0.0011272	NaN
0.001142	NaN
0.0011523	NaN
0.0011578	NaN
0.0011582	NaN
0.0011535	NaN
0.0011437	NaN
0.0011287	NaN
0.0011087	NaN
0.0010836	NaN
0.0010535	NaN
0.0010184	NaN
0.00097842	NaN
0.00093392	NaN
0.00088557	NaN
0.00083403	NaN
0.00077997	NaN
0.00072403	NaN
0.00066687	NaN
0.00060916	NaN
0.00055154	NaN
0.00049465	NaN
0.00043913	NaN
0.00038559	NaN
0.00033467	NaN
0.00028699	NaN
0.00024317	NaN
0.00020385	NaN
0.00016963	NaN
0.00014099	NaN
0.00011823	NaN
0.00010168	NaN
9.1658e-05	NaN
8.8487e-05	NaN
9.2484e-05	NaN
0.00010397	NaN
0.00012325	NaN
0.00015053	NaN
0.00018585	NaN
0.00022927	NaN
0.00028086	NaN
0.00034066	NaN
0.00040873	NaN
0.00048513	NaN
0.0005699	NaN
0.0006628	NaN
0.00076321	NaN
0.00087055	NaN
0.00098419	NaN
0.0011035	NaN
0.0012279	NaN
0.0013568	NaN
0.0014896	NaN
0.0016258	NaN
0.001765	NaN
0.0019071	NaN
0.0020518	NaN
0.0021986	NaN
0.0023475	NaN
0.002498	NaN
0.0026499	NaN
0.0028028	NaN
0.0029558	NaN
0.0031082	NaN
0.0032593	NaN
0.0034081	NaN
0.003554	NaN
0.0036962	NaN
0.0038339	NaN
0.0039664	NaN
0.0040932	NaN
0.0042138	NaN
0.0043277	NaN
0.0044343	NaN
0.0045333	NaN
0.004624	NaN
0.004706	NaN
0.0047793	NaN
0.0048447	NaN
0.0049035	NaN
0.0049565	NaN
0.0050049	NaN
0.0050498	NaN
0.0050922	NaN
0.0051331	NaN
0.0051734	NaN
0.0052137	NaN
0.0052542	NaN
0.0052954	NaN
0.0053377	NaN
0.0053814	NaN
0.0054271	NaN
0.005475	NaN
0.0055252	NaN
0.0055772	NaN
0.0056302	NaN
0.0056832	NaN
0.0057357	NaN
0.0057867	NaN
0.0058354	NaN
0.0058812	NaN
0.0059231	NaN
0.0059603	NaN
0.0059921	NaN
0.0060176	NaN
0.0060359	NaN
0.0060462	NaN
0.0060477	NaN
0.0060395	NaN
0.0060211	NaN
0.0059923	NaN
0.0059535	NaN
0.0059049	NaN
0.0058466	NaN
0.005779	NaN
0.0057022	NaN
0.0056164	NaN
0.0055219	NaN
0.0054196	NaN
0.0053102	NaN
0.0051948	NaN
0.005074	NaN
0.0049489	NaN
0.0048204	NaN
0.0046892	NaN
0.0045564	NaN
0.0044233	NaN
0.0042912	NaN
0.0041615	NaN
0.0040357	NaN
0.0039151	NaN
0.0038011	NaN
0.0036952	NaN
0.0035986	NaN
0.0035127	NaN
0.0034383	NaN
0.0033766	NaN
0.0033287	NaN
0.0032956	NaN
0.0032785	NaN
0.0032783	NaN
0.0032961	NaN
0.0033323	NaN
0.0033874	NaN
0.0034614	NaN
0.0035547	NaN
0.0036676	NaN
0.0038004	NaN
0.0039532	NaN
0.0041262	NaN
0.0043181	NaN
0.0045269	NaN
0.0047506	NaN
0.0049871	NaN
0.0052344	NaN
0.0054905	NaN
0.0057532	NaN
0.0060206	NaN
0.0062898	NaN
0.0065577	NaN
0.006821	NaN
0.0070765	NaN
0.0073211	NaN
0.0075514	NaN
0.0077644	NaN
0.0079569	NaN
0.0081274	NaN
0.0082756	NaN
0.0084011	NaN
0.0085036	NaN
0.0085827	NaN
0.0086382	NaN
0.0086696	NaN
0.0086766	NaN
0.0086599	NaN
0.0086203	NaN
0.008559	NaN
0.008477	NaN
0.0083755	NaN
0.0082556	NaN
0.0081183	NaN
0.0079647	NaN
0.0077962	NaN
0.0076148	NaN
0.0074222	NaN
0.0072202	NaN
0.0070107	NaN
0.0067954	NaN
0.0065762	NaN
0.0063549	NaN
0.0061327	NaN
0.00591	NaN
0.0056873	NaN
0.0054651	NaN
0.0052439	NaN
0.005024	NaN
0.004806	NaN
0.0045904	NaN
0.0043776	NaN
0.0041681	NaN
0.0039627	NaN
0.0037618	NaN
0.003566	NaN
0.0033759	NaN
0.0031921	NaN
0.0030151	NaN
0.0028452	NaN
0.0026824	NaN
0.0025266	NaN
0.0023778	NaN
0.0022358	NaN
0.0021007	NaN
0.0019723	NaN
0.0018506	NaN
0.0017355	NaN
0.0016265	NaN
0.0015236	NaN
0.0014263	NaN
0.0013343	NaN
0.0012475	NaN
0.0011654	NaN
0.0010879	NaN
0.0010146	NaN
0.00094568	NaN
0.00088113	NaN
0.000821	NaN
0.00076534	NaN
0.00071418	NaN
0.00066759	NaN
0.00062559	NaN
0.00058807	NaN
0.00055454	NaN
0.00052444	NaN
0.00049723	NaN
0.00047236	NaN
0.00044929	NaN
0.00042746	NaN
0.00040632	NaN
0.00038555	NaN
0.0003654	NaN
0.00034622	NaN
0.00032835	NaN
0.00031216	NaN
0.00029799	NaN
0.00028619	NaN
0.00027711	NaN
0.00027085	NaN
0.00026676	NaN
0.00026402	NaN
0.00026179	NaN
0.00025928	NaN
0.00025565	NaN
0.0002501	NaN
0.00024179	NaN
0.00023076	NaN
0.00022011	NaN
0.0002137	NaN
0.00021535	NaN
0.00022893	NaN
0.00025826	NaN
0.0003072	NaN
0.00037958	NaN
0.00048121	NaN
0.00062644	NaN
0.00083201	NaN
0.0011147	NaN
0.0014911	NaN
0.001978	NaN
0.0025922	NaN
0.0033504	NaN
0.0042732	NaN
0.0054015	NaN
0.0067827	NaN
0.0084643	NaN
0.010494	NaN
0.012918	NaN
0.015786	NaN
0.019143	NaN
0.023039	NaN
0.027526	NaN
0.032658	NaN
0.038489	NaN
0.045076	NaN
0.05247	NaN
0.060728	NaN
0.069902	NaN
0.080043	NaN
0.091149	NaN
0.1032	-0.59893
0.11618	-0.59774
0.13007	-0.59534
0.14484	-0.59173
0.16048	-0.58689
0.17697	-0.58081
0.19429	-0.57346
0.21241	-0.56487
0.23132	-0.55509
0.25099	-0.54416
0.27141	-0.53212
0.29255	-0.519
0.3144	-0.50486
0.33692	-0.48974
0.36011	-0.47368
0.38394	-0.45675
0.4084	-0.43905
0.43348	-0.42068
0.45916	-0.40173
0.48543	-0.38229
0.51228	-0.36247
0.53969	-0.34234
0.56763	-0.32202
0.59603	-0.30158
0.62473	-0.28111
0.6536	-0.2607
0.68248	-0.24043
0.71124	-0.22038
0.73972	-0.20064
0.7678	-0.1813
0.79531	-0.16243
0.82207	-0.14412
0.84781	-0.12647
0.87229	-0.10955
0.89527	-0.093448
0.91649	-0.078257
0.93571	-0.064059
0.95267	-0.050942
0.96714	-0.038991
0.979	-0.028297
0.98822	-0.018956
0.9948	-0.011062
0.99873	-0.0047118
1	0
0.9986	0.002978
0.99452	0.0041268
0.98777	0.0033529
0.97846	0.00060782
0.9669	-0.0041084
0.95338	-0.010793
0.9382	-0.019445
0.92165	-0.030059
0.90402	-0.042636
0.88563	-0.057171
0.86675	-0.073663
0.84756	-0.092122
0.82812	-0.11257
0.80843	-0.13505
0.78854	-0.15957
0.76846	-0.18616
0.74824	-0.21485
0.72789	-0.24568
0.70744	-0.27865
0.68688	-0.31374
0.6661	-0.35077
0.64498	-0.38959
0.62344	-0.43004
0.60137	-0.47196
0.57865	-0.51518
0.55518	-0.55955
0.53086	-0.6049
0.50569	-0.65132
0.4798	-0.69934
0.45337	-0.7495
0.42657	-0.80236
0.39956	-0.85846
0.37251	-0.91837
0.34559	-0.98264
0.31895	-1.0518
0.29278	-1.1256
0.26727	-1.2022
0.24261	-1.2795
0.21898	-1.3555
0.19659	-1.4282
0.17561	-1.4955
0.15626	-1.5554
0.1387	-1.606
0.12306	-1.648
0.10927	-1.6889
0.097224	NaN
0.086829	NaN
0.07799	NaN
0.07061	NaN
0.064592	NaN
0.059842	NaN
0.056255	NaN
0.053713	NaN
0.052093	NaN
0.051273	NaN
0.051131	NaN
0.051544	NaN
0.05239	NaN
0.053547	NaN
0.05491	NaN
0.056432	NaN
0.058073	NaN
0.059796	NaN
0.061563	NaN
0.063335	NaN
0.065076	NaN
0.066746	NaN
0.068311	NaN
0.06975	NaN
0.071043	NaN
0.072171	NaN
0.073116	NaN
0.073858	NaN
0.074378	NaN
0.074657	NaN
0.074678	NaN
0.074426	NaN
0.07389	NaN
0.073058	NaN
0.071917	NaN
0.070456	NaN
0.068662	NaN
0.066523	NaN
0.064034	NaN
0.061226	NaN
0.05814	NaN
0.054818	NaN
0.051303	NaN
0.047635	NaN
0.043857	NaN
0.04001	NaN
0.036138	NaN
0.032283	NaN
0.028493	NaN
0.024812	NaN
0.021287	NaN
0.017964	NaN
0.014886	NaN
0.012102	NaN
0.0096508	NaN
0.0075408	NaN
0.005765	NaN
0.0043164	NaN
0.0031881	NaN
0.0023731	NaN
0.0018644	NaN
0.0016552	NaN
0.001736	NaN
0.0020782	NaN
0.0026428	NaN
0.003391	NaN
0.004284	NaN
0.0052829	NaN
0.0063488	NaN
0.0074428	NaN
0.0085271	NaN
0.0095738	NaN
0.010561	NaN
0.011467	NaN
0.012271	NaN
0.012949	NaN
0.013481	NaN
0.013844	NaN
0.01402	NaN
0.01401	NaN
0.013835	NaN
0.013515	NaN
0.013068	NaN
0.012515	NaN
0.011875	NaN
0.011168	NaN
0.010414	NaN
0.0096291	NaN
0.0088271	NaN
0.0080222	NaN
0.0072283	NaN
0.0064595	NaN
0.0057297	NaN
0.005053	NaN
0.0044429	NaN
0.0039038	NaN
0.0034317	NaN
0.0030224	NaN
0.0026718	NaN
0.0023756	NaN
0.0021296	NaN
0.0019296	NaN
0.0017712	NaN
0.0016501	NaN
0.001561	NaN
0.001499	NaN
0.001459	NaN
0.0014361	NaN
0.0014252	NaN
0.0014212	NaN
0.0014192	NaN
0.001416	NaN
0.0014106	NaN
0.001402	NaN
0.0013894	NaN
0.0013719	NaN
0.0013485	NaN
0.0013184	NaN
0.0012807	NaN
0.0012352	NaN
0.0011825	NaN
0.0011234	NaN
0.0010586	NaN
0.00098895	NaN
0.00091516	NaN
0.00083798	NaN
0.00075816	NaN
0.00067669	NaN
0.00059487	NaN
0.00051406	NaN
0.00043562	NaN
0.0003609	NaN
0.00029126	NaN
0.00022803	NaN
0.00017258	NaN
0.00012567	NaN
8.6994e-05	NaN
5.6106e-05	NaN
3.2571e-05	NaN
1.5952e-05	NaN
5.8125e-06	NaN
1.7144e-06	NaN
3.22e-06	NaN
9.7663e-06	NaN
2.0515e-05	NaN
3.459e-05	NaN
5.1116e-05	NaN
6.9219e-05	NaN
8.8022e-05	NaN
0.00010665	NaN
0.00012423	NaN
0.00014008	NaN
0.00015402	NaN
0.00016594	NaN
0.00017575	NaN
0.00018335	NaN
0.00018863	NaN
0.00019148	NaN
0.00019182	NaN
0.00018963	NaN
0.00018518	NaN
0.00017878	NaN
0.00017078	NaN
0.00016147	NaN
0.0001512	NaN
0.00014027	NaN
0.00012901	NaN
0.00011771	NaN
0.00010653	NaN
9.56e-05	NaN
8.5051e-05	NaN
7.5019e-05	NaN
6.5634e-05	NaN
5.7031e-05	NaN
4.9342e-05	NaN
4.2661e-05	NaN
3.693e-05	NaN
3.2047e-05	NaN
2.7911e-05	NaN
2.4422e-05	NaN
2.1478e-05	NaN
1.8979e-05	NaN
1.6823e-05	NaN
1.4922e-05	NaN
1.3236e-05	NaN
1.1748e-05	NaN
1.0435e-05	NaN
9.2771e-06	NaN
8.2547e-06	NaN
7.3471e-06	NaN
6.5337e-06	NaN
5.7962e-06	NaN
5.1279e-06	NaN
4.5263e-06	NaN
3.9889e-06	NaN
3.5134e-06	NaN
3.0972e-06	NaN
2.7379e-06	NaN
2.433e-06	NaN
2.18e-06	NaN
1.975e-06	NaN
1.8137e-06	NaN
1.6918e-06	NaN
1.6049e-06	NaN
1.5489e-06	NaN
1.5194e-06	NaN
1.512e-06	NaN
1.5225e-06	NaN
1.5471e-06	NaN
1.5821e-06	NaN
1.6237e-06	NaN
1.6683e-06	NaN
1.7122e-06	NaN
1.7518e-06	NaN
1.7833e-06	NaN
1.8035e-06	NaN
1.8134e-06	NaN
1.8164e-06	NaN
1.816e-06	NaN
1.8157e-06	NaN
1.8189e-06	NaN
1.8291e-06	NaN
1.8498e-06	NaN
1.8841e-06	NaN
1.9305e-06	NaN
1.9845e-06	NaN
2.0415e-06	NaN
2.0971e-06	NaN
2.1466e-06	NaN
2.1856e-06	NaN
2.2093e-06	NaN
2.2141e-06	NaN
2.2064e-06	NaN
2.2009e-06	NaN
2.2124e-06	NaN
2.2557e-06	NaN
2.3458e-06	NaN
2.4974e-06	NaN
2.7253e-06	NaN
3.0441e-06	NaN
3.4601e-06	NaN
3.9727e-06	NaN
4.581e-06	NaN
5.2841e-06	NaN
6.0811e-06	NaN
6.9711e-06	NaN
7.9532e-06	NaN
9.0261e-06	NaN
1.0178e-05	NaN
1.1388e-05	NaN
1.2633e-05	NaN
1.3892e-05	NaN
1.5141e-05	NaN
1.6358e-05	NaN
1.7521e-05	NaN
1.8609e-05	NaN
1.9628e-05	NaN
2.0615e-05	NaN
2.1611e-05	NaN
2.2655e-05	NaN
2.3787e-05	NaN
2.5048e-05	NaN
2.6477e-05	NaN
2.8114e-05	NaN
2.9974e-05	NaN
3.2039e-05	NaN
3.4289e-05	NaN
3.6703e-05	NaN
3.926e-05	NaN
4.1942e-05	NaN
4.4726e-05	NaN
4.7592e-05	NaN
5.0501e-05	NaN
5.338e-05	NaN
5.6156e-05	NaN
5.8755e-05	NaN
6.1102e-05	NaN
6.3123e-05	NaN
6.4745e-05	NaN
6.5894e-05	NaN
6.6536e-05	NaN
6.6718e-05	NaN
6.649e-05	NaN
6.5906e-05	NaN
6.5018e-05	NaN
6.3878e-05	NaN
6.2539e-05	NaN
6.1054e-05	NaN
5.9464e-05	NaN
5.7791e-05	NaN
5.6052e-05	NaN
5.4266e-05	NaN
5.245e-05	NaN
5.0622e-05	NaN
4.88e-05	NaN
4.7003e-05	NaN
4.524e-05	NaN
4.35e-05	NaN
4.1771e-05	NaN
4.0038e-05	NaN
3.8289e-05	NaN
3.6511e-05	NaN
3.4689e-05	NaN
3.281e-05	NaN
3.0867e-05	NaN
2.8867e-05	NaN
2.6822e-05	NaN
2.4743e-05	NaN
2.2641e-05	NaN
2.0527e-05	NaN
1.8413e-05	NaN
1.631e-05	NaN
1.4232e-05	NaN
1.2209e-05	NaN
1.027e-05	NaN
8.4464e-06	NaN
6.7697e-06	NaN
5.2706e-06	NaN
3.98e-06	NaN
2.9288e-06	NaN
2.1371e-06	NaN
1.5809e-06	NaN
1.2246e-06	NaN
1.0327e-06	NaN
9.6977e-07	NaN
1.0003e-06	NaN
1.0887e-06	NaN
1.1996e-06	NaN
1.3019e-06	NaN
1.3863e-06	NaN
1.4499e-06	NaN
1.49e-06	NaN
1.5036e-06	NaN
1.488e-06	NaN
1.4403e-06	NaN
1.3576e-06	NaN
1.2387e-06	NaN
1.09e-06	NaN
9.2109e-07	NaN
7.4142e-07	NaN
5.6047e-07	NaN
3.8773e-07	NaN
2.3267e-07	NaN
1.0479e-07	NaN
1.2142e-08	NaN
4.6766e-08	NaN
7.7419e-08	NaN
8.5311e-08	NaN
7.5936e-08	NaN
5.4789e-08	NaN
2.7365e-08	NaN
8.4308e-10	NaN
2.486e-08	NaN
4.3935e-08	NaN
5.9364e-08	NaN
7.2454e-08	NaN
8.4516e-08	NaN
9.6859e-08	NaN
1.1079e-07	NaN
1.2762e-07	NaN
1.4848e-07	NaN
1.7272e-07	NaN
1.9869e-07	NaN
2.2473e-07	NaN
2.4918e-07	NaN
2.7039e-07	NaN
2.867e-07	NaN
2.9645e-07	NaN
2.9812e-07	NaN
2.919e-07	NaN
2.7908e-07	NaN
2.6098e-07	NaN
2.3892e-07	NaN
2.1421e-07	NaN
1.8816e-07	NaN
1.621e-07	NaN
1.3729e-07	NaN
1.1431e-07	NaN
9.323e-08	NaN
7.4086e-08	NaN
5.6931e-08	NaN
4.1812e-08	NaN
2.8777e-08	NaN
1.7874e-08	NaN
9.1781e-09	NaN
3.2775e-09	NaN
1.2068e-09	NaN
4.0162e-09	NaN
1.2756e-08	NaN
2.8476e-08	NaN
5.2226e-08	NaN
8.5057e-08	NaN
1.2795e-07	NaN
1.8017e-07	NaN
2.3931e-07	NaN
3.0283e-07	NaN
3.6824e-07	NaN
4.3302e-07	NaN
4.9466e-07	NaN
5.5065e-07	NaN
5.9853e-07	NaN
6.3742e-07	NaN
6.6828e-07	NaN
6.9218e-07	NaN
7.1017e-07	NaN
7.2333e-07	NaN
7.3271e-07	NaN
7.3938e-07	NaN
7.444e-07	NaN
7.4882e-07	NaN
7.5365e-07	NaN
7.5991e-07	NaN
7.6859e-07	NaN
7.8072e-07	NaN
7.973e-07	NaN
8.1935e-07	NaN
8.4786e-07	NaN
8.8222e-07	NaN
9.1941e-07	NaN
9.5616e-07	NaN
9.8921e-07	NaN
1.0153e-06	NaN
1.0312e-06	NaN
1.0336e-06	NaN
1.0193e-06	NaN
9.8722e-07	NaN
9.4039e-07	NaN
8.8215e-07	NaN
8.1589e-07	NaN
7.4498e-07	NaN
6.728e-07	NaN
6.0274e-07	NaN
5.3817e-07	NaN
4.8138e-07	NaN
4.3241e-07	NaN
3.91e-07	NaN
3.5692e-07	NaN
3.2991e-07	NaN
3.0971e-07	NaN
2.9608e-07	NaN
2.8877e-07	NaN
2.8721e-07	NaN
2.9007e-07	NaN
2.959e-07	NaN
3.0327e-07	NaN
3.1072e-07	NaN
3.168e-07	NaN
3.2008e-07	NaN
3.1911e-07	NaN
3.1293e-07	NaN
3.0204e-07	NaN
2.8717e-07	NaN
2.6908e-07	NaN
2.4849e-07	NaN
2.2616e-07	NaN
2.0284e-07	NaN
1.7925e-07	NaN
1.5614e-07	NaN
1.3427e-07	NaN
1.1436e-07	NaN
9.7164e-08	NaN
8.3425e-08	NaN
7.3884e-08	NaN
6.9285e-08	NaN
7.037e-08	NaN
5.1711e-08	NaN
4.4996e-08	NaN
