2.4085e-07	NaN
2.4277e-07	NaN
2.4714e-07	NaN
2.535e-07	NaN
2.6136e-07	NaN
2.7027e-07	NaN
2.7973e-07	NaN
2.8929e-07	NaN
2.9846e-07	NaN
3.0677e-07	NaN
3.1375e-07	NaN
3.1893e-07	NaN
3.2183e-07	NaN
3.2199e-07	NaN
3.1891e-07	NaN
3.1215e-07	NaN
3.0121e-07	NaN
2.8579e-07	NaN
2.6653e-07	NaN
2.4437e-07	NaN
2.2027e-07	NaN
1.9519e-07	NaN
1.7006e-07	NaN
1.4585e-07	NaN
1.2352e-07	NaN
1.0388e-07	NaN
8.6935e-08	NaN
7.236e-08	NaN
5.9814e-08	NaN
4.8963e-08	NaN
3.9471e-08	NaN
3.1004e-08	NaN
2.3225e-08	NaN
1.5866e-08	NaN
9.188e-09	NaN
3.6996e-09	NaN
8.7277e-11	NaN
1.6609e-09	NaN
5.0983e-10	NaN
3.8776e-09	NaN
1.2013e-08	NaN
2.4377e-08	NaN
4.1161e-08	NaN
6.2393e-08	NaN
8.8103e-08	NaN
1.1832e-07	NaN
1.5307e-07	NaN
1.9238e-07	NaN
2.3628e-07	NaN
2.8478e-07	NaN
3.3766e-07	NaN
3.9453e-07	NaN
4.5504e-07	NaN
5.188e-07	NaN
5.8544e-07	NaN
6.5458e-07	NaN
7.2585e-07	NaN
7.9885e-07	NaN
8.7275e-07	NaN
9.4643e-07	NaN
1.0187e-06	NaN
1.0885e-06	NaN
1.1547e-06	NaN
1.2161e-06	NaN
1.2715e-06	NaN
1.3199e-06	NaN
1.3615e-06	NaN
1.3973e-06	NaN
1.4286e-06	NaN
1.4565e-06	NaN
1.4823e-06	NaN
1.507e-06	NaN
1.5318e-06	NaN
1.5581e-06	NaN
1.5874e-06	NaN
1.6219e-06	NaN
1.664e-06	NaN
1.7157e-06	NaN
1.7793e-06	NaN
1.857e-06	NaN
1.9511e-06	NaN
2.0638e-06	NaN
2.2011e-06	NaN
2.373e-06	NaN
2.5896e-06	NaN
2.8611e-06	NaN
3.1977e-06	NaN
3.6097e-06	NaN
4.1072e-06	NaN
4.7003e-06	NaN
5.3963e-06	NaN
6.1984e-06	NaN
7.1097e-06	NaN
8.1331e-06	NaN
9.2718e-06	NaN
1.0529e-05	NaN
1.1907e-05	NaN
1.3409e-05	NaN
1.5041e-05	NaN
1.6808e-05	NaN
1.8718e-05	NaN
2.0777e-05	NaN
2.2993e-05	NaN
2.5373e-05	NaN
2.7923e-05	NaN
3.065e-05	NaN
3.3547e-05	NaN
3.6579e-05	NaN
3.971e-05	NaN
4.2901e-05	NaN
4.6117e-05	NaN
4.932e-05	NaN
5.2474e-05	NaN
5.5541e-05	NaN
5.8494e-05	NaN
6.1322e-05	NaN
6.4017e-05	NaN
6.6571e-05	NaN
6.8978e-05	NaN
7.1227e-05	NaN
7.3312e-05	NaN
7.5225e-05	NaN
7.6968e-05	NaN
7.8565e-05	NaN
8.0046e-05	NaN
8.1438e-05	NaN
8.2771e-05	NaN
8.4073e-05	NaN
8.5372e-05	NaN
8.6698e-05	NaN
8.8066e-05	NaN
8.9452e-05	NaN
9.083e-05	NaN
9.2169e-05	NaN
9.3441e-05	NaN
9.4618e-05	NaN
9.567e-05	NaN
9.657e-05	NaN
9.732e-05	NaN
9.8033e-05	NaN
9.8844e-05	NaN
9.9888e-05	NaN
0.0001013	NaN
0.00010321	NaN
0.00010576	NaN
0.00010908	NaN
0.00011331	NaN
0.00011862	NaN
0.00012515	NaN
0.00013308	NaN
0.00014257	NaN
0.00015378	NaN
0.00016687	NaN
0.00018202	NaN
0.00019933	NaN
0.00021875	NaN
0.00024014	NaN
0.00026337	NaN
0.00028832	NaN
0.00031486	NaN
0.00034287	NaN
0.00037222	NaN
0.00040276	NaN
0.00043419	NaN
0.00046619	NaN
0.00049842	NaN
0.00053055	NaN
0.00056223	NaN
0.00059315	NaN
0.00062295	NaN
0.00065132	NaN
0.00067791	NaN
0.00070239	NaN
0.00072443	NaN
0.00074369	NaN
0.00075985	NaN
0.00077257	NaN
0.00078152	NaN
0.0007864	NaN
0.00078722	NaN
0.00078413	NaN
0.00077728	NaN
0.00076681	NaN
0.00075288	NaN
0.00073563	NaN
0.00071522	NaN
0.0006918	NaN
0.00066567	NaN
0.00063721	NaN
0.00060679	NaN
0.00057478	NaN
0.00054155	NaN
0.00050747	NaN
0.00047292	NaN
0.00043829	NaN
0.00040409	NaN
0.00037094	NaN
0.00033945	NaN
0.00031022	NaN
0.00028389	NaN
0.00026105	NaN
0.00024231	NaN
0.00022828	NaN
0.00021933	NaN
0.00021566	NaN
0.00021747	NaN
0.00022497	NaN
0.00023835	NaN
0.00025783	NaN
0.00028361	NaN
0.00031587	NaN
0.00035458	NaN
0.00039954	NaN
0.00045053	NaN
0.00050732	NaN
0.00056971	NaN
0.00063748	NaN
0.0007104	NaN
0.00078825	NaN
0.00087078	NaN
0.00095763	NaN
0.0010485	NaN
0.0011431	NaN
0.001241	NaN
0.0013419	NaN
0.0014455	NaN
0.0015515	NaN
0.0016597	NaN
0.0017699	NaN
0.0018821	NaN
0.0019962	NaN
0.0021121	NaN
0.0022298	NaN
0.0023491	NaN
0.00247	NaN
0.0025924	NaN
0.0027165	NaN
0.0028423	NaN
0.00297	NaN
0.0030996	NaN
0.0032314	NaN
0.0033652	NaN
0.0035013	NaN
0.0036396	NaN
0.0037795	NaN
0.0039207	NaN
0.0040627	NaN
0.0042051	NaN
0.0043473	NaN
0.0044889	NaN
0.0046295	NaN
0.0047687	NaN
0.0049061	NaN
0.0050415	NaN
0.0051747	NaN
0.0053053	NaN
0.005433	NaN
0.0055577	NaN
0.0056789	NaN
0.0057963	NaN
0.0059086	NaN
0.0060148	NaN
0.0061137	NaN
0.0062043	NaN
0.0062854	NaN
0.0063558	NaN
0.0064145	NaN
0.0064604	NaN
0.0064926	NaN
0.0065103	NaN
0.0065127	NaN
0.0064988	NaN
0.0064678	NaN
0.006419	NaN
0.0063514	NaN
0.0062648	NaN
0.0061602	NaN
0.0060391	NaN
0.0059028	NaN
0.0057529	NaN
0.0055905	NaN
0.0054172	NaN
0.0052344	NaN
0.0050433	NaN
0.0048451	NaN
0.0046406	NaN
0.0044309	NaN
0.0042171	NaN
0.0040001	NaN
0.0037808	NaN
0.0035604	NaN
0.0033398	NaN
0.0031199	NaN
0.0029018	NaN
0.0026865	NaN
0.0024749	NaN
0.0022681	NaN
0.0020669	NaN
0.0018724	NaN
0.0016855	NaN
0.0015068	NaN
0.0013368	NaN
0.0011759	NaN
0.0010246	NaN
0.00088342	NaN
0.00075288	NaN
0.00063344	NaN
0.00052548	NaN
0.00042885	NaN
0.00034323	NaN
0.00026828	NaN
0.00020367	NaN
0.00014908	NaN
0.00010417	NaN
6.8615e-05	NaN
4.2051e-05	NaN
2.3899e-05	NaN
1.3498e-05	NaN
1.0187e-05	NaN
1.3304e-05	NaN
2.2189e-05	NaN
3.6179e-05	NaN
5.4615e-05	NaN
7.6863e-05	NaN
0.00010252	NaN
0.00013127	NaN
0.00016281	NaN
0.00019683	NaN
0.00023303	NaN
0.0002711	NaN
0.00031073	NaN
0.0003516	NaN
0.00039324	NaN
0.00043511	NaN
0.00047667	NaN
0.00051736	NaN
0.00055664	NaN
0.00059397	NaN
0.00062881	NaN
0.00066062	NaN
0.00068909	NaN
0.00071405	NaN
0.0007353	NaN
0.00075267	NaN
0.00076597	NaN
0.00077502	NaN
0.00077965	NaN
0.00077969	NaN
0.00077542	NaN
0.00076739	NaN
0.00075617	NaN
0.00074233	NaN
0.00072644	NaN
0.00070906	NaN
0.00069077	NaN
0.0006721	NaN
0.00065333	NaN
0.0006345	NaN
0.00061564	NaN
0.00059678	NaN
0.00057794	NaN
0.00055916	NaN
0.00054047	NaN
0.00052189	NaN
0.00050333	NaN
0.00048459	NaN
0.00046544	NaN
0.00044569	NaN
0.00042511	NaN
0.0004035	NaN
0.00038065	NaN
0.00035635	NaN
0.00033069	NaN
0.00030405	NaN
0.00027683	NaN
0.00024944	NaN
0.00022229	NaN
0.00019576	NaN
0.00017028	NaN
0.00014623	NaN
0.00012388	NaN
0.00010332	NaN
8.4626e-05	NaN
6.7888e-05	NaN
5.3181e-05	NaN
4.0585e-05	NaN
3.0179e-05	NaN
2.2046e-05	NaN
1.6317e-05	NaN
1.3203e-05	NaN
1.2917e-05	NaN
1.5677e-05	NaN
2.1695e-05	NaN
3.1189e-05	NaN
4.4373e-05	NaN
6.1461e-05	NaN
8.2558e-05	NaN
0.00010759	NaN
0.00013646	NaN
0.00016907	NaN
0.00020533	NaN
0.00024514	NaN
0.00028841	NaN
0.00033504	NaN
0.00038483	NaN
0.00043733	NaN
0.00049211	NaN
0.00054869	NaN
0.00060662	NaN
0.00066545	NaN
0.00072471	NaN
0.00078396	NaN
0.00084255	NaN
0.00089944	NaN
0.00095356	NaN
0.0010038	NaN
0.0010491	NaN
0.0010883	NaN
0.0011203	NaN
0.0011441	NaN
0.0011589	NaN
0.001165	NaN
0.0011629	NaN
0.001153	NaN
0.0011357	NaN
0.0011115	NaN
0.0010808	NaN
0.0010441	NaN
0.0010021	NaN
0.00095696	NaN
0.00091077	NaN
0.00086578	NaN
0.0008242	NaN
0.00078825	NaN
0.00076012	NaN
0.00074204	NaN
0.00073729	NaN
0.00075306	NaN
0.00079749	NaN
0.00087872	NaN
0.0010049	NaN
0.0011841	NaN
0.0014244	NaN
0.0017341	NaN
0.0021238	NaN
0.0026155	NaN
0.0032343	NaN
0.0040053	NaN
0.0049536	NaN
0.0061044	NaN
0.0074827	NaN
0.0091136	NaN
0.011026	NaN
0.013264	NaN
0.015881	NaN
0.018927	NaN
0.022453	NaN
0.026512	NaN
0.031153	NaN
0.036429	NaN
0.042388	NaN
0.049064	NaN
0.056487	NaN
0.064683	NaN
0.073683	NaN
0.083514	NaN
0.094205	NaN
0.10578	-0.59178
0.11828	-0.59496
0.1317	-0.59641
0.14604	-0.59616
0.1613	-0.59425
0.1775	-0.59072
0.19462	-0.5856
0.21267	-0.57894
0.23166	-0.57077
0.25157	-0.56114
0.27238	-0.55012
0.29406	-0.53781
0.31657	-0.52432
0.33987	-0.50975
0.36393	-0.4942
0.38869	-0.47777
0.41414	-0.46056
0.44022	-0.44267
0.46688	-0.42417
0.49401	-0.40513
0.52154	-0.3856
0.54937	-0.36565
0.57742	-0.34533
0.60561	-0.32471
0.63385	-0.30385
0.66204	-0.2828
0.69006	-0.26167
0.71779	-0.24056
0.74507	-0.21959
0.77178	-0.19887
0.79776	-0.17853
0.82287	-0.15866
0.84699	-0.13939
0.86996	-0.12084
0.89163	-0.10311
0.91182	-0.08636
0.93036	-0.070705
0.94707	-0.056281
0.96178	-0.043221
0.97431	-0.031657
0.98448	-0.021721
0.99214	-0.013542
0.99722	-0.0071883
0.99982	-0.0026711
1	0
0.99785	0.00081568
0.99344	-0.00023342
0.98685	-0.0031567
0.97817	-0.0079634
0.96747	-0.014663
0.95488	-0.023267
0.94061	-0.033787
0.92485	-0.046237
0.90781	-0.06063
0.88967	-0.076978
0.87065	-0.095294
0.85093	-0.11559
0.83073	-0.13788
0.81014	-0.1621
0.7892	-0.18808
0.76791	-0.21566
0.74629	-0.24468
0.72434	-0.27497
0.70208	-0.30636
0.67953	-0.3387
0.65669	-0.3718
0.63356	-0.40584
0.61014	-0.4414
0.5864	-0.4791
0.56233	-0.51956
0.53793	-0.56342
0.51316	-0.6113
0.48802	-0.66383
0.4625	-0.72161
0.43664	-0.78423
0.41058	-0.84956
0.38447	-0.91532
0.35846	-0.97923
0.33271	-1.039
0.30736	-1.0923
0.28257	-1.1369
0.25848	-1.1706
0.23525	-1.1947
0.21301	-1.2177
0.19188	-1.249
0.17202	-1.2979
0.15354	-1.3736
0.13658	-1.4856
0.12128	-1.6431
0.10776	-1.8553
0.09609	NaN
0.086139	NaN
0.077761	NaN
0.070809	NaN
0.065135	NaN
0.060593	NaN
0.057034	NaN
0.054313	NaN
0.052301	NaN
0.05092	NaN
0.050103	NaN
0.04978	NaN
0.049882	NaN
0.05034	NaN
0.051086	NaN
0.052051	NaN
0.053174	NaN
0.054422	NaN
0.055769	NaN
0.057185	NaN
0.058644	NaN
0.060117	NaN
0.061577	NaN
0.062996	NaN
0.064343	NaN
0.065578	NaN
0.066656	NaN
0.067535	NaN
0.06817	NaN
0.068519	NaN
0.068538	NaN
0.068183	NaN
0.067422	NaN
0.066273	NaN
0.064768	NaN
0.062937	NaN
0.060812	NaN
0.058424	NaN
0.055804	NaN
0.052983	NaN
0.049994	NaN
0.046875	NaN
0.043667	NaN
0.040411	NaN
0.037148	NaN
0.033919	NaN
0.030763	NaN
0.027723	NaN
0.024835	NaN
0.022114	NaN
0.019567	NaN
0.017201	NaN
0.015023	NaN
0.013038	NaN
0.011255	NaN
0.0096799	NaN
0.0083178	NaN
0.0071639	NaN
0.0062086	NaN
0.0054423	NaN
0.0048553	NaN
0.0044382	NaN
0.0041812	NaN
0.0040749	NaN
0.0041094	NaN
0.0042743	NaN
0.0045585	NaN
0.004951	NaN
0.0054409	NaN
0.006017	NaN
0.0066684	NaN
0.0073841	NaN
0.0081531	NaN
0.0089635	NaN
0.0098036	NaN
0.010661	NaN
0.011525	NaN
0.012381	NaN
0.01322	NaN
0.014028	NaN
0.014794	NaN
0.015512	NaN
0.016179	NaN
0.016793	NaN
0.01735	NaN
0.017848	NaN
0.018285	NaN
0.018658	NaN
0.018964	NaN
0.019203	NaN
0.019377	NaN
0.019488	NaN
0.019537	NaN
0.019527	NaN
0.01946	NaN
0.019337	NaN
0.019159	NaN
0.018932	NaN
0.018658	NaN
0.018343	NaN
0.01799	NaN
0.017606	NaN
0.017193	NaN
0.016758	NaN
0.016303	NaN
0.015834	NaN
0.015354	NaN
0.014867	NaN
0.014375	NaN
0.013883	NaN
0.013394	NaN
0.012912	NaN
0.01244	NaN
0.01198	NaN
0.011532	NaN
0.011098	NaN
0.010676	NaN
0.010268	NaN
0.0098731	NaN
0.0094921	NaN
0.0091251	NaN
0.0087723	NaN
0.0084339	NaN
0.0081103	NaN
0.0078016	NaN
0.007508	NaN
0.0072299	NaN
0.0069673	NaN
0.0067207	NaN
0.0064894	NaN
0.006272	NaN
0.0060669	NaN
0.0058723	NaN
0.0056867	NaN
0.0055085	NaN
0.005336	NaN
0.0051675	NaN
0.0050018	NaN
0.0048379	NaN
0.0046749	NaN
0.0045121	NaN
0.0043486	NaN
0.0041835	NaN
0.0040161	NaN
0.0038455	NaN
0.0036714	NaN
0.0034948	NaN
0.0033167	NaN
0.0031384	NaN
0.0029607	NaN
0.002785	NaN
0.0026122	NaN
0.0024434	NaN
0.0022796	NaN
0.0021211	NaN
0.001968	NaN
0.0018205	NaN
0.0016789	NaN
0.0015433	NaN
0.001414	NaN
0.0012911	NaN
0.0011748	NaN
0.0010651	NaN
0.0009619	NaN
0.0008651	NaN
0.00077464	NaN
0.00069047	NaN
0.00061249	NaN
0.00054065	NaN
0.00047484	NaN
0.00041479	NaN
0.00036023	NaN
0.00031088	NaN
0.00026646	NaN
0.00022667	NaN
0.00019125	NaN
0.0001599	NaN
0.00013234	NaN
0.00010831	NaN
8.7531e-05	NaN
6.9729e-05	NaN
5.4635e-05	NaN
4.1976e-05	NaN
3.1481e-05	NaN
2.2878e-05	NaN
1.5917e-05	NaN
1.0446e-05	NaN
6.3487e-06	NaN
3.5052e-06	NaN
1.7974e-06	NaN
1.1068e-06	NaN
1.315e-06	NaN
2.3034e-06	NaN
3.9502e-06	NaN
6.1149e-06	NaN
8.6499e-06	NaN
1.1408e-05	NaN
1.4241e-05	NaN
1.7002e-05	NaN
1.9543e-05	NaN
2.1717e-05	NaN
2.3392e-05	NaN
2.4545e-05	NaN
2.5201e-05	NaN
2.5383e-05	NaN
2.5116e-05	NaN
2.4425e-05	NaN
2.3332e-05	NaN
2.1863e-05	NaN
2.0046e-05	NaN
1.7952e-05	NaN
1.5673e-05	NaN
1.33e-05	NaN
1.0925e-05	NaN
8.6386e-06	NaN
6.5332e-06	NaN
4.7e-06	NaN
3.2221e-06	NaN
2.0994e-06	NaN
1.2832e-06	NaN
7.2465e-07	NaN
3.7465e-07	NaN
1.8418e-07	NaN
1.0422e-07	NaN
8.5739e-08	NaN
8.2071e-08	NaN
7.5367e-08	NaN
6.7028e-08	NaN
5.881e-08	NaN
5.2465e-08	NaN
4.9748e-08	NaN
5.2412e-08	NaN
6.2213e-08	NaN
8.183e-08	NaN
1.279e-07	NaN
2.2785e-07	NaN
4.0938e-07	NaN
7.0021e-07	NaN
1.128e-06	NaN
1.7205e-06	NaN
2.5055e-06	NaN
3.5083e-06	NaN
4.7124e-06	NaN
6.0636e-06	NaN
7.5065e-06	NaN
8.9855e-06	NaN
1.0445e-05	NaN
1.183e-05	NaN
1.3084e-05	NaN
1.4154e-05	NaN
1.5014e-05	NaN
1.5669e-05	NaN
1.6123e-05	NaN
1.6384e-05	NaN
1.6457e-05	NaN
1.6347e-05	NaN
1.6061e-05	NaN
1.5605e-05	NaN
1.4991e-05	NaN
1.424e-05	NaN
1.3372e-05	NaN
1.2408e-05	NaN
1.1369e-05	NaN
1.0277e-05	NaN
9.1507e-06	NaN
8.0124e-06	NaN
6.885e-06	NaN
5.7953e-06	NaN
4.77e-06	NaN
3.836e-06	NaN
3.0203e-06	NaN
2.3498e-06	NaN
1.8512e-06	NaN
1.5512e-06	NaN
1.458e-06	NaN
1.5499e-06	NaN
1.8029e-06	NaN
2.193e-06	NaN
2.696e-06	NaN
3.2878e-06	NaN
3.9443e-06	NaN
4.6414e-06	NaN
5.3579e-06	NaN
6.0776e-06	NaN
6.7846e-06	NaN
7.4635e-06	NaN
8.0985e-06	NaN
8.674e-06	NaN
9.1744e-06	NaN
9.5839e-06	NaN
9.8952e-06	NaN
1.0119e-05	NaN
1.0267e-05	NaN
1.0352e-05	NaN
1.0387e-05	NaN
1.0385e-05	NaN
1.0357e-05	NaN
1.0317e-05	NaN
1.0273e-05	NaN
1.0223e-05	NaN
1.0164e-05	NaN
1.0091e-05	NaN
1.0002e-05	NaN
9.8924e-06	NaN
9.759e-06	NaN
9.5982e-06	NaN
9.4066e-06	NaN
9.1812e-06	NaN
8.919e-06	NaN
8.6171e-06	NaN
8.2727e-06	NaN
7.8829e-06	NaN
7.4446e-06	NaN
6.9551e-06	NaN
6.4146e-06	NaN
5.8346e-06	NaN
5.229e-06	NaN
4.6119e-06	NaN
3.9971e-06	NaN
3.3985e-06	NaN
2.8302e-06	NaN
2.3059e-06	NaN
1.8373e-06	NaN
1.426e-06	NaN
1.0713e-06	NaN
7.7212e-07	NaN
5.278e-07	NaN
3.3744e-07	NaN
2.0021e-07	NaN
1.1527e-07	NaN
8.1118e-08	NaN
9.3133e-08	NaN
1.4573e-07	NaN
2.3334e-07	NaN
3.5036e-07	NaN
4.9124e-07	NaN
6.5038e-07	NaN
8.222e-07	NaN
1.0015e-06	NaN
1.1848e-06	NaN
1.3696e-06	NaN
1.5532e-06	NaN
1.7328e-06	NaN
1.9059e-06	NaN
2.0697e-06	NaN
2.2217e-06	NaN
2.3591e-06	NaN
2.4796e-06	NaN
2.5809e-06	NaN
2.6608e-06	NaN
2.7169e-06	NaN
2.7471e-06	NaN
2.7491e-06	NaN
2.7205e-06	NaN
2.6597e-06	NaN
2.5696e-06	NaN
2.4552e-06	NaN
2.3216e-06	NaN
2.174e-06	NaN
2.0173e-06	NaN
1.8568e-06	NaN
1.6975e-06	NaN
1.5443e-06	NaN
1.3997e-06	NaN
1.2647e-06	NaN
1.1405e-06	NaN
1.0283e-06	NaN
9.2908e-07	NaN
8.4407e-07	NaN
7.7436e-07	NaN
7.2091e-07	NaN
6.8264e-07	NaN
6.5717e-07	NaN
6.4207e-07	NaN
6.3495e-07	NaN
6.3337e-07	NaN
6.3493e-07	NaN
6.3722e-07	NaN
6.379e-07	NaN
6.3593e-07	NaN
6.3121e-07	NaN
6.2367e-07	NaN
6.1326e-07	NaN
5.9991e-07	NaN
5.8354e-07	NaN
5.641e-07	NaN
5.4154e-07	NaN
5.1605e-07	NaN
4.881e-07	NaN
4.5813e-07	NaN
4.266e-07	NaN
3.9396e-07	NaN
3.6067e-07	NaN
3.2717e-07	NaN
2.9393e-07	NaN
2.618e-07	NaN
2.3199e-07	NaN
2.0573e-07	NaN
1.8426e-07	NaN
1.688e-07	NaN
1.6059e-07	NaN
1.6086e-07	NaN
1.7079e-07	NaN
1.9022e-07	NaN
2.1739e-07	NaN
2.5046e-07	NaN
2.8757e-07	NaN
3.2689e-07	NaN
3.6657e-07	NaN
4.0476e-07	NaN
4.3963e-07	NaN
4.6983e-07	NaN
4.9464e-07	NaN
5.1342e-07	NaN
5.2551e-07	NaN
5.3024e-07	NaN
5.2696e-07	NaN
5.1501e-07	NaN
4.9375e-07	NaN
4.6356e-07	NaN
4.2641e-07	NaN
3.8443e-07	NaN
3.3974e-07	NaN
2.9444e-07	NaN
2.5065e-07	NaN
2.105e-07	NaN
1.761e-07	NaN
1.4861e-07	NaN
1.2757e-07	NaN
1.1229e-07	NaN
1.0212e-07	NaN
9.6397e-08	NaN
9.4448e-08	NaN
9.5613e-08	NaN
9.9227e-08	NaN
1.0471e-07	NaN
1.1164e-07	NaN
1.1965e-07	NaN
1.2833e-07	NaN
1.373e-07	NaN
1.4617e-07	NaN
1.5455e-07	NaN
1.6205e-07	NaN
1.6837e-07	NaN
1.7338e-07	NaN
1.77e-07	NaN
1.7913e-07	NaN
1.7969e-07	NaN
1.7859e-07	NaN
1.7574e-07	NaN
1.7106e-07	NaN
1.6458e-07	NaN
1.5674e-07	NaN
1.4806e-07	NaN
1.3903e-07	NaN
1.3018e-07	NaN
1.2199e-07	NaN
1.1499e-07	NaN
1.0967e-07	NaN
1.0655e-07	NaN
1.0613e-07	NaN
1.0891e-07	NaN
1.1542e-07	NaN
1.2614e-07	NaN
1.416e-07	NaN
1.6229e-07	NaN
1.8873e-07	NaN
