1.5909e-07	NaN
1.3455e-07	NaN
9.7365e-08	NaN
2.735e-09	NaN
1.2277e-08	NaN
2.6652e-08	NaN
4.5438e-08	NaN
6.8216e-08	NaN
9.4564e-08	NaN
1.2406e-07	NaN
1.5629e-07	NaN
1.9083e-07	NaN
2.2725e-07	NaN
2.6514e-07	NaN
3.0408e-07	NaN
3.4365e-07	NaN
3.8342e-07	NaN
4.2298e-07	NaN
4.6191e-07	NaN
4.9978e-07	NaN
5.3614e-07	NaN
5.7039e-07	NaN
6.0186e-07	NaN
6.2988e-07	NaN
6.5379e-07	NaN
6.7293e-07	NaN
6.8662e-07	NaN
6.942e-07	NaN
6.9512e-07	NaN
6.8958e-07	NaN
6.7807e-07	NaN
6.6108e-07	NaN
6.3912e-07	NaN
6.127e-07	NaN
5.8229e-07	NaN
5.4841e-07	NaN
5.1158e-07	NaN
4.7251e-07	NaN
4.3201e-07	NaN
3.909e-07	NaN
3.4998e-07	NaN
3.1006e-07	NaN
2.7195e-07	NaN
2.3646e-07	NaN
2.0435e-07	NaN
1.7584e-07	NaN
1.5085e-07	NaN
1.2933e-07	NaN
1.112e-07	NaN
9.6386e-08	NaN
8.4817e-08	NaN
7.6424e-08	NaN
7.1127e-08	NaN
6.8742e-08	NaN
6.9022e-08	NaN
7.1716e-08	NaN
7.6576e-08	NaN
8.3351e-08	NaN
9.1793e-08	NaN
1.0165e-07	NaN
1.1269e-07	NaN
1.2486e-07	NaN
1.3827e-07	NaN
1.5299e-07	NaN
1.6915e-07	NaN
1.8682e-07	NaN
2.0612e-07	NaN
2.2713e-07	NaN
2.4993e-07	NaN
2.7418e-07	NaN
2.9916e-07	NaN
3.2416e-07	NaN
3.4846e-07	NaN
3.7133e-07	NaN
3.9207e-07	NaN
4.0994e-07	NaN
4.2425e-07	NaN
4.35e-07	NaN
4.4283e-07	NaN
4.484e-07	NaN
4.5239e-07	NaN
4.5548e-07	NaN
4.5834e-07	NaN
4.6165e-07	NaN
4.6609e-07	NaN
4.7293e-07	NaN
4.8409e-07	NaN
5.0151e-07	NaN
5.2715e-07	NaN
5.6295e-07	NaN
6.1087e-07	NaN
6.7286e-07	NaN
7.5094e-07	NaN
8.5001e-07	NaN
9.7877e-07	NaN
1.1462e-06	NaN
1.3612e-06	NaN
1.6327e-06	NaN
1.9698e-06	NaN
2.3814e-06	NaN
2.8764e-06	NaN
3.4616e-06	NaN
4.1408e-06	NaN
4.9172e-06	NaN
5.7943e-06	NaN
6.7754e-06	NaN
7.8641e-06	NaN
9.0635e-06	NaN
1.0377e-05	NaN
1.1807e-05	NaN
1.3351e-05	NaN
1.5007e-05	NaN
1.6775e-05	NaN
1.8652e-05	NaN
2.0636e-05	NaN
2.2726e-05	NaN
2.492e-05	NaN
2.7218e-05	NaN
2.9621e-05	NaN
3.2133e-05	NaN
3.4756e-05	NaN
3.7493e-05	NaN
4.0346e-05	NaN
4.3318e-05	NaN
4.6411e-05	NaN
4.9632e-05	NaN
5.2998e-05	NaN
5.6526e-05	NaN
6.0232e-05	NaN
6.4135e-05	NaN
6.8252e-05	NaN
7.2601e-05	NaN
7.7199e-05	NaN
8.2083e-05	NaN
8.7347e-05	NaN
9.3094e-05	NaN
9.9429e-05	NaN
0.00010645	NaN
0.00011427	NaN
0.00012299	NaN
0.0001327	NaN
0.00014351	NaN
0.00015543	NaN
0.0001685	NaN
0.00018274	NaN
0.00019816	NaN
0.00021479	NaN
0.00023266	NaN
0.00025178	NaN
0.00027216	NaN
0.00029373	NaN
0.00031641	NaN
0.00034011	NaN
0.00036475	NaN
0.00039025	NaN
0.00041651	NaN
0.00044347	NaN
0.000471	NaN
0.00049894	NaN
0.00052708	NaN
0.0005552	NaN
0.0005831	NaN
0.00061058	NaN
0.00063743	NaN
0.00066345	NaN
0.00068841	NaN
0.00071211	NaN
0.00073432	NaN
0.0007548	NaN
0.00077332	NaN
0.00078967	NaN
0.0008036	NaN
0.0008149	NaN
0.00082337	NaN
0.00082907	NaN
0.00083217	NaN
0.00083282	NaN
0.00083117	NaN
0.00082739	NaN
0.00082164	NaN
0.00081408	NaN
0.00080485	NaN
0.00079405	NaN
0.00078174	NaN
0.00076799	NaN
0.00075285	NaN
0.0007364	NaN
0.00071868	NaN
0.00069978	NaN
0.00067974	NaN
0.00065858	NaN
0.00063633	NaN
0.00061298	NaN
0.00058854	NaN
0.00056302	NaN
0.00053643	NaN
0.00050877	NaN
0.00048006	NaN
0.00045051	NaN
0.00042044	NaN
0.00039016	NaN
0.00036	NaN
0.00033028	NaN
0.00030132	NaN
0.00027343	NaN
0.00024693	NaN
0.00022197	NaN
0.00019856	NaN
0.00017675	NaN
0.00015655	NaN
0.000138	NaN
0.00012111	NaN
0.00010593	NaN
9.2469e-05	NaN
8.0679e-05	NaN
7.0448e-05	NaN
6.1664e-05	NaN
5.4213e-05	NaN
4.7981e-05	NaN
4.2856e-05	NaN
3.8724e-05	NaN
3.5471e-05	NaN
3.2993e-05	NaN
3.1191e-05	NaN
2.9967e-05	NaN
2.9223e-05	NaN
2.8862e-05	NaN
2.8785e-05	NaN
2.8896e-05	NaN
2.9097e-05	NaN
2.9339e-05	NaN
2.9628e-05	NaN
2.9969e-05	NaN
3.037e-05	NaN
3.0837e-05	NaN
3.1378e-05	NaN
3.2e-05	NaN
3.2708e-05	NaN
3.3481e-05	NaN
3.4263e-05	NaN
3.4996e-05	NaN
3.5619e-05	NaN
3.6074e-05	NaN
3.6302e-05	NaN
3.6244e-05	NaN
3.5841e-05	NaN
3.5072e-05	NaN
3.3968e-05	NaN
3.2564e-05	NaN
3.0895e-05	NaN
2.8998e-05	NaN
2.6908e-05	NaN
2.4661e-05	NaN
2.2293e-05	NaN
1.9846e-05	NaN
1.7373e-05	NaN
1.4932e-05	NaN
1.2576e-05	NaN
1.0361e-05	NaN
8.3425e-06	NaN
6.5759e-06	NaN
5.1164e-06	NaN
4.0173e-06	NaN
3.3279e-06	NaN
3.0968e-06	NaN
3.373e-06	NaN
4.2051e-06	NaN
5.642e-06	NaN
7.7325e-06	NaN
1.0525e-05	NaN
1.4066e-05	NaN
1.8391e-05	NaN
2.3537e-05	NaN
2.9541e-05	NaN
3.6438e-05	NaN
4.4264e-05	NaN
5.3057e-05	NaN
6.2851e-05	NaN
7.3615e-05	NaN
8.5134e-05	NaN
9.716e-05	NaN
0.00010945	NaN
0.00012174	NaN
0.00013381	NaN
0.00014538	NaN
0.00015623	NaN
0.00016615	NaN
0.00017513	NaN
0.00018317	NaN
0.0001903	NaN
0.00019652	NaN
0.00020185	NaN
0.00020631	NaN
0.0002099	NaN
0.00021269	NaN
0.00021489	NaN
0.00021676	NaN
0.00021857	NaN
0.00022057	NaN
0.00022302	NaN
0.00022617	NaN
0.00023029	NaN
0.00023558	NaN
0.00024202	NaN
0.00024949	NaN
0.00025789	NaN
0.00026713	NaN
0.0002771	NaN
0.0002877	NaN
0.00029884	NaN
0.00031038	NaN
0.00032215	NaN
0.00033393	NaN
0.00034551	NaN
0.00035666	NaN
0.00036717	NaN
0.00037683	NaN
0.00038542	NaN
0.00039278	NaN
0.00039909	NaN
0.00040465	NaN
0.00040979	NaN
0.00041481	NaN
0.00042002	NaN
0.00042574	NaN
0.00043227	NaN
0.00043989	NaN
0.00044866	NaN
0.0004585	NaN
0.00046937	NaN
0.0004812	NaN
0.00049393	NaN
0.0005075	NaN
0.00052185	NaN
0.00053691	NaN
0.00055247	NaN
0.00056828	NaN
0.00058406	NaN
0.00059956	NaN
0.0006145	NaN
0.00062863	NaN
0.00064167	NaN
0.00065338	NaN
0.00066366	NaN
0.00067252	NaN
0.00067997	NaN
0.000686	NaN
0.00069064	NaN
0.00069387	NaN
0.00069572	NaN
0.00069618	NaN
0.00069519	NaN
0.00069267	NaN
0.0006885	NaN
0.00068261	NaN
0.00067488	NaN
0.00066522	NaN
0.00065354	NaN
0.00063974	NaN
0.00062388	NaN
0.0006061	NaN
0.00058656	NaN
0.00056543	NaN
0.00054287	NaN
0.00051903	NaN
0.00049407	NaN
0.00046816	NaN
0.00044149	NaN
0.00041431	NaN
0.00038684	NaN
0.00035933	NaN
0.00033202	NaN
0.00030515	NaN
0.00027895	NaN
0.00025366	NaN
0.00022944	NaN
0.0002064	NaN
0.00018461	NaN
0.00016416	NaN
0.00014515	NaN
0.00012765	NaN
0.00011176	NaN
9.7557e-05	NaN
8.5043e-05	NaN
7.4099e-05	NaN
6.4602e-05	NaN
5.6427e-05	NaN
4.945e-05	NaN
4.3549e-05	NaN
3.8599e-05	NaN
3.4477e-05	NaN
3.1111e-05	NaN
2.85e-05	NaN
2.665e-05	NaN
2.5567e-05	NaN
2.5257e-05	NaN
2.5726e-05	NaN
2.6979e-05	NaN
2.9025e-05	NaN
3.2069e-05	NaN
3.6649e-05	NaN
4.3335e-05	NaN
5.2697e-05	NaN
6.5307e-05	NaN
8.1733e-05	NaN
0.00010255	NaN
0.00012832	NaN
0.00015906	NaN
0.00019374	NaN
0.00023118	NaN
0.0002702	NaN
0.00030964	NaN
0.00034831	NaN
0.00038506	NaN
0.0004187	NaN
0.0004483	NaN
0.00047346	NaN
0.00049385	NaN
0.00050915	NaN
0.00051902	NaN
0.00052314	NaN
0.00052119	NaN
0.00051283	NaN
0.00049805	NaN
0.0004776	NaN
0.00045238	NaN
0.0004233	NaN
0.00039126	NaN
0.00035714	NaN
0.00032187	NaN
0.00028633	NaN
0.00025177	NaN
0.00022055	NaN
0.00019525	NaN
0.00017845	NaN
0.00017272	NaN
0.00018063	NaN
0.00020477	NaN
0.00024771	NaN
0.00031358	NaN
0.00041237	NaN
0.00055539	NaN
0.00075396	NaN
0.0010194	NaN
0.0013631	NaN
0.0017963	NaN
0.0023304	NaN
0.00298	NaN
0.0037741	NaN
0.004746	NaN
0.0059287	NaN
0.0073552	NaN
0.0090588	NaN
0.011073	NaN
0.013429	NaN
0.016166	NaN
0.019332	NaN
0.022984	NaN
0.027177	NaN
0.031968	NaN
0.037411	NaN
0.043563	NaN
0.05048	NaN
0.058212	NaN
0.066793	NaN
0.076245	NaN
0.086591	NaN
0.097854	NaN
0.11006	-0.56875
0.12323	-0.56894
0.13738	-0.5678
0.15254	-0.56539
0.1687	-0.56176
0.18586	-0.55694
0.20398	-0.55097
0.22307	-0.54388
0.24309	-0.5357
0.26405	-0.52649
0.28592	-0.51626
0.30869	-0.50505
0.33231	-0.49292
0.35669	-0.47992
0.38178	-0.4661
0.40751	-0.4515
0.4338	-0.4362
0.46058	-0.42022
0.48779	-0.40364
0.51535	-0.3865
0.54316	-0.36885
0.57114	-0.35076
0.59916	-0.33229
0.62713	-0.31349
0.65494	-0.29443
0.68248	-0.27516
0.70966	-0.25573
0.73636	-0.23622
0.76247	-0.21671
0.78788	-0.1973
0.81246	-0.1781
0.8361	-0.15921
0.85868	-0.14075
0.88008	-0.12282
0.90018	-0.10552
0.91886	-0.088959
0.93599	-0.07327
0.95142	-0.058597
0.965	-0.045083
0.97658	-0.032875
0.98602	-0.022118
0.99317	-0.012956
0.99788	-0.0055364
1	0
0.99955	0.0035736
0.99669	0.005164
0.99157	0.0047529
0.98434	0.002322
0.97518	-0.0021467
0.96422	-0.0086715
0.95164	-0.017271
0.93758	-0.027962
0.92222	-0.040741
0.9057	-0.055583
0.88818	-0.072459
0.86982	-0.091344
0.85078	-0.11221
0.83121	-0.13503
0.81128	-0.15977
0.79114	-0.18642
0.77083	-0.2149
0.75025	-0.2451
0.72931	-0.27693
0.70789	-0.31026
0.6859	-0.34499
0.66322	-0.381
0.63976	-0.41819
0.61541	-0.45645
0.59015	-0.49596
0.56408	-0.53729
0.53729	-0.58105
0.5099	-0.62784
0.48199	-0.67828
0.45369	-0.73297
0.42508	-0.79251
0.39628	-0.8575
0.36744	-0.92754
0.33879	-1.0006
0.31059	-1.0744
0.28308	-1.1467
0.2565	-1.2154
0.23111	-1.2783
0.20715	-1.333
0.18486	-1.3775
0.16441	-1.413
0.14577	-1.4476
0.12892	-1.4901
0.11382	-1.5493
0.10044	-1.634
0.088738	NaN
0.078685	NaN
0.070247	NaN
0.063356	NaN
0.057876	NaN
0.053658	NaN
0.050555	NaN
0.048419	NaN
0.047103	NaN
0.046459	NaN
0.046339	NaN
0.046623	NaN
0.047264	NaN
0.048225	NaN
0.049471	NaN
0.050965	NaN
0.052671	NaN
0.054554	NaN
0.056578	NaN
0.0587	NaN
0.060862	NaN
0.063003	NaN
0.06506	NaN
0.066971	NaN
0.068675	NaN
0.07011	NaN
0.071213	NaN
0.071936	NaN
0.072276	NaN
0.072241	NaN
0.071839	NaN
0.071079	NaN
0.069967	NaN
0.068513	NaN
0.066724	NaN
0.064614	NaN
0.062217	NaN
0.059574	NaN
0.056725	NaN
0.053711	NaN
0.050574	NaN
0.047353	NaN
0.044089	NaN
0.04082	NaN
0.037573	NaN
0.034369	NaN
0.031232	NaN
0.028183	NaN
0.025244	NaN
0.022439	NaN
0.019788	NaN
0.017313	NaN
0.015027	NaN
0.012937	NaN
0.011054	NaN
0.0093859	NaN
0.0079416	NaN
0.0067305	NaN
0.0057613	NaN
0.0050411	NaN
0.0045614	NaN
0.0043074	NaN
0.0042643	NaN
0.0044171	NaN
0.004751	NaN
0.005251	NaN
0.0059022	NaN
0.0066891	NaN
0.0075899	NaN
0.0085802	NaN
0.009635	NaN
0.01073	NaN
0.01184	NaN
0.01294	NaN
0.014007	NaN
0.015015	NaN
0.015958	NaN
0.016833	NaN
0.017642	NaN
0.018383	NaN
0.019057	NaN
0.019663	NaN
0.0202	NaN
0.020669	NaN
0.021069	NaN
0.021396	NaN
0.021649	NaN
0.021827	NaN
0.021926	NaN
0.021945	NaN
0.021882	NaN
0.021735	NaN
0.021506	NaN
0.021203	NaN
0.02083	NaN
0.020395	NaN
0.019903	NaN
0.019362	NaN
0.018776	NaN
0.018153	NaN
0.017499	NaN
0.016821	NaN
0.016125	NaN
0.015419	NaN
0.014708	NaN
0.014001	NaN
0.013303	NaN
0.012621	NaN
0.011959	NaN
0.011317	NaN
0.010695	NaN
0.010094	NaN
0.0095124	NaN
0.0089515	NaN
0.0084112	NaN
0.0078914	NaN
0.007392	NaN
0.0069124	NaN
0.0064523	NaN
0.006011	NaN
0.005588	NaN
0.0051828	NaN
0.0047948	NaN
0.0044236	NaN
0.0040687	NaN
0.0037294	NaN
0.0034054	NaN
0.003096	NaN
0.0028009	NaN
0.0025195	NaN
0.0022512	NaN
0.0019957	NaN
0.0017535	NaN
0.0015273	NaN
0.0013197	NaN
0.0011337	NaN
0.00097183	NaN
0.00083696	NaN
0.00073183	NaN
0.00065918	NaN
0.00062048	NaN
0.00061484	NaN
0.00064108	NaN
0.00069804	NaN
0.00078454	NaN
0.00089941	NaN
0.0010415	NaN
0.0012096	NaN
0.0014018	NaN
0.0016142	NaN
0.001843	NaN
0.002084	NaN
0.0023334	NaN
0.002587	NaN
0.002841	NaN
0.0030914	NaN
0.0033346	NaN
0.0035687	NaN
0.0037919	NaN
0.0040024	NaN
0.0041984	NaN
0.0043781	NaN
0.0045398	NaN
0.0046817	NaN
0.0048026	NaN
0.0049032	NaN
0.0049844	NaN
0.0050473	NaN
0.0050928	NaN
0.0051221	NaN
0.0051361	NaN
0.0051358	NaN
0.0051223	NaN
0.0050968	NaN
0.0050608	NaN
0.0050154	NaN
0.0049622	NaN
0.0049023	NaN
0.0048372	NaN
0.0047681	NaN
0.0046964	NaN
0.0046236	NaN
0.0045512	NaN
0.0044807	NaN
0.0044136	NaN
0.0043514	NaN
0.0042956	NaN
0.0042477	NaN
0.0042089	NaN
0.0041791	NaN
0.0041578	NaN
0.0041445	NaN
0.0041385	NaN
0.0041394	NaN
0.0041466	NaN
0.0041597	NaN
0.0041778	NaN
0.0041997	NaN
0.0042236	NaN
0.0042481	NaN
0.0042713	NaN
0.0042916	NaN
0.0043075	NaN
0.0043172	NaN
0.0043193	NaN
0.0043133	NaN
0.0042992	NaN
0.004277	NaN
0.0042467	NaN
0.0042083	NaN
0.0041617	NaN
0.0041071	NaN
0.0040443	NaN
0.0039741	NaN
0.0038972	NaN
0.0038145	NaN
0.0037267	NaN
0.0036347	NaN
0.0035394	NaN
0.0034415	NaN
0.0033419	NaN
0.003241	NaN
0.0031389	NaN
0.003036	NaN
0.0029323	NaN
0.0028282	NaN
0.0027238	NaN
0.0026194	NaN
0.0025152	NaN
0.0024113	NaN
0.0023082	NaN
0.0022059	NaN
0.0021049	NaN
0.0020053	NaN
0.0019075	NaN
0.0018116	NaN
0.0017179	NaN
0.0016268	NaN
0.0015385	NaN
0.0014533	NaN
0.0013715	NaN
0.0012935	NaN
0.0012196	NaN
0.00115	NaN
0.001085	NaN
0.0010248	NaN
0.00096927	NaN
0.00091848	NaN
0.00087234	NaN
0.00083083	NaN
0.00079391	NaN
0.00076153	NaN
0.00073367	NaN
0.00071004	NaN
0.00069016	NaN
0.00067353	NaN
0.00065964	NaN
0.00064799	NaN
0.00063808	NaN
0.0006294	NaN
0.00062147	NaN
0.00061386	NaN
0.00060627	NaN
0.00059841	NaN
0.00058997	NaN
0.00058066	NaN
0.00057019	NaN
0.00055825	NaN
0.00054455	NaN
0.00052897	NaN
0.00051163	NaN
0.00049269	NaN
0.00047226	NaN
0.00045051	NaN
0.00042756	NaN
0.00040356	NaN
0.00037866	NaN
0.00035303	NaN
0.00032697	NaN
0.00030077	NaN
0.0002747	NaN
0.00024906	NaN
0.00022413	NaN
0.0002002	NaN
0.00017755	NaN
0.00015639	NaN
0.00013672	NaN
0.00011856	NaN
0.00010192	NaN
8.6784e-05	NaN
7.3169e-05	NaN
6.1077e-05	NaN
5.051e-05	NaN
4.1437e-05	NaN
3.3741e-05	NaN
2.73e-05	NaN
2.1987e-05	NaN
1.7679e-05	NaN
1.425e-05	NaN
1.1577e-05	NaN
9.5345e-06	NaN
8.0119e-06	NaN
6.935e-06	NaN
6.2349e-06	NaN
5.8428e-06	NaN
5.6897e-06	NaN
5.7069e-06	NaN
5.8253e-06	NaN
5.9762e-06	NaN
6.1087e-06	NaN
6.2247e-06	NaN
6.3362e-06	NaN
6.4548e-06	NaN
6.5924e-06	NaN
6.7608e-06	NaN
6.9718e-06	NaN
7.2371e-06	NaN
7.5628e-06	NaN
7.9348e-06	NaN
8.3347e-06	NaN
8.7441e-06	NaN
9.1446e-06	NaN
9.5178e-06	NaN
9.8453e-06	NaN
1.0109e-05	NaN
1.0293e-05	NaN
1.0395e-05	NaN
1.0416e-05	NaN
1.0358e-05	NaN
1.0221e-05	NaN
1.0006e-05	NaN
9.7136e-06	NaN
9.3457e-06	NaN
8.9044e-06	NaN
8.4014e-06	NaN
7.8505e-06	NaN
7.2658e-06	NaN
6.6612e-06	NaN
6.0508e-06	NaN
5.4486e-06	NaN
4.8685e-06	NaN
4.323e-06	NaN
3.8149e-06	NaN
3.3441e-06	NaN
2.9101e-06	NaN
2.5126e-06	NaN
2.1514e-06	NaN
1.826e-06	NaN
1.5361e-06	NaN
1.2813e-06	NaN
1.0595e-06	NaN
8.6809e-07	NaN
7.0464e-07	NaN
5.6654e-07	NaN
4.5124e-07	NaN
3.5618e-07	NaN
2.7879e-07	NaN
2.1666e-07	NaN
1.6856e-07	NaN
1.3381e-07	NaN
1.1172e-07	NaN
1.0165e-07	NaN
1.0291e-07	NaN
1.1483e-07	NaN
1.3674e-07	NaN
1.6784e-07	NaN
2.061e-07	NaN
2.4878e-07	NaN
2.9312e-07	NaN
3.3639e-07	NaN
3.7582e-07	NaN
4.0869e-07	NaN
4.3223e-07	NaN
4.4397e-07	NaN
4.4457e-07	NaN
4.3674e-07	NaN
4.2324e-07	NaN
4.0681e-07	NaN
3.902e-07	NaN
3.7617e-07	NaN
3.6747e-07	NaN
3.6674e-07	NaN
3.7489e-07	NaN
3.9159e-07	NaN
4.1644e-07	NaN
4.4906e-07	NaN
4.8905e-07	NaN
5.3604e-07	NaN
5.8963e-07	NaN
6.4938e-07	NaN
7.1371e-07	NaN
7.8007e-07	NaN
8.4587e-07	NaN
9.0853e-07	NaN
9.6546e-07	NaN
1.0141e-06	NaN
1.0518e-06	NaN
1.0761e-06	NaN
1.0866e-06	NaN
1.0848e-06	NaN
1.0724e-06	NaN
1.0512e-06	NaN
1.0229e-06	NaN
9.8906e-07	NaN
9.5149e-07	NaN
9.1186e-07	NaN
8.7153e-07	NaN
8.3151e-07	NaN
7.9277e-07	NaN
7.5629e-07	NaN
7.2306e-07	NaN
6.9405e-07	NaN
6.7024e-07	NaN
6.526e-07	NaN
6.4135e-07	NaN
6.3573e-07	NaN
6.3492e-07	NaN
6.3808e-07	NaN
6.4439e-07	NaN
6.5302e-07	NaN
6.6313e-07	NaN
6.739e-07	NaN
6.8468e-07	NaN
6.9509e-07	NaN
7.0478e-07	NaN
7.1341e-07	NaN
7.2062e-07	NaN
7.2606e-07	NaN
7.2939e-07	NaN
7.3024e-07	NaN
7.2831e-07	NaN
7.2335e-07	NaN
7.1513e-07	NaN
7.034e-07	NaN
6.8793e-07	NaN
6.6849e-07	NaN
6.4483e-07	NaN
6.1672e-07	NaN
5.8417e-07	NaN
5.4768e-07	NaN
5.0784e-07	NaN
4.6522e-07	NaN
4.204e-07	NaN
3.7395e-07	NaN
3.2646e-07	NaN
2.7851e-07	NaN
2.3083e-07	NaN
1.8457e-07	NaN
1.4094e-07	NaN
1.0114e-07	NaN
6.64e-08	NaN
3.7912e-08	NaN
1.6887e-08	NaN
4.5346e-09	NaN
1.4501e-09	NaN
6.4676e-09	NaN
1.8105e-08	NaN
3.4879e-08	NaN
5.5309e-08	NaN
7.7912e-08	NaN
1.0121e-07	NaN
1.2371e-07	NaN
1.4394e-07	NaN
1.6041e-07	NaN
1.7164e-07	NaN
1.7616e-07	NaN
1.7247e-07	NaN
