2.7842e-08	NaN
1.8717e-08	NaN
7.1817e-09	NaN
1.8702e-09	NaN
4.1007e-10	NaN
1.0426e-10	NaN
8.4503e-10	NaN
2.5246e-09	NaN
5.0351e-09	NaN
8.2689e-09	NaN
1.2118e-08	NaN
1.6475e-08	NaN
2.1232e-08	NaN
2.628e-08	NaN
3.1513e-08	NaN
3.6823e-08	NaN
4.2101e-08	NaN
4.7241e-08	NaN
5.2133e-08	NaN
5.6671e-08	NaN
6.0747e-08	NaN
6.4265e-08	NaN
6.7129e-08	NaN
6.9244e-08	NaN
7.0514e-08	NaN
7.0846e-08	NaN
7.0142e-08	NaN
6.8309e-08	NaN
6.5289e-08	NaN
6.1276e-08	NaN
5.6564e-08	NaN
5.1448e-08	NaN
4.6224e-08	NaN
4.1187e-08	NaN
3.6633e-08	NaN
3.2856e-08	NaN
3.0137e-08	NaN
2.8648e-08	NaN
2.8505e-08	NaN
2.9827e-08	NaN
3.2729e-08	NaN
3.7329e-08	NaN
4.3745e-08	NaN
5.2093e-08	NaN
6.2433e-08	NaN
7.4266e-08	NaN
8.6785e-08	NaN
9.9181e-08	NaN
1.1064e-07	NaN
1.2037e-07	NaN
1.2754e-07	NaN
1.3135e-07	NaN
1.3107e-07	NaN
1.2684e-07	NaN
1.1941e-07	NaN
1.095e-07	NaN
9.7834e-08	NaN
8.5157e-08	NaN
7.2199e-08	NaN
5.9693e-08	NaN
4.8341e-08	NaN
3.8413e-08	NaN
2.9856e-08	NaN
2.2611e-08	NaN
1.6619e-08	NaN
1.1819e-08	NaN
8.1521e-09	NaN
5.5586e-09	NaN
3.9747e-09	NaN
3.2652e-09	NaN
3.2337e-09	NaN
3.6817e-09	NaN
4.4107e-09	NaN
5.2222e-09	NaN
5.9178e-09	NaN
6.2989e-09	NaN
6.194e-09	NaN
6.0365e-09	NaN
6.8591e-09	NaN
9.7199e-09	NaN
1.5677e-08	NaN
2.5789e-08	NaN
4.1113e-08	NaN
6.2708e-08	NaN
9.1647e-08	NaN
1.2943e-07	NaN
1.7804e-07	NaN
2.395e-07	NaN
3.1581e-07	NaN
4.09e-07	NaN
5.2107e-07	NaN
6.5405e-07	NaN
8.0988e-07	NaN
9.879e-07	NaN
1.184e-06	NaN
1.394e-06	NaN
1.6133e-06	NaN
1.8379e-06	NaN
2.0632e-06	NaN
2.285e-06	NaN
2.4991e-06	NaN
2.704e-06	NaN
2.9027e-06	NaN
3.0985e-06	NaN
3.295e-06	NaN
3.4953e-06	NaN
3.7029e-06	NaN
3.9212e-06	NaN
4.1535e-06	NaN
4.4041e-06	NaN
4.6792e-06	NaN
4.9849e-06	NaN
5.3275e-06	NaN
5.7131e-06	NaN
6.1481e-06	NaN
6.6385e-06	NaN
7.1908e-06	NaN
7.8082e-06	NaN
8.4889e-06	NaN
9.23e-06	NaN
1.0029e-05	NaN
1.0883e-05	NaN
1.1789e-05	NaN
1.2744e-05	NaN
1.3747e-05	NaN
1.4793e-05	NaN
1.5879e-05	NaN
1.7002e-05	NaN
1.8158e-05	NaN
1.9344e-05	NaN
2.0555e-05	NaN
2.1788e-05	NaN
2.3039e-05	NaN
2.4303e-05	NaN
2.5566e-05	NaN
2.6814e-05	NaN
2.8033e-05	NaN
2.921e-05	NaN
3.0328e-05	NaN
3.1375e-05	NaN
3.2337e-05	NaN
3.3202e-05	NaN
3.3972e-05	NaN
3.465e-05	NaN
3.524e-05	NaN
3.5744e-05	NaN
3.6167e-05	NaN
3.6511e-05	NaN
3.6781e-05	NaN
3.698e-05	NaN
3.7116e-05	NaN
3.7198e-05	NaN
3.7235e-05	NaN
3.7235e-05	NaN
3.7207e-05	NaN
3.716e-05	NaN
3.7103e-05	NaN
3.7043e-05	NaN
3.699e-05	NaN
3.6949e-05	NaN
3.693e-05	NaN
3.6939e-05	NaN
3.6984e-05	NaN
3.7073e-05	NaN
3.7213e-05	NaN
3.7411e-05	NaN
3.7674e-05	NaN
3.8007e-05	NaN
3.8416e-05	NaN
3.8905e-05	NaN
3.948e-05	NaN
4.0148e-05	NaN
4.0913e-05	NaN
4.1777e-05	NaN
4.2725e-05	NaN
4.373e-05	NaN
4.4768e-05	NaN
4.5814e-05	NaN
4.6843e-05	NaN
4.783e-05	NaN
4.8751e-05	NaN
4.9581e-05	NaN
5.0304e-05	NaN
5.0907e-05	NaN
5.1376e-05	NaN
5.1698e-05	NaN
5.186e-05	NaN
5.1849e-05	NaN
5.1652e-05	NaN
5.1255e-05	NaN
5.0652e-05	NaN
4.9836e-05	NaN
4.8802e-05	NaN
4.7545e-05	NaN
4.6059e-05	NaN
4.4338e-05	NaN
4.2379e-05	NaN
4.0176e-05	NaN
3.7757e-05	NaN
3.5165e-05	NaN
3.2446e-05	NaN
2.9642e-05	NaN
2.6798e-05	NaN
2.3959e-05	NaN
2.1168e-05	NaN
1.8471e-05	NaN
1.5908e-05	NaN
1.352e-05	NaN
1.1348e-05	NaN
9.4298e-06	NaN
7.8073e-06	NaN
6.5202e-06	NaN
5.6085e-06	NaN
5.1089e-06	NaN
4.9955e-06	NaN
5.1908e-06	NaN
5.6152e-06	NaN
6.1895e-06	NaN
6.8341e-06	NaN
7.4698e-06	NaN
8.0171e-06	NaN
8.3989e-06	NaN
8.5849e-06	NaN
8.5906e-06	NaN
8.4334e-06	NaN
8.1307e-06	NaN
7.6998e-06	NaN
7.1581e-06	NaN
6.523e-06	NaN
5.812e-06	NaN
5.0484e-06	NaN
4.2618e-06	NaN
3.4823e-06	NaN
2.7398e-06	NaN
2.0644e-06	NaN
1.486e-06	NaN
1.0346e-06	NaN
7.3969e-07	NaN
6.1362e-07	NaN
6.4619e-07	NaN
8.2575e-07	NaN
1.1406e-06	NaN
1.5792e-06	NaN
2.1299e-06	NaN
2.781e-06	NaN
3.5208e-06	NaN
4.3351e-06	NaN
5.2064e-06	NaN
6.1165e-06	NaN
7.0473e-06	NaN
7.9809e-06	NaN
8.8991e-06	NaN
9.784e-06	NaN
1.0618e-05	NaN
1.1402e-05	NaN
1.217e-05	NaN
1.296e-05	NaN
1.3809e-05	NaN
1.4756e-05	NaN
1.5837e-05	NaN
1.7091e-05	NaN
1.8554e-05	NaN
2.0246e-05	NaN
2.2144e-05	NaN
2.4223e-05	NaN
2.6458e-05	NaN
2.8823e-05	NaN
3.1293e-05	NaN
3.3842e-05	NaN
3.6443e-05	NaN
3.906e-05	NaN
4.1628e-05	NaN
4.4075e-05	NaN
4.6333e-05	NaN
4.8333e-05	NaN
5.0003e-05	NaN
5.1275e-05	NaN
5.2079e-05	NaN
5.2391e-05	NaN
5.2308e-05	NaN
5.1951e-05	NaN
5.144e-05	NaN
5.0895e-05	NaN
5.0435e-05	NaN
5.018e-05	NaN
5.0251e-05	NaN
5.072e-05	NaN
5.1516e-05	NaN
5.2533e-05	NaN
5.367e-05	NaN
5.4822e-05	NaN
5.5886e-05	NaN
5.6759e-05	NaN
5.7337e-05	NaN
5.7524e-05	NaN
5.7246e-05	NaN
5.6438e-05	NaN
5.5034e-05	NaN
5.2966e-05	NaN
5.0169e-05	NaN
4.6576e-05	NaN
4.2121e-05	NaN
3.6802e-05	NaN
3.0911e-05	NaN
2.4823e-05	NaN
1.8911e-05	NaN
1.3551e-05	NaN
9.1169e-06	NaN
5.9823e-06	NaN
4.5218e-06	NaN
5.077e-06	NaN
7.8151e-06	NaN
1.2845e-05	NaN
2.0277e-05	NaN
3.0221e-05	NaN
4.2784e-05	NaN
5.8078e-05	NaN
7.621e-05	NaN
9.7225e-05	NaN
0.00012074	NaN
0.00014623	NaN
0.00017314	NaN
0.00020093	NaN
0.00022907	NaN
0.000257	NaN
0.0002842	NaN
0.00031014	NaN
0.00033444	NaN
0.00035677	NaN
0.0003768	NaN
0.00039422	NaN
0.0004087	NaN
0.00041991	NaN
0.00042755	NaN
0.00043134	NaN
0.0004316	NaN
0.00042898	NaN
0.00042409	NaN
0.00041756	NaN
0.00041004	NaN
0.00040214	NaN
0.0003945	NaN
0.00038773	NaN
0.00038224	NaN
0.0003783	NaN
0.00037619	NaN
0.00037619	NaN
0.00037858	NaN
0.00038362	NaN
0.0003916	NaN
0.00040274	NaN
0.00041645	NaN
0.0004316	NaN
0.00044703	NaN
0.00046159	NaN
0.00047412	NaN
0.00048346	NaN
0.00048847	NaN
0.00048804	NaN
0.00048188	NaN
0.00047035	NaN
0.00045385	NaN
0.00043278	NaN
0.00040753	NaN
0.00037848	NaN
0.00034604	NaN
0.00031062	NaN
0.00027326	NaN
0.00023554	NaN
0.00019909	NaN
0.00016553	NaN
0.00013649	NaN
0.00011358	NaN
9.8419e-05	NaN
9.2592e-05	NaN
9.6471e-05	NaN
0.00010911	NaN
0.00012949	NaN
0.0001566	NaN
0.00018943	NaN
0.00022697	NaN
0.00026819	NaN
0.0003121	NaN
0.00035783	NaN
0.00040473	NaN
0.00045214	NaN
0.00049942	NaN
0.00054592	NaN
0.000591	NaN
0.00063399	NaN
0.00067427	NaN
0.00071131	NaN
0.00074477	NaN
0.00077436	NaN
0.00079974	NaN
0.00082061	NaN
0.00083666	NaN
0.00084756	NaN
0.00085302	NaN
0.00085339	NaN
0.00085019	NaN
0.00084502	NaN
0.00083952	NaN
0.00083529	NaN
0.00083396	NaN
0.00083713	NaN
0.00084643	NaN
0.00086294	NaN
0.00088671	NaN
0.00091768	NaN
0.00095577	NaN
0.0010009	NaN
0.001053	NaN
0.0011121	NaN
0.001178	NaN
0.0012504	NaN
0.0013283	NaN
0.0014108	NaN
0.0014968	NaN
0.0015852	NaN
0.0016751	NaN
0.0017653	NaN
0.0018549	NaN
0.0019422	NaN
0.002024	NaN
0.0020971	NaN
0.0021578	NaN
0.0022028	NaN
0.0022287	NaN
0.002232	NaN
0.0022093	NaN
0.0021582	NaN
0.0020789	NaN
0.0019726	NaN
0.0018403	NaN
0.0016828	NaN
0.0015014	NaN
0.0012968	NaN
0.0010702	NaN
0.00082595	NaN
0.00058147	NaN
0.00035706	NaN
0.00017309	NaN
4.9901e-05	NaN
7.8294e-06	NaN
6.7226e-05	NaN
0.00024844	NaN
0.00057657	NaN
0.0010976	NaN
0.0018635	NaN
0.0029258	NaN
0.0043364	NaN
0.0061471	NaN
0.0084096	NaN
0.011176	NaN
0.014493	NaN
0.018387	NaN
0.022875	NaN
0.027975	NaN
0.033705	NaN
0.040084	NaN
0.047129	NaN
0.054858	NaN
0.06329	NaN
0.07245	NaN
0.082363	NaN
0.093057	NaN
0.10456	-0.6257
0.11689	-0.6147
0.13009	-0.60258
0.14417	-0.59012
0.15916	-0.57803
0.17507	-0.56639
0.19189	-0.55505
0.20961	-0.54385
0.22824	-0.53264
0.24777	-0.52124
0.26818	-0.50951
0.28949	-0.49728
0.31168	-0.48441
0.33472	-0.47087
0.35856	-0.45672
0.38317	-0.442
0.40849	-0.42675
0.43447	-0.41104
0.46109	-0.39489
0.48828	-0.37836
0.516	-0.36151
0.54414	-0.34436
0.57255	-0.32696
0.60109	-0.30935
0.62959	-0.29157
0.65792	-0.27367
0.68593	-0.25568
0.71347	-0.23764
0.7404	-0.2196
0.76659	-0.20162
0.79197	-0.18378
0.81643	-0.16616
0.83989	-0.14884
0.86226	-0.13189
0.88345	-0.11539
0.90336	-0.099424
0.92191	-0.084073
0.93894	-0.069454
0.95427	-0.055713
0.96772	-0.042998
0.97908	-0.031457
0.98818	-0.02124
0.99482	-0.012493
0.99882	-0.0053647
1	0
0.99835	0.0035253
0.99401	0.0051994
0.98716	0.0050127
0.97795	0.0029558
0.96655	-0.00098077
0.9531	-0.0068064
0.93777	-0.014531
0.92072	-0.024164
0.90218	-0.035757
0.88244	-0.049399
0.86179	-0.065182
0.84052	-0.083199
0.81894	-0.10354
0.79734	-0.12631
0.77601	-0.15158
0.75523	-0.17945
0.73511	-0.20988
0.71546	-0.24264
0.69611	-0.27752
0.67686	-0.31428
0.65754	-0.35269
0.63796	-0.39254
0.61793	-0.43359
0.59727	-0.47563
0.57587	-0.51873
0.55372	-0.56341
0.53082	-0.6102
0.50717	-0.65964
0.48277	-0.71228
0.4576	-0.76867
0.43168	-0.82933
0.405	-0.89481
0.37768	-0.96465
0.35003	-1.0368
0.32237	-1.109
0.29503	-1.1791
0.26833	-1.2449
0.24261	-1.3041
0.21819	-1.3545
0.19539	-1.3939
0.17443	-1.4237
0.1553	-1.4519
0.13797	-1.4874
0.12241	-1.539
0.10858	-1.6156
0.09645	NaN
0.08599	NaN
0.077167	NaN
0.069915	NaN
0.064094	NaN
0.059554	NaN
0.056146	NaN
0.05372	NaN
0.052124	NaN
0.051211	NaN
0.050828	NaN
0.050853	NaN
0.05123	NaN
0.051915	NaN
0.052863	NaN
0.054029	NaN
0.055371	NaN
0.056842	NaN
0.058399	NaN
0.059998	NaN
0.061593	NaN
0.06314	NaN
0.064593	NaN
0.065907	NaN
0.067039	NaN
0.067942	NaN
0.068572	NaN
0.068892	NaN
0.0689	NaN
0.068598	NaN
0.067991	NaN
0.067081	NaN
0.065873	NaN
0.06437	NaN
0.062575	NaN
0.060498	NaN
0.058165	NaN
0.055611	NaN
0.052868	NaN
0.049971	NaN
0.046953	NaN
0.043847	NaN
0.040686	NaN
0.037503	NaN
0.034324	NaN
0.031172	NaN
0.028072	NaN
0.025047	NaN
0.022121	NaN
0.019318	NaN
0.016661	NaN
0.014174	NaN
0.011869	NaN
0.0097568	NaN
0.0078463	NaN
0.0061479	NaN
0.0046713	NaN
0.0034265	NaN
0.0024233	NaN
0.0016686	NaN
0.0011474	NaN
0.00083549	NaN
0.00070839	NaN
0.00074179	NaN
0.00091129	NaN
0.0011925	NaN
0.0015611	NaN
0.0019933	NaN
0.0024697	NaN
0.0029735	NaN
0.0034878	NaN
0.0039955	NaN
0.0044799	NaN
0.004924	NaN
0.0053109	NaN
0.0056252	NaN
0.0058663	NaN
0.0060426	NaN
0.0061626	NaN
0.0062347	NaN
0.0062674	NaN
0.0062691	NaN
0.0062483	NaN
0.0062135	NaN
0.0061746	NaN
0.0061425	NaN
0.0061279	NaN
0.0061417	NaN
0.0061947	NaN
0.0062977	NaN
0.0064615	NaN
0.0066964	NaN
0.007006	NaN
0.0073879	NaN
0.0078399	NaN
0.0083597	NaN
0.008945	NaN
0.0095936	NaN
0.010303	NaN
0.011071	NaN
0.011886	NaN
0.012729	NaN
0.013584	NaN
0.01443	NaN
0.01525	NaN
0.016024	NaN
0.016734	NaN
0.017362	NaN
0.017897	NaN
0.018332	NaN
0.018663	NaN
0.018885	NaN
0.018994	NaN
0.018985	NaN
0.018853	NaN
0.018593	NaN
0.01821	NaN
0.017717	NaN
0.017129	NaN
0.016461	NaN
0.015726	NaN
0.01494	NaN
0.014118	NaN
0.013273	NaN
0.012419	NaN
0.011562	NaN
0.010713	NaN
0.0098778	NaN
0.009066	NaN
0.0082856	NaN
0.0075447	NaN
0.0068516	NaN
0.0062108	NaN
0.0056212	NaN
0.0050809	NaN
0.0045883	NaN
0.0041417	NaN
0.0037391	NaN
0.0033789	NaN
0.0030594	NaN
0.0027787	NaN
0.0025353	NaN
0.0023276	NaN
0.0021537	NaN
0.0020122	NaN
0.0019013	NaN
0.0018194	NaN
0.0017649	NaN
0.0017361	NaN
0.0017316	NaN
0.0017499	NaN
0.0017897	NaN
0.0018493	NaN
0.0019275	NaN
0.0020227	NaN
0.0021335	NaN
0.0022581	NaN
0.0023939	NaN
0.0025381	NaN
0.002688	NaN
0.0028407	NaN
0.0029936	NaN
0.0031438	NaN
0.0032886	NaN
0.0034257	NaN
0.0035543	NaN
0.0036739	NaN
0.0037838	NaN
0.0038837	NaN
0.0039729	NaN
0.0040509	NaN
0.0041172	NaN
0.0041716	NaN
0.0042154	NaN
0.0042505	NaN
0.0042784	NaN
0.0043008	NaN
0.0043193	NaN
0.0043358	NaN
0.0043518	NaN
0.0043687	NaN
0.0043867	NaN
0.0044056	NaN
0.0044252	NaN
0.0044454	NaN
0.0044661	NaN
0.004487	NaN
0.004508	NaN
0.0045288	NaN
0.0045486	NaN
0.0045665	NaN
0.0045814	NaN
0.0045925	NaN
0.0045987	NaN
0.0045992	NaN
0.0045928	NaN
0.004579	NaN
0.0045581	NaN
0.0045309	NaN
0.0044984	NaN
0.0044615	NaN
0.0044209	NaN
0.0043776	NaN
0.0043325	NaN
0.0042862	NaN
0.0042391	NaN
0.004191	NaN
0.0041418	NaN
0.0040916	NaN
0.0040401	NaN
0.0039873	NaN
0.0039332	NaN
0.0038777	NaN
0.0038204	NaN
0.0037608	NaN
0.0036986	NaN
0.0036334	NaN
0.0035646	NaN
0.0034919	NaN
0.0034148	NaN
0.003333	NaN
0.0032466	NaN
0.003156	NaN
0.0030618	NaN
0.0029645	NaN
0.0028645	NaN
0.0027623	NaN
0.0026583	NaN
0.0025531	NaN
0.0024471	NaN
0.0023407	NaN
0.0022342	NaN
0.0021281	NaN
0.0020227	NaN
0.0019184	NaN
0.0018157	NaN
0.0017149	NaN
0.0016165	NaN
0.0015214	NaN
0.0014301	NaN
0.0013434	NaN
0.0012619	NaN
0.0011863	NaN
0.0011174	NaN
0.0010558	NaN
0.001002	NaN
0.0009562	NaN
0.00091862	NaN
0.00088951	NaN
0.00086912	NaN
0.00085768	NaN
0.00085542	NaN
0.00086256	NaN
0.00087886	NaN
0.00090359	NaN
0.000936	NaN
0.00097535	NaN
0.0010209	NaN
0.0010719	NaN
0.0011276	NaN
0.0011873	NaN
0.00125	NaN
0.0013148	NaN
0.0013805	NaN
0.0014461	NaN
0.0015106	NaN
0.0015729	NaN
0.0016319	NaN
0.0016866	NaN
0.0017361	NaN
0.0017796	NaN
0.0018164	NaN
0.0018459	NaN
0.0018672	NaN
0.0018797	NaN
0.0018828	NaN
0.0018755	NaN
0.0018579	NaN
0.0018306	NaN
0.0017942	NaN
0.0017497	NaN
0.0016976	NaN
0.0016388	NaN
0.0015739	NaN
0.0015038	NaN
0.0014293	NaN
0.0013511	NaN
0.0012702	NaN
0.0011873	NaN
0.0011034	NaN
0.0010194	NaN
0.00093598	NaN
0.00085413	NaN
0.00077458	NaN
0.00069784	NaN
0.00062443	NaN
0.00055484	NaN
0.00048957	NaN
0.00042912	NaN
0.00037399	NaN
0.00032468	NaN
0.00028145	NaN
0.00024395	NaN
0.00021175	NaN
0.00018439	NaN
0.00016144	NaN
0.00014246	NaN
0.00012701	NaN
0.00011464	NaN
0.00010494	NaN
9.7554e-05	NaN
9.2132e-05	NaN
8.8332e-05	NaN
8.5808e-05	NaN
8.4216e-05	NaN
8.321e-05	NaN
8.2446e-05	NaN
8.164e-05	NaN
8.0728e-05	NaN
7.9689e-05	NaN
7.8503e-05	NaN
7.7151e-05	NaN
7.5614e-05	NaN
7.3872e-05	NaN
7.1905e-05	NaN
6.9701e-05	NaN
6.7273e-05	NaN
6.4642e-05	NaN
6.183e-05	NaN
5.8855e-05	NaN
5.574e-05	NaN
5.2506e-05	NaN
4.9172e-05	NaN
4.5761e-05	NaN
4.2303e-05	NaN
3.8831e-05	NaN
3.5375e-05	NaN
3.1969e-05	NaN
2.8645e-05	NaN
2.5434e-05	NaN
2.2368e-05	NaN
1.9479e-05	NaN
1.6784e-05	NaN
1.4301e-05	NaN
1.2043e-05	NaN
1.0028e-05	NaN
8.2695e-06	NaN
6.784e-06	NaN
5.5868e-06	NaN
4.6883e-06	NaN
4.064e-06	NaN
3.675e-06	NaN
3.4824e-06	NaN
3.4473e-06	NaN
3.5307e-06	NaN
3.6937e-06	NaN
3.8973e-06	NaN
4.1047e-06	NaN
4.2967e-06	NaN
4.4626e-06	NaN
4.5916e-06	NaN
4.6731e-06	NaN
4.6963e-06	NaN
4.6507e-06	NaN
4.5254e-06	NaN
4.3116e-06	NaN
4.0173e-06	NaN
3.6603e-06	NaN
3.2583e-06	NaN
2.8291e-06	NaN
2.3905e-06	NaN
1.9603e-06	NaN
1.5563e-06	NaN
1.1955e-06	NaN
8.8434e-07	NaN
6.2272e-07	NaN
4.1032e-07	NaN
2.4684e-07	NaN
1.3197e-07	NaN
6.542e-08	NaN
4.688e-08	NaN
7.5747e-08	NaN
1.4699e-07	NaN
2.5222e-07	NaN
3.8296e-07	NaN
5.3076e-07	NaN
6.8714e-07	NaN
8.4362e-07	NaN
9.9175e-07	NaN
1.1233e-06	NaN
1.2341e-06	NaN
1.3238e-06	NaN
1.3919e-06	NaN
1.4381e-06	NaN
1.462e-06	NaN
1.4634e-06	NaN
1.4418e-06	NaN
1.3969e-06	NaN
1.3307e-06	NaN
1.247e-06	NaN
1.1499e-06	NaN
1.0435e-06	NaN
9.3183e-07	NaN
8.189e-07	NaN
7.0879e-07	NaN
6.0549e-07	NaN
5.1115e-07	NaN
4.2575e-07	NaN
3.4914e-07	NaN
2.812e-07	NaN
2.2179e-07	NaN
1.7076e-07	NaN
1.2799e-07	NaN
9.3329e-08	NaN
6.6325e-08	NaN
4.6116e-08	NaN
3.1813e-08	NaN
2.2524e-08	NaN
1.7357e-08	NaN
1.5421e-08	NaN
1.5824e-08	NaN
1.7683e-08	NaN
2.0513e-08	NaN
2.446e-08	NaN
2.9721e-08	NaN
3.6494e-08	NaN
4.4979e-08	NaN
5.5374e-08	NaN
6.7877e-08	NaN
8.2685e-08	NaN
9.9785e-08	NaN
1.1879e-07	NaN
1.3927e-07	NaN
1.6079e-07	NaN
1.8292e-07	NaN
2.0525e-07	NaN
2.2733e-07	NaN
2.4874e-07	NaN
2.6896e-07	NaN
2.8732e-07	NaN
3.0309e-07	NaN
3.1559e-07	NaN
3.2409e-07	NaN
3.279e-07	NaN
3.263e-07	NaN
3.1859e-07	NaN
3.0459e-07	NaN
2.8541e-07	NaN
2.6238e-07	NaN
2.368e-07	NaN
2.0999e-07	NaN
1.8325e-07	NaN
1.579e-07	NaN
1.3526e-07	NaN
1.1623e-07	NaN
1.0062e-07	NaN
8.7998e-08	NaN
7.7955e-08	NaN
7.0074e-08	NaN
6.3939e-08	NaN
5.9135e-08	NaN
5.5245e-08	NaN
5.1855e-08	NaN
4.8548e-08	NaN
4.4909e-08	NaN
4.0522e-08	NaN
3.4971e-08	NaN
