3.7373e-07	NaN
3.9332e-07	NaN
4.0578e-07	NaN
4.1172e-07	NaN
4.1176e-07	NaN
4.0649e-07	NaN
3.9652e-07	NaN
3.8247e-07	NaN
3.6495e-07	NaN
3.4455e-07	NaN
3.219e-07	NaN
2.9759e-07	NaN
2.7223e-07	NaN
2.4644e-07	NaN
2.208e-07	NaN
1.9581e-07	NaN
1.7191e-07	NaN
1.4957e-07	NaN
1.2924e-07	NaN
1.1137e-07	NaN
9.6411e-08	NaN
8.4828e-08	NaN
7.6937e-08	NaN
7.2162e-08	NaN
6.9561e-08	NaN
6.8194e-08	NaN
6.712e-08	NaN
6.5396e-08	NaN
6.2083e-08	NaN
5.6238e-08	NaN
4.7116e-08	NaN
3.552e-08	NaN
2.2988e-08	NaN
1.1062e-08	NaN
1.2837e-09	NaN
4.8051e-09	NaN
5.662e-09	NaN
2.5487e-10	NaN
1.4319e-08	NaN
3.63e-08	NaN
6.5085e-08	NaN
9.9549e-08	NaN
1.3857e-07	NaN
1.8102e-07	NaN
2.2578e-07	NaN
2.7173e-07	NaN
3.1778e-07	NaN
3.6348e-07	NaN
4.0873e-07	NaN
4.5345e-07	NaN
4.9755e-07	NaN
5.4095e-07	NaN
5.8356e-07	NaN
6.2532e-07	NaN
6.6621e-07	NaN
7.0755e-07	NaN
7.5159e-07	NaN
8.0064e-07	NaN
8.5697e-07	NaN
9.2287e-07	NaN
1.0006e-06	NaN
1.0925e-06	NaN
1.2008e-06	NaN
1.3273e-06	NaN
1.4731e-06	NaN
1.6394e-06	NaN
1.8277e-06	NaN
2.0389e-06	NaN
2.2745e-06	NaN
2.5356e-06	NaN
2.8233e-06	NaN
3.134e-06	NaN
3.4599e-06	NaN
3.7927e-06	NaN
4.1243e-06	NaN
4.4465e-06	NaN
4.7512e-06	NaN
5.0302e-06	NaN
5.2755e-06	NaN
5.4836e-06	NaN
5.6559e-06	NaN
5.7941e-06	NaN
5.9002e-06	NaN
5.9757e-06	NaN
6.0226e-06	NaN
6.0425e-06	NaN
6.0373e-06	NaN
6.0116e-06	NaN
5.9738e-06	NaN
5.9326e-06	NaN
5.8965e-06	NaN
5.8743e-06	NaN
5.8744e-06	NaN
5.9055e-06	NaN
5.9764e-06	NaN
6.0959e-06	NaN
6.2737e-06	NaN
6.5196e-06	NaN
6.8433e-06	NaN
7.2543e-06	NaN
7.7626e-06	NaN
8.3776e-06	NaN
9.1091e-06	NaN
9.9587e-06	NaN
1.0914e-05	NaN
1.1962e-05	NaN
1.3087e-05	NaN
1.4277e-05	NaN
1.5518e-05	NaN
1.6795e-05	NaN
1.8095e-05	NaN
1.9401e-05	NaN
2.0686e-05	NaN
2.1923e-05	NaN
2.3086e-05	NaN
2.4147e-05	NaN
2.508e-05	NaN
2.5858e-05	NaN
2.6453e-05	NaN
2.6852e-05	NaN
2.7072e-05	NaN
2.7133e-05	NaN
2.7058e-05	NaN
2.6867e-05	NaN
2.6583e-05	NaN
2.6225e-05	NaN
2.5815e-05	NaN
2.5379e-05	NaN
2.495e-05	NaN
2.4565e-05	NaN
2.4258e-05	NaN
2.4066e-05	NaN
2.4025e-05	NaN
2.417e-05	NaN
2.4537e-05	NaN
2.5171e-05	NaN
2.6144e-05	NaN
2.7534e-05	NaN
2.9418e-05	NaN
3.1876e-05	NaN
3.4985e-05	NaN
3.8823e-05	NaN
4.3468e-05	NaN
4.8996e-05	NaN
5.5475e-05	NaN
6.2968e-05	NaN
7.1542e-05	NaN
8.126e-05	NaN
9.2188e-05	NaN
0.00010439	NaN
0.00011793	NaN
0.00013285	NaN
0.00014907	NaN
0.00016647	NaN
0.00018493	NaN
0.00020434	NaN
0.00022458	NaN
0.00024554	NaN
0.0002671	NaN
0.0002891	NaN
0.00031122	NaN
0.00033305	NaN
0.00035418	NaN
0.00037422	NaN
0.00039276	NaN
0.0004094	NaN
0.00042375	NaN
0.00043545	NaN
0.00044457	NaN
0.0004513	NaN
0.00045587	NaN
0.00045847	NaN
0.00045932	NaN
0.00045863	NaN
0.0004566	NaN
0.00045343	NaN
0.00044927	NaN
0.00044419	NaN
0.00043829	NaN
0.00043167	NaN
0.00042443	NaN
0.00041666	NaN
0.00040846	NaN
0.00039989	NaN
0.00039085	NaN
0.00038113	NaN
0.00037051	NaN
0.00035877	NaN
0.00034571	NaN
0.00033111	NaN
0.00031476	NaN
0.00029648	NaN
0.00027668	NaN
0.00025609	NaN
0.00023546	NaN
0.00021554	NaN
0.00019707	NaN
0.00018079	NaN
0.00016746	NaN
0.0001578	NaN
0.00015234	NaN
0.00015146	NaN
0.00015552	NaN
0.00016489	NaN
0.00017996	NaN
0.00020109	NaN
0.00022866	NaN
0.000263	NaN
0.00030387	NaN
0.00035056	NaN
0.00040234	NaN
0.00045847	NaN
0.00051823	NaN
0.00058086	NaN
0.00064566	NaN
0.0007119	NaN
0.00077941	NaN
0.00084856	NaN
0.00091971	NaN
0.00099324	NaN
0.0010695	NaN
0.0011489	NaN
0.0012319	NaN
0.0013187	NaN
0.0014097	NaN
0.0015054	NaN
0.0016061	NaN
0.0017122	NaN
0.0018239	NaN
0.0019418	NaN
0.0020662	NaN
0.0021974	NaN
0.0023352	NaN
0.0024786	NaN
0.0026266	NaN
0.0027781	NaN
0.002932	NaN
0.0030874	NaN
0.0032432	NaN
0.0033983	NaN
0.0035521	NaN
0.0037045	NaN
0.0038554	NaN
0.0040048	NaN
0.0041526	NaN
0.0042987	NaN
0.0044432	NaN
0.0045858	NaN
0.0047268	NaN
0.0048662	NaN
0.0050043	NaN
0.0051411	NaN
0.005277	NaN
0.0054122	NaN
0.0055467	NaN
0.0056808	NaN
0.0058141	NaN
0.0059456	NaN
0.0060737	NaN
0.0061971	NaN
0.0063145	NaN
0.0064244	NaN
0.0065255	NaN
0.0066164	NaN
0.0066956	NaN
0.006761	NaN
0.0068102	NaN
0.0068413	NaN
0.0068519	NaN
0.0068399	NaN
0.0068031	NaN
0.0067394	NaN
0.0066473	NaN
0.0065278	NaN
0.0063822	NaN
0.0062116	NaN
0.0060175	NaN
0.0058011	NaN
0.0055637	NaN
0.0053065	NaN
0.0050313	NaN
0.004741	NaN
0.0044391	NaN
0.0041288	NaN
0.0038133	NaN
0.0034961	NaN
0.0031803	NaN
0.0028694	NaN
0.0025662	NaN
0.002273	NaN
0.0019914	NaN
0.0017233	NaN
0.0014704	NaN
0.0012345	NaN
0.0010175	NaN
0.00082113	NaN
0.00064686	NaN
0.00049479	NaN
0.00036466	NaN
0.00025617	NaN
0.00016905	NaN
0.00010301	NaN
5.7758e-05	NaN
3.3018e-05	NaN
2.8385e-05	NaN
4.282e-05	NaN
7.5075e-05	NaN
0.0001239	NaN
0.00018805	NaN
0.00026628	NaN
0.00035732	NaN
0.00045995	NaN
0.00057288	NaN
0.00069468	NaN
0.00082385	NaN
0.00095889	NaN
0.0010983	NaN
0.0012406	NaN
0.0013843	NaN
0.0015278	NaN
0.0016699	NaN
0.00181	NaN
0.0019482	NaN
0.0020843	NaN
0.0022185	NaN
0.0023506	NaN
0.0024806	NaN
0.0026086	NaN
0.0027344	NaN
0.0028585	NaN
0.0029812	NaN
0.0031029	NaN
0.0032241	NaN
0.0033451	NaN
0.0034664	NaN
0.0035885	NaN
0.0037117	NaN
0.0038374	NaN
0.0039671	NaN
0.0041026	NaN
0.0042455	NaN
0.0043974	NaN
0.0045601	NaN
0.0047352	NaN
0.0049243	NaN
0.0051288	NaN
0.00535	NaN
0.005589	NaN
0.005847	NaN
0.0061252	NaN
0.0064249	NaN
0.0067471	NaN
0.0070929	NaN
0.0074606	NaN
0.0078458	NaN
0.0082444	NaN
0.0086521	NaN
0.0090645	NaN
0.0094775	NaN
0.0098868	NaN
0.010288	NaN
0.010676	NaN
0.011044	NaN
0.011386	NaN
0.011695	NaN
0.011965	NaN
0.01219	NaN
0.012363	NaN
0.012477	NaN
0.012531	NaN
0.012526	NaN
0.012465	NaN
0.01235	NaN
0.012183	NaN
0.011966	NaN
0.011701	NaN
0.011391	NaN
0.01104	NaN
0.010654	NaN
0.01024	NaN
0.0098063	NaN
0.0093581	NaN
0.0089028	NaN
0.0084473	NaN
0.0079983	NaN
0.0075608	NaN
0.0071369	NaN
0.0067285	NaN
0.0063375	NaN
0.005966	NaN
0.0056156	NaN
0.0052885	NaN
0.0049865	NaN
0.0047101	NaN
0.0044578	NaN
0.0042277	NaN
0.0040179	NaN
0.0038267	NaN
0.0036521	NaN
0.0034924	NaN
0.0033456	NaN
0.0032104	NaN
0.0030861	NaN
0.0029723	NaN
0.0028683	NaN
0.0027737	NaN
0.0026878	NaN
0.0026103	NaN
0.0025406	NaN
0.002478	NaN
0.0024218	NaN
0.0023713	NaN
0.0023255	NaN
0.0022838	NaN
0.0022453	NaN
0.0022092	NaN
0.0021748	NaN
0.0021413	NaN
0.0021083	NaN
0.0020752	NaN
0.0020417	NaN
0.0020072	NaN
0.0019714	NaN
0.0019337	NaN
0.0018938	NaN
0.001851	NaN
0.0018045	NaN
0.0017536	NaN
0.0016974	NaN
0.001635	NaN
0.0015656	NaN
0.0014882	NaN
0.0014022	NaN
0.0013074	NaN
0.0012071	NaN
0.0011051	NaN
0.0010055	NaN
0.00091209	NaN
0.00082886	NaN
0.00075974	NaN
0.00070864	NaN
0.00068184	NaN
0.0006959	NaN
0.00077021	NaN
0.00092418	NaN
0.0011772	NaN
0.0015487	NaN
0.002058	NaN
0.0027245	NaN
0.0035717	NaN
0.0046434	NaN
0.0059901	NaN
0.0076626	NaN
0.0097112	NaN
0.012187	NaN
0.01514	NaN
0.018621	NaN
0.022679	NaN
0.027362	NaN
0.032714	NaN
0.038778	NaN
0.0456	NaN
0.053224	NaN
0.061695	NaN
0.071057	NaN
0.08135	NaN
0.092573	NaN
0.10471	-0.58984
0.11774	-0.588
0.13164	-0.58489
0.1464	-0.58061
0.162	-0.57526
0.17842	-0.56897
0.19565	-0.56181
0.21367	-0.55383
0.23248	-0.545
0.25209	-0.53532
0.27248	-0.52478
0.29366	-0.51336
0.31561	-0.50106
0.33835	-0.48785
0.36185	-0.47374
0.38608	-0.45879
0.41096	-0.44307
0.43641	-0.4267
0.46236	-0.40976
0.48874	-0.39234
0.51547	-0.37454
0.54248	-0.35645
0.5697	-0.33816
0.59704	-0.31973
0.6244	-0.30116
0.6517	-0.28247
0.67884	-0.26369
0.70573	-0.24482
0.73228	-0.22588
0.75839	-0.2069
0.78397	-0.18789
0.80889	-0.16895
0.83299	-0.15024
0.85612	-0.13192
0.87811	-0.11417
0.89882	-0.097129
0.91808	-0.080972
0.93574	-0.065859
0.95163	-0.051951
0.96559	-0.039377
0.97743	-0.028238
0.98698	-0.018631
0.99404	-0.010657
0.99844	-0.0044135
1	0
0.99853	0.0024847
0.99386	0.002944
0.98605	0.0013412
0.97545	-0.0022959
0.96241	-0.0079364
0.94726	-0.015549
0.93036	-0.025104
0.91206	-0.036568
0.8927	-0.049913
0.87262	-0.065106
0.85208	-0.082152
0.8312	-0.10109
0.81011	-0.12197
0.78893	-0.14484
0.76777	-0.16974
0.74677	-0.19671
0.72604	-0.22581
0.7057	-0.25707
0.68575	-0.29046
0.66603	-0.32582
0.64635	-0.36299
0.62653	-0.40181
0.60639	-0.44212
0.58575	-0.48374
0.56443	-0.52652
0.54225	-0.5703
0.51912	-0.61519
0.49518	-0.66175
0.47053	-0.71059
0.44531	-0.76231
0.41965	-0.81751
0.39366	-0.87681
0.36747	-0.94081
0.34121	-1.0101
0.31505	-1.0844
0.28921	-1.1617
0.26394	-1.2399
0.23947	-1.3168
0.21604	-1.3901
0.1939	-1.4577
0.17328	-1.5175
0.15442	-1.5672
0.13748	-1.6076
0.12238	-1.6464
0.10904	-1.6918
0.097356	NaN
0.087247	NaN
0.078618	NaN
0.071377	NaN
0.065433	NaN
0.060689	NaN
0.057035	NaN
0.054361	NaN
0.052553	NaN
0.051502	NaN
0.051094	NaN
0.051218	NaN
0.051764	NaN
0.052632	NaN
0.053772	NaN
0.055139	NaN
0.05669	NaN
0.05838	NaN
0.060165	NaN
0.062002	NaN
0.063847	NaN
0.065655	NaN
0.067379	NaN
0.068973	NaN
0.070387	NaN
0.071575	NaN
0.07249	NaN
0.073083	NaN
0.073307	NaN
0.073125	NaN
0.072539	NaN
0.071564	NaN
0.070213	NaN
0.0685	NaN
0.06644	NaN
0.064046	NaN
0.061333	NaN
0.058319	NaN
0.055048	NaN
0.05157	NaN
0.047938	NaN
0.044203	NaN
0.040415	NaN
0.036626	NaN
0.032888	NaN
0.029248	NaN
0.025737	NaN
0.02238	NaN
0.0192	NaN
0.016221	NaN
0.013467	NaN
0.010963	NaN
0.0087322	NaN
0.006795	NaN
0.0051455	NaN
0.0037666	NaN
0.0026411	NaN
0.0017517	NaN
0.0010811	NaN
0.00061199	NaN
0.00032719	NaN
0.00020882	NaN
0.00023396	NaN
0.00037712	NaN
0.0006128	NaN
0.00091552	NaN
0.0012598	NaN
0.00162	NaN
0.0019708	NaN
0.002288	NaN
0.0025614	NaN
0.0027889	NaN
0.0029688	NaN
0.003099	NaN
0.0031778	NaN
0.0032031	NaN
0.0031732	NaN
0.0030867	NaN
0.0029495	NaN
0.0027723	NaN
0.002566	NaN
0.0023413	NaN
0.0021093	NaN
0.0018806	NaN
0.0016662	NaN
0.0014767	NaN
0.0013181	NaN
0.0011933	NaN
0.0011049	NaN
0.0010555	NaN
0.0010477	NaN
0.0010843	NaN
0.0011677	NaN
0.0013004	NaN
0.0014795	NaN
0.001697	NaN
0.001945	NaN
0.0022156	NaN
0.0025005	NaN
0.002792	NaN
0.003082	NaN
0.0033625	NaN
0.0036275	NaN
0.003873	NaN
0.0040951	NaN
0.0042897	NaN
0.0044531	NaN
0.0045812	NaN
0.0046701	NaN
0.004716	NaN
0.0047182	NaN
0.0046801	NaN
0.0046053	NaN
0.0044973	NaN
0.0043597	NaN
0.0041961	NaN
0.0040099	NaN
0.0038049	NaN
0.003585	NaN
0.0033548	NaN
0.0031189	NaN
0.0028821	NaN
0.0026489	NaN
0.0024241	NaN
0.0022122	NaN
0.0020179	NaN
0.0018441	NaN
0.0016907	NaN
0.0015574	NaN
0.0014438	NaN
0.0013497	NaN
0.0012748	NaN
0.0012187	NaN
0.0011811	NaN
0.0011612	NaN
0.001157	NaN
0.0011665	NaN
0.0011878	NaN
0.0012188	NaN
0.0012575	NaN
0.001302	NaN
0.0013501	NaN
0.0014001	NaN
0.0014504	NaN
0.0014996	NaN
0.0015463	NaN
0.001589	NaN
0.0016263	NaN
0.0016566	NaN
0.0016787	NaN
0.0016914	NaN
0.0016951	NaN
0.0016901	NaN
0.0016769	NaN
0.0016558	NaN
0.0016274	NaN
0.0015921	NaN
0.0015502	NaN
0.0015023	NaN
0.0014493	NaN
0.001392	NaN
0.0013314	NaN
0.0012683	NaN
0.0012036	NaN
0.0011383	NaN
0.0010733	NaN
0.0010092	NaN
0.00094633	NaN
0.00088469	NaN
0.00082437	NaN
0.00076542	NaN
0.00070792	NaN
0.00065194	NaN
0.00059753	NaN
0.0005448	NaN
0.00049392	NaN
0.00044514	NaN
0.00039867	NaN
0.00035474	NaN
0.00031357	NaN
0.00027538	NaN
0.0002404	NaN
0.00020879	NaN
0.00018045	NaN
0.00015519	NaN
0.00013281	NaN
0.00011312	NaN
9.5927e-05	NaN
8.1044e-05	NaN
6.8277e-05	NaN
5.7435e-05	NaN
4.8336e-05	NaN
4.0802e-05	NaN
3.4653e-05	NaN
2.9712e-05	NaN
2.58e-05	NaN
2.2738e-05	NaN
2.0348e-05	NaN
1.8462e-05	NaN
1.6993e-05	NaN
1.5887e-05	NaN
1.509e-05	NaN
1.455e-05	NaN
1.4211e-05	NaN
1.4021e-05	NaN
1.3926e-05	NaN
1.3878e-05	NaN
1.3869e-05	NaN
1.3914e-05	NaN
1.4027e-05	NaN
1.4222e-05	NaN
1.4514e-05	NaN
1.4918e-05	NaN
1.5446e-05	NaN
1.6115e-05	NaN
1.694e-05	NaN
1.794e-05	NaN
1.9133e-05	NaN
2.0536e-05	NaN
2.2169e-05	NaN
2.4049e-05	NaN
2.6194e-05	NaN
2.8619e-05	NaN
3.1295e-05	NaN
3.4162e-05	NaN
3.7161e-05	NaN
4.0234e-05	NaN
4.3321e-05	NaN
4.6362e-05	NaN
4.9299e-05	NaN
5.2071e-05	NaN
5.4618e-05	NaN
5.6875e-05	NaN
5.8778e-05	NaN
6.0263e-05	NaN
6.1266e-05	NaN
6.1724e-05	NaN
6.1573e-05	NaN
6.0753e-05	NaN
5.9304e-05	NaN
5.735e-05	NaN
5.5022e-05	NaN
5.2447e-05	NaN
4.9755e-05	NaN
4.7074e-05	NaN
4.4533e-05	NaN
4.2259e-05	NaN
4.032e-05	NaN
3.8727e-05	NaN
3.7487e-05	NaN
3.6607e-05	NaN
3.6094e-05	NaN
3.5956e-05	NaN
3.6199e-05	NaN
3.6831e-05	NaN
3.7831e-05	NaN
3.915e-05	NaN
4.0737e-05	NaN
4.254e-05	NaN
4.4507e-05	NaN
4.6586e-05	NaN
4.8726e-05	NaN
5.0875e-05	NaN
5.3005e-05	NaN
5.5116e-05	NaN
5.7211e-05	NaN
5.9293e-05	NaN
6.1365e-05	NaN
6.3429e-05	NaN
6.5489e-05	NaN
6.7548e-05	NaN
6.9639e-05	NaN
7.184e-05	NaN
7.4235e-05	NaN
7.6905e-05	NaN
7.9936e-05	NaN
8.3409e-05	NaN
8.7408e-05	NaN
9.2015e-05	NaN
9.7315e-05	NaN
0.0001034	NaN
0.00011035	NaN
0.00011826	NaN
0.00012721	NaN
0.0001373	NaN
0.00014861	NaN
0.00016123	NaN
0.0001751	NaN
0.00018986	NaN
0.0002051	NaN
0.00022042	NaN
0.0002354	NaN
0.00024965	NaN
0.00026275	NaN
0.00027431	NaN
0.00028401	NaN
0.00029181	NaN
0.0002977	NaN
0.00030168	NaN
0.00030373	NaN
0.00030385	NaN
0.00030204	NaN
0.00029827	NaN
0.00029261	NaN
0.00028528	NaN
0.00027653	NaN
0.00026663	NaN
0.00025582	NaN
0.00024437	NaN
0.00023252	NaN
0.00022055	NaN
0.00020865	NaN
0.0001969	NaN
0.0001853	NaN
0.0001739	NaN
0.00016272	NaN
0.00015178	NaN
0.00014111	NaN
0.00013073	NaN
0.00012068	NaN
0.00011099	NaN
0.00010171	NaN
9.2868e-05	NaN
8.452e-05	NaN
7.6702e-05	NaN
6.9456e-05	NaN
6.2825e-05	NaN
5.6839e-05	NaN
5.1471e-05	NaN
4.6679e-05	NaN
4.2421e-05	NaN
3.8653e-05	NaN
3.5333e-05	NaN
3.2418e-05	NaN
2.9865e-05	NaN
2.7632e-05	NaN
2.5676e-05	NaN
2.3956e-05	NaN
2.243e-05	NaN
2.1056e-05	NaN
1.9793e-05	NaN
1.8599e-05	NaN
1.7432e-05	NaN
1.6255e-05	NaN
1.5067e-05	NaN
1.3884e-05	NaN
1.2717e-05	NaN
1.1582e-05	NaN
1.0491e-05	NaN
9.4596e-06	NaN
8.5008e-06	NaN
7.6276e-06	NaN
6.8439e-06	NaN
6.1493e-06	NaN
5.5434e-06	NaN
5.0259e-06	NaN
4.5962e-06	NaN
4.254e-06	NaN
3.999e-06	NaN
3.8298e-06	NaN
3.7367e-06	NaN
3.7051e-06	NaN
3.7206e-06	NaN
3.7686e-06	NaN
3.8345e-06	NaN
3.9037e-06	NaN
3.9616e-06	NaN
3.9944e-06	NaN
3.9964e-06	NaN
3.9669e-06	NaN
3.9055e-06	NaN
3.812e-06	NaN
3.6858e-06	NaN
3.5265e-06	NaN
3.3338e-06	NaN
3.1076e-06	NaN
2.8526e-06	NaN
2.5775e-06	NaN
2.2909e-06	NaN
2.0015e-06	NaN
1.7178e-06	NaN
1.4486e-06	NaN
1.2024e-06	NaN
9.8768e-07	NaN
8.0643e-07	NaN
6.5544e-07	NaN
5.3125e-07	NaN
4.3043e-07	NaN
3.4952e-07	NaN
2.8507e-07	NaN
2.3366e-07	NaN
1.9187e-07	NaN
1.5761e-07	NaN
1.3009e-07	NaN
1.0858e-07	NaN
9.2347e-08	NaN
8.065e-08	NaN
7.276e-08	NaN
6.7942e-08	NaN
6.547e-08	NaN
6.4825e-08	NaN
6.573e-08	NaN
6.7923e-08	NaN
7.1141e-08	NaN
7.5122e-08	NaN
7.9603e-08	NaN
8.4323e-08	NaN
8.9018e-08	NaN
9.3452e-08	NaN
9.7422e-08	NaN
1.0073e-07	NaN
1.0317e-07	NaN
1.0454e-07	NaN
1.0464e-07	NaN
1.0328e-07	NaN
1.0025e-07	NaN
9.5543e-08	NaN
8.9439e-08	NaN
8.2241e-08	NaN
7.4257e-08	NaN
6.579e-08	NaN
5.7147e-08	NaN
4.8631e-08	NaN
4.0549e-08	NaN
3.3236e-08	NaN
2.7082e-08	NaN
2.2484e-08	NaN
1.9837e-08	NaN
1.9537e-08	NaN
2.1981e-08	NaN
2.7563e-08	NaN
3.668e-08	NaN
4.9519e-08	NaN
6.5838e-08	NaN
8.5336e-08	NaN
1.0772e-07	NaN
1.3268e-07	NaN
1.5992e-07	NaN
1.8915e-07	NaN
2.2006e-07	NaN
2.521e-07	NaN
2.8406e-07	NaN
3.1466e-07	NaN
3.4258e-07	NaN
3.6655e-07	NaN
3.8525e-07	NaN
3.974e-07	NaN
4.0171e-07	NaN
3.9744e-07	NaN
3.8553e-07	NaN
3.6722e-07	NaN
3.4374e-07	NaN
3.1631e-07	NaN
2.8616e-07	NaN
2.5454e-07	NaN
2.2266e-07	NaN
1.9176e-07	NaN
1.6306e-07	NaN
1.3781e-07	NaN
1.1723e-07	NaN
1.0255e-07	NaN
9.5e-08	NaN
9.5813e-08	NaN
1.0622e-07	NaN
2.6613e-07	NaN
3.1075e-07	NaN
3.4641e-07	NaN
