5.1238e-08	NaN
6.0114e-08	NaN
7.6964e-08	NaN
1.0027e-07	NaN
1.285e-07	NaN
1.6015e-07	NaN
1.9368e-07	NaN
2.2757e-07	NaN
2.6031e-07	NaN
2.9037e-07	NaN
3.1623e-07	NaN
3.3637e-07	NaN
3.4926e-07	NaN
3.5338e-07	NaN
3.4722e-07	NaN
3.2979e-07	NaN
3.0316e-07	NaN
2.7046e-07	NaN
2.3482e-07	NaN
1.9936e-07	NaN
1.6722e-07	NaN
1.415e-07	NaN
1.2535e-07	NaN
1.2151e-07	NaN
1.3018e-07	NaN
1.5052e-07	NaN
1.8171e-07	NaN
2.2292e-07	NaN
2.7332e-07	NaN
3.3206e-07	NaN
3.9833e-07	NaN
4.7107e-07	NaN
5.4763e-07	NaN
6.2457e-07	NaN
6.9843e-07	NaN
7.6576e-07	NaN
8.2314e-07	NaN
8.671e-07	NaN
8.942e-07	NaN
9.0137e-07	NaN
8.8918e-07	NaN
8.6018e-07	NaN
8.1694e-07	NaN
7.6204e-07	NaN
6.9805e-07	NaN
6.2756e-07	NaN
5.5313e-07	NaN
4.7729e-07	NaN
4.0198e-07	NaN
3.2875e-07	NaN
2.5916e-07	NaN
1.9476e-07	NaN
1.3709e-07	NaN
8.7723e-08	NaN
4.8195e-08	NaN
1.9923e-08	NaN
2.3694e-09	NaN
6.4535e-09	NaN
8.5668e-09	NaN
5.9918e-09	NaN
7.497e-10	NaN
5.1382e-09	NaN
9.6506e-09	NaN
1.0867e-08	NaN
8.6428e-09	NaN
4.3582e-09	NaN
5.5854e-10	NaN
4.6788e-09	NaN
6.574e-09	NaN
4.8156e-09	NaN
2.0252e-09	NaN
1.5349e-08	NaN
3.5925e-08	NaN
6.3897e-08	NaN
9.9383e-08	NaN
1.425e-07	NaN
1.9337e-07	NaN
2.521e-07	NaN
3.1882e-07	NaN
3.9363e-07	NaN
4.7649e-07	NaN
5.6717e-07	NaN
6.6542e-07	NaN
7.71e-07	NaN
8.8367e-07	NaN
1.0032e-06	NaN
1.1293e-06	NaN
1.2618e-06	NaN
1.4021e-06	NaN
1.5535e-06	NaN
1.7197e-06	NaN
1.904e-06	NaN
2.1102e-06	NaN
2.3417e-06	NaN
2.6021e-06	NaN
2.8948e-06	NaN
3.2204e-06	NaN
3.5748e-06	NaN
3.9533e-06	NaN
4.3516e-06	NaN
4.765e-06	NaN
5.1891e-06	NaN
5.6194e-06	NaN
6.0513e-06	NaN
6.4845e-06	NaN
6.9255e-06	NaN
7.3816e-06	NaN
7.8603e-06	NaN
8.3688e-06	NaN
8.9144e-06	NaN
9.5045e-06	NaN
1.0146e-05	NaN
1.0854e-05	NaN
1.1654e-05	NaN
1.2574e-05	NaN
1.3643e-05	NaN
1.489e-05	NaN
1.6341e-05	NaN
1.8027e-05	NaN
1.9974e-05	NaN
2.2212e-05	NaN
2.4768e-05	NaN
2.767e-05	NaN
3.0946e-05	NaN
3.4625e-05	NaN
3.8734e-05	NaN
4.3301e-05	NaN
4.8354e-05	NaN
5.3926e-05	NaN
6.0065e-05	NaN
6.682e-05	NaN
7.424e-05	NaN
8.2376e-05	NaN
9.1277e-05	NaN
0.00010099	NaN
0.00011157	NaN
0.00012304	NaN
0.00013538	NaN
0.00014853	NaN
0.00016244	NaN
0.00017707	NaN
0.00019237	NaN
0.0002083	NaN
0.0002248	NaN
0.00024181	NaN
0.00025916	NaN
0.00027664	NaN
0.00029407	NaN
0.00031126	NaN
0.000328	NaN
0.00034412	NaN
0.0003594	NaN
0.00037369	NaN
0.00038692	NaN
0.00039909	NaN
0.00041016	NaN
0.00042012	NaN
0.00042894	NaN
0.00043661	NaN
0.00044309	NaN
0.0004484	NaN
0.00045261	NaN
0.00045584	NaN
0.00045821	NaN
0.00045984	NaN
0.00046085	NaN
0.00046135	NaN
0.00046146	NaN
0.00046129	NaN
0.00046087	NaN
0.00046021	NaN
0.00045931	NaN
0.00045818	NaN
0.00045683	NaN
0.00045526	NaN
0.00045347	NaN
0.00045148	NaN
0.00044935	NaN
0.00044713	NaN
0.00044491	NaN
0.00044277	NaN
0.00044076	NaN
0.00043897	NaN
0.00043747	NaN
0.00043632	NaN
0.00043542	NaN
0.00043461	NaN
0.00043373	NaN
0.00043261	NaN
0.00043107	NaN
0.00042896	NaN
0.00042611	NaN
0.00042234	NaN
0.00041755	NaN
0.00041165	NaN
0.00040453	NaN
0.00039611	NaN
0.0003863	NaN
0.00037501	NaN
0.00036214	NaN
0.00034763	NaN
0.00033161	NaN
0.00031438	NaN
0.00029626	NaN
0.00027753	NaN
0.00025852	NaN
0.00023952	NaN
0.00022083	NaN
0.00020276	NaN
0.00018547	NaN
0.00016899	NaN
0.00015338	NaN
0.00013867	NaN
0.00012491	NaN
0.00011215	NaN
0.00010041	NaN
8.9756e-05	NaN
8.0182e-05	NaN
7.1669e-05	NaN
6.4193e-05	NaN
5.7731e-05	NaN
5.2259e-05	NaN
4.7753e-05	NaN
4.4189e-05	NaN
4.1543e-05	NaN
3.9746e-05	NaN
3.8683e-05	NaN
3.8239e-05	NaN
3.8295e-05	NaN
3.8734e-05	NaN
3.9439e-05	NaN
4.0292e-05	NaN
4.1177e-05	NaN
4.1999e-05	NaN
4.2687e-05	NaN
4.3174e-05	NaN
4.3393e-05	NaN
4.3276e-05	NaN
4.2756e-05	NaN
4.1766e-05	NaN
4.0239e-05	NaN
3.818e-05	NaN
3.5703e-05	NaN
3.293e-05	NaN
2.9981e-05	NaN
2.6979e-05	NaN
2.4045e-05	NaN
2.13e-05	NaN
1.8867e-05	NaN
1.6836e-05	NaN
1.5252e-05	NaN
1.415e-05	NaN
1.357e-05	NaN
1.3547e-05	NaN
1.412e-05	NaN
1.5325e-05	NaN
1.7201e-05	NaN
1.9738e-05	NaN
2.2842e-05	NaN
2.6405e-05	NaN
3.0318e-05	NaN
3.4474e-05	NaN
3.8767e-05	NaN
4.3088e-05	NaN
4.7331e-05	NaN
5.1419e-05	NaN
5.5356e-05	NaN
5.9154e-05	NaN
6.2825e-05	NaN
6.6383e-05	NaN
6.9839e-05	NaN
7.3208e-05	NaN
7.6501e-05	NaN
7.9728e-05	NaN
8.2883e-05	NaN
8.5961e-05	NaN
8.8956e-05	NaN
9.1862e-05	NaN
9.4672e-05	NaN
9.738e-05	NaN
9.9981e-05	NaN
0.00010256	NaN
0.00010549	NaN
0.0001092	NaN
0.00011414	NaN
0.00012074	NaN
0.00012943	NaN
0.00014065	NaN
0.00015484	NaN
0.0001725	NaN
0.00019445	NaN
0.00022157	NaN
0.00025475	NaN
0.00029487	NaN
0.00034281	NaN
0.00039945	NaN
0.00046568	NaN
0.00054238	NaN
0.0006304	NaN
0.00073058	NaN
0.00084378	NaN
0.00097083	NaN
0.0011126	NaN
0.0012699	NaN
0.0014436	NaN
0.0016345	NaN
0.0018427	NaN
0.0020683	NaN
0.0023112	NaN
0.0025717	NaN
0.0028495	NaN
0.0031449	NaN
0.0034578	NaN
0.003788	NaN
0.0041342	NaN
0.0044944	NaN
0.0048667	NaN
0.0052492	NaN
0.0056399	NaN
0.0060371	NaN
0.0064388	NaN
0.0068429	NaN
0.0072472	NaN
0.0076491	NaN
0.0080459	NaN
0.0084351	NaN
0.0088141	NaN
0.0091803	NaN
0.0095311	NaN
0.0098642	NaN
0.010179	NaN
0.010477	NaN
0.010758	NaN
0.011023	NaN
0.011273	NaN
0.011509	NaN
0.01173	NaN
0.011939	NaN
0.012135	NaN
0.01232	NaN
0.012493	NaN
0.012656	NaN
0.012808	NaN
0.012951	NaN
0.013086	NaN
0.013211	NaN
0.013327	NaN
0.013431	NaN
0.01352	NaN
0.013592	NaN
0.013644	NaN
0.013674	NaN
0.013679	NaN
0.013656	NaN
0.013605	NaN
0.013525	NaN
0.013415	NaN
0.013274	NaN
0.013103	NaN
0.0129	NaN
0.012666	NaN
0.012399	NaN
0.012101	NaN
0.011775	NaN
0.011424	NaN
0.011049	NaN
0.010655	NaN
0.010244	NaN
0.0098188	NaN
0.0093821	NaN
0.008937	NaN
0.0084869	NaN
0.008035	NaN
0.0075847	NaN
0.0071393	NaN
0.0067019	NaN
0.0062761	NaN
0.0058649	NaN
0.0054706	NaN
0.0050942	NaN
0.0047364	NaN
0.004398	NaN
0.0040798	NaN
0.0037827	NaN
0.0035074	NaN
0.0032547	NaN
0.0030251	NaN
0.0028185	NaN
0.0026346	NaN
0.0024734	NaN
0.0023346	NaN
0.0022181	NaN
0.0021238	NaN
0.0020514	NaN
0.0020009	NaN
0.0019719	NaN
0.0019643	NaN
0.0019777	NaN
0.002012	NaN
0.0020669	NaN
0.0021422	NaN
0.0022376	NaN
0.0023518	NaN
0.0024814	NaN
0.0026225	NaN
0.0027715	NaN
0.0029245	NaN
0.003078	NaN
0.0032281	NaN
0.0033711	NaN
0.0035039	NaN
0.0036251	NaN
0.0037333	NaN
0.0038272	NaN
0.0039056	NaN
0.0039671	NaN
0.0040105	NaN
0.0040344	NaN
0.004038	NaN
0.0040218	NaN
0.0039863	NaN
0.0039323	NaN
0.0038603	NaN
0.003771	NaN
0.0036649	NaN
0.0035429	NaN
0.0034059	NaN
0.0032569	NaN
0.003099	NaN
0.0029354	NaN
0.0027692	NaN
0.0026036	NaN
0.0024419	NaN
0.002287	NaN
0.0021428	NaN
0.0020142	NaN
0.001907	NaN
0.0018267	NaN
0.0017787	NaN
0.0017689	NaN
0.0018025	NaN
0.0018854	NaN
0.0020256	NaN
0.0022432	NaN
0.0025615	NaN
0.0030037	NaN
0.003593	NaN
0.0043528	NaN
0.0053062	NaN
0.0064765	NaN
0.0078896	NaN
0.009585	NaN
0.011607	NaN
0.013998	NaN
0.016804	NaN
0.020068	NaN
0.023834	NaN
0.028146	NaN
0.033046	NaN
0.038568	NaN
0.044742	NaN
0.051598	NaN
0.059166	NaN
0.067475	NaN
0.076556	NaN
0.08644	NaN
0.097153	NaN
0.10871	-0.63734
0.12111	-0.63663
0.13436	-0.63413
0.14847	-0.62993
0.16343	-0.6241
0.17926	-0.61673
0.19596	-0.6079
0.21354	-0.59769
0.23199	-0.58618
0.25132	-0.57344
0.27153	-0.55954
0.29263	-0.54458
0.31461	-0.52861
0.33749	-0.51172
0.36126	-0.49398
0.38592	-0.47547
0.41142	-0.45627
0.4377	-0.43648
0.46468	-0.4162
0.49228	-0.39551
0.52044	-0.37451
0.54909	-0.35329
0.57814	-0.33194
0.60752	-0.31056
0.63708	-0.28922
0.66662	-0.26801
0.69594	-0.24699
0.72483	-0.22624
0.75308	-0.20583
0.78051	-0.18583
0.80689	-0.16633
0.83205	-0.14738
0.85582	-0.1291
0.87812	-0.11158
0.89885	-0.094936
0.91791	-0.079281
0.93521	-0.064723
0.95065	-0.051373
0.96414	-0.03934
0.97558	-0.028733
0.98491	-0.019645
0.99206	-0.012152
0.99699	-0.0063293
0.99966	-0.0022535
1	0
0.99798	0.00035543
0.99353	-0.001263
0.98663	-0.0049296
0.97735	-0.010683
0.96591	-0.018525
0.95254	-0.028453
0.93747	-0.040466
0.92093	-0.054564
0.90314	-0.070744
0.88434	-0.089006
0.86476	-0.10935
0.84456	-0.13168
0.82389	-0.15584
0.80284	-0.18163
0.78155	-0.20886
0.76013	-0.23737
0.7387	-0.26695
0.71739	-0.29742
0.69629	-0.32862
0.67544	-0.36068
0.65468	-0.39421
0.63387	-0.42988
0.61286	-0.46832
0.59149	-0.51018
0.5696	-0.55613
0.54706	-0.6068
0.52371	-0.66284
0.49949	-0.72379
0.47454	-0.78741
0.449	-0.85129
0.42299	-0.91302
0.39667	-0.97018
0.37017	-1.0204
0.34363	-1.0612
0.31718	-1.0902
0.291	-1.1088
0.26531	-1.1255
0.24035	-1.1498
0.21633	-1.191
0.19349	-1.2585
0.17205	-1.3618
0.15226	-1.5101
0.13434	-1.7129
0.11841	-1.9672
0.10441	-2.2425
0.092202	NaN
0.081684	NaN
0.072738	NaN
0.065251	NaN
0.059108	NaN
0.054194	NaN
0.050395	NaN
0.047598	NaN
0.045687	NaN
0.044548	NaN
0.044069	NaN
0.044134	NaN
0.044629	NaN
0.045441	NaN
0.046472	NaN
0.047674	NaN
0.049009	NaN
0.050439	NaN
0.051926	NaN
0.053433	NaN
0.054921	NaN
0.056353	NaN
0.057692	NaN
0.058905	NaN
0.059962	NaN
0.060832	NaN
0.061483	NaN
0.061885	NaN
0.062007	NaN
0.061818	NaN
0.061296	NaN
0.060461	NaN
0.059346	NaN
0.057981	NaN
0.056397	NaN
0.054628	NaN
0.052703	NaN
0.050654	NaN
0.048512	NaN
0.046301	NaN
0.044046	NaN
0.041769	NaN
0.039493	NaN
0.037242	NaN
0.03504	NaN
0.032909	NaN
0.030871	NaN
0.028932	NaN
0.027094	NaN
0.02536	NaN
0.023732	NaN
0.02221	NaN
0.020797	NaN
0.019495	NaN
0.018305	NaN
0.01722	NaN
0.016233	NaN
0.015334	NaN
0.014514	NaN
0.013764	NaN
0.013077	NaN
0.012442	NaN
0.011852	NaN
0.0113	NaN
0.010782	NaN
0.010295	NaN
0.0098329	NaN
0.0093923	NaN
0.0089688	NaN
0.008558	NaN
0.0081557	NaN
0.0077603	NaN
0.0073713	NaN
0.0069883	NaN
0.0066108	NaN
0.0062385	NaN
0.0058709	NaN
0.0055077	NaN
0.0051484	NaN
0.0047936	NaN
0.0044443	NaN
0.0041016	NaN
0.0037664	NaN
0.0034398	NaN
0.0031229	NaN
0.0028168	NaN
0.0025224	NaN
0.0022408	NaN
0.0019732	NaN
0.0017207	NaN
0.0014843	NaN
0.0012653	NaN
0.0010647	NaN
0.0008837	NaN
0.00072327	NaN
0.00058328	NaN
0.00046246	NaN
0.00035949	NaN
0.00027305	NaN
0.00020183	NaN
0.0001445	NaN
9.9767e-05	NaN
6.6307e-05	NaN
4.299e-05	NaN
2.8873e-05	NaN
2.3019e-05	NaN
2.4492e-05	NaN
3.2357e-05	NaN
4.5678e-05	NaN
6.3518e-05	NaN
8.4942e-05	NaN
0.00010899	NaN
0.0001347	NaN
0.00016108	NaN
0.00018715	NaN
0.00021194	NaN
0.00023448	NaN
0.00025377	NaN
0.00026886	NaN
0.00027925	NaN
0.00028512	NaN
0.00028668	NaN
0.00028416	NaN
0.00027778	NaN
0.00026777	NaN
0.00025435	NaN
0.00023774	NaN
0.00021841	NaN
0.00019716	NaN
0.00017487	NaN
0.00015239	NaN
0.00013057	NaN
0.00011029	NaN
9.2385e-05	NaN
7.7726e-05	NaN
6.6828e-05	NaN
5.9578e-05	NaN
5.579e-05	NaN
5.5279e-05	NaN
5.7861e-05	NaN
6.3352e-05	NaN
7.1565e-05	NaN
8.2318e-05	NaN
9.5516e-05	NaN
0.00011127	NaN
0.0001297	NaN
0.00015096	NaN
0.00017518	NaN
0.00020248	NaN
0.000233	NaN
0.00026688	NaN
0.00030424	NaN
0.00034518	NaN
0.00038979	NaN
0.00043817	NaN
0.0004904	NaN
0.0005466	NaN
0.00060684	NaN
0.00067122	NaN
0.00073967	NaN
0.00081157	NaN
0.00088623	NaN
0.00096293	NaN
0.001041	NaN
0.0011197	NaN
0.0011983	NaN
0.0012762	NaN
0.0013525	NaN
0.0014265	NaN
0.0014973	NaN
0.001564	NaN
0.0016257	NaN
0.0016815	NaN
0.0017306	NaN
0.0017721	NaN
0.0018054	NaN
0.0018311	NaN
0.0018502	NaN
0.0018636	NaN
0.0018722	NaN
0.0018771	NaN
0.0018791	NaN
0.0018792	NaN
0.0018784	NaN
0.0018776	NaN
0.0018779	NaN
0.0018802	NaN
0.0018857	NaN
0.0018953	NaN
0.00191	NaN
0.0019308	NaN
0.0019587	NaN
0.0019935	NaN
0.0020346	NaN
0.0020817	NaN
0.0021343	NaN
0.0021919	NaN
0.0022539	NaN
0.0023201	NaN
0.0023897	NaN
0.002462	NaN
0.0025359	NaN
0.0026103	NaN
0.0026841	NaN
0.0027565	NaN
0.0028262	NaN
0.0028922	NaN
0.0029536	NaN
0.0030096	NaN
0.0030598	NaN
0.0031036	NaN
0.0031405	NaN
0.0031701	NaN
0.0031918	NaN
0.0032051	NaN
0.0032096	NaN
0.0032053	NaN
0.0031928	NaN
0.0031724	NaN
0.0031446	NaN
0.0031099	NaN
0.0030687	NaN
0.0030215	NaN
0.0029686	NaN
0.0029104	NaN
0.0028474	NaN
0.0027797	NaN
0.0027077	NaN
0.0026318	NaN
0.0025523	NaN
0.0024694	NaN
0.0023836	NaN
0.0022953	NaN
0.0022055	NaN
0.0021149	NaN
0.0020242	NaN
0.0019344	NaN
0.0018461	NaN
0.0017601	NaN
0.0016774	NaN
0.0015982	NaN
0.0015229	NaN
0.0014518	NaN
0.001385	NaN
0.0013229	NaN
0.0012655	NaN
0.0012133	NaN
0.0011664	NaN
0.0011248	NaN
0.0010881	NaN
0.0010561	NaN
0.0010284	NaN
0.0010048	NaN
0.00098483	NaN
0.00096826	NaN
0.00095475	NaN
0.00094384	NaN
0.00093494	NaN
0.00092741	NaN
0.00092066	NaN
0.00091406	NaN
0.00090699	NaN
0.00089884	NaN
0.00088901	NaN
0.00087709	NaN
0.00086303	NaN
0.00084675	NaN
0.00082821	NaN
0.00080736	NaN
0.00078413	NaN
0.00075847	NaN
0.00073033	NaN
0.0006998	NaN
0.00066723	NaN
0.00063297	NaN
0.00059736	NaN
0.00056078	NaN
0.00052358	NaN
0.0004861	NaN
0.00044872	NaN
0.00041174	NaN
0.00037542	NaN
0.00033998	NaN
0.00030567	NaN
0.00027273	NaN
0.0002414	NaN
0.0002119	NaN
0.00018449	NaN
0.00015931	NaN
0.00013638	NaN
0.00011566	NaN
9.7132e-05	NaN
8.0767e-05	NaN
6.6544e-05	NaN
5.4438e-05	NaN
4.4424e-05	NaN
3.6433e-05	NaN
3.0285e-05	NaN
2.5783e-05	NaN
2.2729e-05	NaN
2.0925e-05	NaN
2.0173e-05	NaN
2.0276e-05	NaN
2.1035e-05	NaN
2.2271e-05	NaN
2.3851e-05	NaN
2.5651e-05	NaN
2.7549e-05	NaN
2.9422e-05	NaN
3.1146e-05	NaN
3.2598e-05	NaN
3.3655e-05	NaN
3.4225e-05	NaN
3.4325e-05	NaN
3.3994e-05	NaN
3.3271e-05	NaN
3.2197e-05	NaN
3.0812e-05	NaN
2.9154e-05	NaN
2.7265e-05	NaN
2.5184e-05	NaN
2.2959e-05	NaN
2.0637e-05	NaN
1.8268e-05	NaN
1.5898e-05	NaN
1.3575e-05	NaN
1.1349e-05	NaN
9.2675e-06	NaN
7.3725e-06	NaN
5.6828e-06	NaN
4.2087e-06	NaN
2.9611e-06	NaN
1.9505e-06	NaN
1.1876e-06	NaN
6.8284e-07	NaN
4.4698e-07	NaN
4.8343e-07	NaN
7.5454e-07	NaN
1.2081e-06	NaN
1.7919e-06	NaN
2.4538e-06	NaN
3.1414e-06	NaN
3.8026e-06	NaN
4.3851e-06	NaN
4.8426e-06	NaN
5.1678e-06	NaN
5.3698e-06	NaN
5.4578e-06	NaN
5.4409e-06	NaN
5.3284e-06	NaN
5.1293e-06	NaN
4.8529e-06	NaN
4.5089e-06	NaN
4.1112e-06	NaN
3.6759e-06	NaN
3.2191e-06	NaN
2.7569e-06	NaN
2.3054e-06	NaN
1.8807e-06	NaN
1.4988e-06	NaN
1.1745e-06	NaN
9.0885e-07	NaN
6.9528e-07	NaN
5.2714e-07	NaN
3.9776e-07	NaN
3.005e-07	NaN
2.287e-07	NaN
1.757e-07	NaN
1.351e-07	NaN
1.0354e-07	NaN
7.967e-08	NaN
6.2163e-08	NaN
4.9691e-08	NaN
4.093e-08	NaN
3.4554e-08	NaN
2.9239e-08	NaN
2.3746e-08	NaN
1.8132e-08	NaN
1.3433e-08	NaN
1.0706e-08	NaN
1.1012e-08	NaN
1.5408e-08	NaN
2.4956e-08	NaN
4.0712e-08	NaN
6.3686e-08	NaN
9.393e-08	NaN
1.3067e-07	NaN
1.7309e-07	NaN
2.2039e-07	NaN
2.7177e-07	NaN
3.2641e-07	NaN
3.8351e-07	NaN
4.4223e-07	NaN
5.0085e-07	NaN
5.5676e-07	NaN
6.0735e-07	NaN
6.4996e-07	NaN
6.8197e-07	NaN
7.0073e-07	NaN
7.036e-07	NaN
6.8806e-07	NaN
6.543e-07	NaN
6.058e-07	NaN
5.4619e-07	NaN
4.7911e-07	NaN
4.082e-07	NaN
3.371e-07	NaN
2.6944e-07	NaN
2.0884e-07	NaN
1.572e-07	NaN
1.1417e-07	NaN
7.9265e-08	NaN
5.1963e-08	NaN
3.1761e-08	NaN
1.8152e-08	NaN
1.063e-08	NaN
8.6835e-09	NaN
1.1525e-08	NaN
1.7932e-08	NaN
2.6646e-08	NaN
3.6409e-08	NaN
4.5961e-08	NaN
5.4044e-08	NaN
5.9398e-08	NaN
6.0772e-08	NaN
5.771e-08	NaN
5.1189e-08	NaN
4.2339e-08	NaN
3.2288e-08	NaN
2.2165e-08	NaN
1.3101e-08	NaN
6.2244e-09	NaN
2.6607e-09	NaN
2.9357e-09	NaN
6.3113e-09	NaN
1.1889e-08	NaN
1.8772e-08	NaN
2.606e-08	NaN
3.2856e-08	NaN
3.8261e-08	NaN
4.1379e-08	NaN
4.1704e-08	NaN
3.9693e-08	NaN
3.5949e-08	NaN
3.1076e-08	NaN
2.5677e-08	NaN
2.0354e-08	NaN
1.5711e-08	NaN
1.2351e-08	NaN
1.0689e-08	NaN
1.0604e-08	NaN
1.1877e-08	NaN
1.429e-08	NaN
1.7625e-08	NaN
2.1662e-08	NaN
2.6184e-08	NaN
3.0971e-08	NaN
3.5806e-08	NaN
4.047e-08	NaN
4.4744e-08	NaN
4.841e-08	NaN
5.1249e-08	NaN
5.3043e-08	NaN
5.3574e-08	NaN
5.2623e-08	NaN
6.35e-08	NaN
5.186e-08	NaN
