3.7108e-09	NaN
1.773e-11	NaN
6.7333e-09	NaN
7.9174e-09	NaN
1.1847e-08	NaN
1.496e-08	NaN
1.7309e-08	NaN
1.895e-08	NaN
1.9935e-08	NaN
2.0318e-08	NaN
2.0153e-08	NaN
1.9495e-08	NaN
1.8396e-08	NaN
1.691e-08	NaN
1.5092e-08	NaN
1.2995e-08	NaN
1.0673e-08	NaN
8.1801e-09	NaN
5.5694e-09	NaN
2.895e-09	NaN
2.4716e-10	NaN
2.0805e-09	NaN
3.7238e-09	NaN
4.3186e-09	NaN
3.5008e-09	NaN
9.0613e-10	NaN
3.8296e-09	NaN
1.1071e-08	NaN
2.116e-08	NaN
3.4302e-08	NaN
5.0646e-08	NaN
7.0338e-08	NaN
9.3528e-08	NaN
1.2036e-07	NaN
1.5099e-07	NaN
1.8556e-07	NaN
2.2409e-07	NaN
2.6563e-07	NaN
3.0876e-07	NaN
3.5206e-07	NaN
3.941e-07	NaN
4.3346e-07	NaN
4.6873e-07	NaN
4.9846e-07	NaN
5.2145e-07	NaN
5.3842e-07	NaN
5.5113e-07	NaN
5.6137e-07	NaN
5.7095e-07	NaN
5.8165e-07	NaN
5.9525e-07	NaN
6.1356e-07	NaN
6.382e-07	NaN
6.6915e-07	NaN
7.0525e-07	NaN
7.4536e-07	NaN
7.8833e-07	NaN
8.3301e-07	NaN
8.7825e-07	NaN
9.2289e-07	NaN
9.658e-07	NaN
1.0062e-06	NaN
1.0436e-06	NaN
1.0775e-06	NaN
1.1073e-06	NaN
1.1325e-06	NaN
1.1527e-06	NaN
1.1673e-06	NaN
1.1758e-06	NaN
1.1783e-06	NaN
1.1755e-06	NaN
1.1679e-06	NaN
1.1562e-06	NaN
1.141e-06	NaN
1.1229e-06	NaN
1.1026e-06	NaN
1.0807e-06	NaN
1.0565e-06	NaN
1.0285e-06	NaN
9.9512e-07	NaN
9.5462e-07	NaN
9.0537e-07	NaN
8.4573e-07	NaN
7.7404e-07	NaN
6.8877e-07	NaN
5.9174e-07	NaN
4.8862e-07	NaN
3.8527e-07	NaN
2.8758e-07	NaN
2.0141e-07	NaN
1.3265e-07	NaN
8.7161e-08	NaN
7.0801e-08	NaN
8.8523e-08	NaN
1.441e-07	NaN
2.4121e-07	NaN
3.8354e-07	NaN
5.7479e-07	NaN
8.1864e-07	NaN
1.1188e-06	NaN
1.4789e-06	NaN
1.9017e-06	NaN
2.3889e-06	NaN
2.9417e-06	NaN
3.5615e-06	NaN
4.2498e-06	NaN
5.0079e-06	NaN
5.8372e-06	NaN
6.7392e-06	NaN
7.7222e-06	NaN
8.807e-06	NaN
1.0015e-05	NaN
1.1369e-05	NaN
1.2891e-05	NaN
1.4602e-05	NaN
1.6524e-05	NaN
1.8679e-05	NaN
2.1082e-05	NaN
2.3733e-05	NaN
2.6631e-05	NaN
2.9772e-05	NaN
3.3157e-05	NaN
3.6783e-05	NaN
4.0648e-05	NaN
4.4751e-05	NaN
4.9085e-05	NaN
5.3633e-05	NaN
5.8377e-05	NaN
6.3298e-05	NaN
6.8378e-05	NaN
7.3597e-05	NaN
7.8937e-05	NaN
8.438e-05	NaN
8.9922e-05	NaN
9.5606e-05	NaN
0.00010148	NaN
0.0001076	NaN
0.000114	NaN
0.00012074	NaN
0.00012788	NaN
0.00013545	NaN
0.00014351	NaN
0.00015213	NaN
0.0001614	NaN
0.00017137	NaN
0.00018213	NaN
0.00019376	NaN
0.00020632	NaN
0.00021989	NaN
0.00023452	NaN
0.00025023	NaN
0.00026699	NaN
0.00028478	NaN
0.0003036	NaN
0.00032342	NaN
0.00034423	NaN
0.00036601	NaN
0.00038873	NaN
0.00041221	NaN
0.00043625	NaN
0.00046065	NaN
0.00048522	NaN
0.00050974	NaN
0.00053402	NaN
0.00055786	NaN
0.00058104	NaN
0.00060339	NaN
0.0006247	NaN
0.00064478	NaN
0.00066343	NaN
0.00068046	NaN
0.00069568	NaN
0.00070889	NaN
0.00071992	NaN
0.0007287	NaN
0.00073521	NaN
0.00073946	NaN
0.00074141	NaN
0.00074105	NaN
0.00073837	NaN
0.00073336	NaN
0.000726	NaN
0.00071638	NaN
0.00070462	NaN
0.00069084	NaN
0.00067515	NaN
0.00065767	NaN
0.00063852	NaN
0.00061782	NaN
0.0005957	NaN
0.00057229	NaN
0.00054777	NaN
0.00052231	NaN
0.00049606	NaN
0.00046921	NaN
0.00044191	NaN
0.00041433	NaN
0.00038664	NaN
0.00035912	NaN
0.00033206	NaN
0.00030579	NaN
0.00028063	NaN
0.00025689	NaN
0.00023488	NaN
0.00021493	NaN
0.00019733	NaN
0.00018213	NaN
0.00016921	NaN
0.00015843	NaN
0.00014966	NaN
0.00014277	NaN
0.00013762	NaN
0.0001341	NaN
0.00013205	NaN
0.00013125	NaN
0.00013138	NaN
0.00013215	NaN
0.00013324	NaN
0.00013434	NaN
0.00013514	NaN
0.00013533	NaN
0.0001346	NaN
0.00013288	NaN
0.00013028	NaN
0.00012694	NaN
0.000123	NaN
0.00011858	NaN
0.00011381	NaN
0.00010883	NaN
0.00010377	NaN
9.8722e-05	NaN
9.3737e-05	NaN
8.8865e-05	NaN
8.4154e-05	NaN
7.9654e-05	NaN
7.5415e-05	NaN
7.1484e-05	NaN
6.7911e-05	NaN
6.4709e-05	NaN
6.1846e-05	NaN
5.9287e-05	NaN
5.6999e-05	NaN
5.4945e-05	NaN
5.3092e-05	NaN
5.1404e-05	NaN
4.9848e-05	NaN
4.8403e-05	NaN
4.7068e-05	NaN
4.5846e-05	NaN
4.4738e-05	NaN
4.3747e-05	NaN
4.2874e-05	NaN
4.2121e-05	NaN
4.149e-05	NaN
4.0998e-05	NaN
4.0687e-05	NaN
4.0604e-05	NaN
4.0793e-05	NaN
4.1299e-05	NaN
4.2169e-05	NaN
4.3448e-05	NaN
4.518e-05	NaN
4.7449e-05	NaN
5.0408e-05	NaN
5.422e-05	NaN
5.905e-05	NaN
6.5059e-05	NaN
7.2412e-05	NaN
8.1272e-05	NaN
9.1802e-05	NaN
0.00010407	NaN
0.00011791	NaN
0.00013314	NaN
0.00014957	NaN
0.00016701	NaN
0.00018525	NaN
0.00020413	NaN
0.00022343	NaN
0.00024302	NaN
0.00026283	NaN
0.00028284	NaN
0.00030301	NaN
0.0003233	NaN
0.00034369	NaN
0.00036413	NaN
0.0003846	NaN
0.00040508	NaN
0.0004256	NaN
0.00044623	NaN
0.00046702	NaN
0.00048801	NaN
0.00050927	NaN
0.00053085	NaN
0.00055279	NaN
0.00057502	NaN
0.00059696	NaN
0.0006179	NaN
0.00063714	NaN
0.00065397	NaN
0.00066768	NaN
0.00067758	NaN
0.00068296	NaN
0.00068326	NaN
0.00067863	NaN
0.00066938	NaN
0.00065586	NaN
0.0006384	NaN
0.00061731	NaN
0.00059294	NaN
0.00056562	NaN
0.00053569	NaN
0.00050371	NaN
0.00047024	NaN
0.00043588	NaN
0.00040121	NaN
0.00036682	NaN
0.00033329	NaN
0.00030121	NaN
0.00027115	NaN
0.0002436	NaN
0.00021901	NaN
0.00019785	NaN
0.00018058	NaN
0.00016764	NaN
0.0001595	NaN
0.00015661	NaN
0.00015936	NaN
0.00016757	NaN
0.00018081	NaN
0.00019864	NaN
0.00022063	NaN
0.00024635	NaN
0.00027537	NaN
0.00030725	NaN
0.00034152	NaN
0.00037735	NaN
0.00041374	NaN
0.00044965	NaN
0.00048408	NaN
0.00051602	NaN
0.00054443	NaN
0.00056831	NaN
0.00058672	NaN
0.00059957	NaN
0.00060729	NaN
0.00061032	NaN
0.0006091	NaN
0.00060407	NaN
0.00059567	NaN
0.00058434	NaN
0.00057052	NaN
0.00055462	NaN
0.00053704	NaN
0.00051818	NaN
0.00049844	NaN
0.00047821	NaN
0.0004579	NaN
0.00043791	NaN
0.00041861	NaN
0.00040011	NaN
0.00038226	NaN
0.00036493	NaN
0.00034796	NaN
0.00033123	NaN
0.00031458	NaN
0.00029788	NaN
0.00028097	NaN
0.00026381	NaN
0.00024641	NaN
0.0002288	NaN
0.00021098	NaN
0.00019299	NaN
0.00017483	NaN
0.00015654	NaN
0.00013814	NaN
0.00011979	NaN
0.00010178	NaN
8.4429e-05	NaN
6.805e-05	NaN
5.295e-05	NaN
3.9441e-05	NaN
2.7833e-05	NaN
1.8432e-05	NaN
1.1374e-05	NaN
6.5781e-06	NaN
3.952e-06	NaN
3.4015e-06	NaN
4.8332e-06	NaN
8.1534e-06	NaN
1.3268e-05	NaN
2.0087e-05	NaN
2.8617e-05	NaN
3.9019e-05	NaN
5.1459e-05	NaN
6.6109e-05	NaN
8.3138e-05	NaN
0.00010271	NaN
0.00012501	NaN
0.00015019	NaN
0.00017853	NaN
0.00021047	NaN
0.00024646	NaN
0.00028696	NaN
0.00033243	NaN
0.00038332	NaN
0.00044009	NaN
0.00050319	NaN
0.0005722	NaN
0.00064501	NaN
0.0007193	NaN
0.00079275	NaN
0.00086305	NaN
0.00092787	NaN
0.0009849	NaN
0.0010318	NaN
0.001067	NaN
0.00109	NaN
0.001101	NaN
0.0010997	NaN
0.0010862	NaN
0.0010604	NaN
0.0010222	NaN
0.00097162	NaN
0.00090918	NaN
0.00083736	NaN
0.00075893	NaN
0.00067664	NaN
0.00059323	NaN
0.00051147	NaN
0.00043411	NaN
0.0003639	NaN
0.00030313	NaN
0.00025267	NaN
0.00021307	NaN
0.00018489	NaN
0.00016871	NaN
0.00016509	NaN
0.00017458	NaN
0.00019777	NaN
0.00023727	NaN
0.00030346	NaN
0.00040849	NaN
0.00056452	NaN
0.00078371	NaN
0.0010782	NaN
0.0014602	NaN
0.0019418	NaN
0.0025389	NaN
0.0032833	NaN
0.0042115	NaN
0.0053597	NaN
0.0067643	NaN
0.0084617	NaN
0.010488	NaN
0.01288	NaN
0.015676	NaN
0.018927	NaN
0.022688	NaN
0.027013	NaN
0.031958	NaN
0.037577	NaN
0.043924	NaN
0.051056	NaN
0.059019	NaN
0.067829	NaN
0.077484	NaN
0.087983	NaN
0.099326	NaN
0.11151	-0.58932
0.12454	-0.5861
0.13841	-0.58202
0.15313	-0.57711
0.16869	-0.57137
0.18512	-0.56476
0.20243	-0.55725
0.22063	-0.5488
0.23973	-0.53938
0.25975	-0.52894
0.28069	-0.51747
0.30257	-0.50492
0.32536	-0.49137
0.34902	-0.47692
0.37349	-0.46166
0.39874	-0.44571
0.42472	-0.42916
0.45139	-0.41213
0.4787	-0.39471
0.50659	-0.37701
0.53497	-0.35908
0.56368	-0.34095
0.59257	-0.32263
0.62152	-0.30416
0.65035	-0.28556
0.67894	-0.26686
0.70714	-0.24807
0.7348	-0.22923
0.76179	-0.2104
0.78798	-0.19168
0.81327	-0.17315
0.83751	-0.15492
0.8606	-0.13707
0.88241	-0.11969
0.90282	-0.10289
0.9217	-0.086745
0.93892	-0.071401
0.95432	-0.057015
0.96775	-0.043753
0.97906	-0.031777
0.98809	-0.02125
0.99469	-0.012337
0.99871	-0.0052006
1	0
0.99856	0.0031848
0.99452	0.0043483
0.988	0.0034881
0.97916	0.00060161
0.96812	-0.0043138
0.95502	-0.011261
0.93998	-0.020242
0.92316	-0.031259
0.90473	-0.044312
0.88496	-0.059393
0.86409	-0.076497
0.84237	-0.095619
0.82006	-0.11675
0.79742	-0.13989
0.7747	-0.16502
0.75214	-0.19215
0.72986	-0.2212
0.7078	-0.25206
0.6859	-0.2846
0.6641	-0.31867
0.64232	-0.35416
0.6205	-0.39093
0.59858	-0.42884
0.57649	-0.46779
0.55418	-0.50792
0.53164	-0.54982
0.50886	-0.5941
0.48583	-0.64136
0.46253	-0.69222
0.43894	-0.74727
0.41507	-0.80714
0.39088	-0.87242
0.36645	-0.94267
0.34193	-1.0158
0.31752	-1.0894
0.2934	-1.1613
0.26974	-1.2292
0.24673	-1.2907
0.22454	-1.3436
0.20337	-1.3857
0.18336	-1.4182
0.16458	-1.4495
0.1471	-1.4888
0.131	-1.5452
0.11633	-1.628
0.10318	-1.7461
0.091611	NaN
0.081691	NaN
0.073428	NaN
0.066692	NaN
0.061333	NaN
0.057202	NaN
0.054148	NaN
0.052023	NaN
0.050676	NaN
0.049958	NaN
0.049742	NaN
0.049962	NaN
0.050561	NaN
0.051484	NaN
0.052673	NaN
0.054072	NaN
0.055626	NaN
0.057277	NaN
0.058972	NaN
0.060671	NaN
0.062333	NaN
0.06392	NaN
0.065391	NaN
0.066709	NaN
0.067832	NaN
0.068722	NaN
0.069344	NaN
0.069681	NaN
0.069722	NaN
0.069453	NaN
0.068861	NaN
0.067935	NaN
0.06666	NaN
0.065025	NaN
0.063027	NaN
0.060703	NaN
0.0581	NaN
0.055267	NaN
0.052251	NaN
0.049102	NaN
0.045866	NaN
0.042593	NaN
0.039327	NaN
0.036097	NaN
0.032927	NaN
0.029844	NaN
0.02687	NaN
0.02403	NaN
0.021349	NaN
0.018851	NaN
0.016557	NaN
0.014474	NaN
0.0126	NaN
0.010933	NaN
0.0094719	NaN
0.0082166	NaN
0.0071653	NaN
0.006317	NaN
0.0056696	NaN
0.0052147	NaN
0.0049413	NaN
0.0048381	NaN
0.004894	NaN
0.005098	NaN
0.0054387	NaN
0.0059053	NaN
0.0064858	NaN
0.0071643	NaN
0.0079224	NaN
0.0087416	NaN
0.0096036	NaN
0.01049	NaN
0.011382	NaN
0.012262	NaN
0.013112	NaN
0.013921	NaN
0.014683	NaN
0.015393	NaN
0.016043	NaN
0.016627	NaN
0.01714	NaN
0.017574	NaN
0.017925	NaN
0.018194	NaN
0.018383	NaN
0.0185	NaN
0.018548	NaN
0.018533	NaN
0.01846	NaN
0.018333	NaN
0.018157	NaN
0.017938	NaN
0.01768	NaN
0.017387	NaN
0.017064	NaN
0.016716	NaN
0.016347	NaN
0.015962	NaN
0.015565	NaN
0.015161	NaN
0.014751	NaN
0.014339	NaN
0.013927	NaN
0.013518	NaN
0.013113	NaN
0.012717	NaN
0.012331	NaN
0.011957	NaN
0.011596	NaN
0.011247	NaN
0.01091	NaN
0.010586	NaN
0.010274	NaN
0.0099757	NaN
0.0096903	NaN
0.0094173	NaN
0.0091554	NaN
0.0089032	NaN
0.0086591	NaN
0.0084217	NaN
0.0081895	NaN
0.0079612	NaN
0.0077352	NaN
0.0075108	NaN
0.007288	NaN
0.007067	NaN
0.0068479	NaN
0.0066309	NaN
0.006416	NaN
0.0062035	NaN
0.0059935	NaN
0.0057864	NaN
0.0055825	NaN
0.0053827	NaN
0.0051874	NaN
0.0049972	NaN
0.0048128	NaN
0.0046347	NaN
0.0044635	NaN
0.0042998	NaN
0.0041441	NaN
0.0039969	NaN
0.0038589	NaN
0.0037304	NaN
0.0036121	NaN
0.0035044	NaN
0.0034079	NaN
0.0033228	NaN
0.0032483	NaN
0.003184	NaN
0.0031289	NaN
0.0030824	NaN
0.0030437	NaN
0.0030122	NaN
0.0029871	NaN
0.0029679	NaN
0.0029541	NaN
0.0029455	NaN
0.0029418	NaN
0.0029427	NaN
0.0029479	NaN
0.0029571	NaN
0.0029701	NaN
0.0029864	NaN
0.0030055	NaN
0.0030268	NaN
0.0030496	NaN
0.0030733	NaN
0.0030972	NaN
0.0031208	NaN
0.0031434	NaN
0.0031646	NaN
0.0031844	NaN
0.0032031	NaN
0.0032208	NaN
0.0032377	NaN
0.003254	NaN
0.00327	NaN
0.0032858	NaN
0.0033017	NaN
0.0033182	NaN
0.0033358	NaN
0.0033552	NaN
0.0033769	NaN
0.0034014	NaN
0.0034294	NaN
0.0034614	NaN
0.0034978	NaN
0.0035381	NaN
0.0035814	NaN
0.0036272	NaN
0.0036744	NaN
0.0037225	NaN
0.0037706	NaN
0.0038179	NaN
0.0038637	NaN
0.0039071	NaN
0.0039472	NaN
0.0039833	NaN
0.0040144	NaN
0.0040397	NaN
0.0040583	NaN
0.0040694	NaN
0.0040722	NaN
0.0040667	NaN
0.0040532	NaN
0.0040319	NaN
0.0040032	NaN
0.0039673	NaN
0.0039245	NaN
0.003875	NaN
0.0038193	NaN
0.0037577	NaN
0.0036908	NaN
0.0036191	NaN
0.0035432	NaN
0.0034636	NaN
0.0033808	NaN
0.0032955	NaN
0.0032082	NaN
0.0031189	NaN
0.0030277	NaN
0.0029347	NaN
0.0028397	NaN
0.0027429	NaN
0.0026441	NaN
0.0025434	NaN
0.0024409	NaN
0.0023368	NaN
0.0022317	NaN
0.0021262	NaN
0.0020208	NaN
0.0019161	NaN
0.0018126	NaN
0.0017109	NaN
0.0016117	NaN
0.0015154	NaN
0.0014227	NaN
0.0013344	NaN
0.0012511	NaN
0.0011735	NaN
0.0011022	NaN
0.0010379	NaN
0.00098121	NaN
0.00093225	NaN
0.0008905	NaN
0.00085548	NaN
0.0008267	NaN
0.00080365	NaN
0.00078586	NaN
0.00077283	NaN
0.00076406	NaN
0.00075906	NaN
0.00075733	NaN
0.00075837	NaN
0.00076168	NaN
0.00076676	NaN
0.00077312	NaN
0.00078025	NaN
0.00078765	NaN
0.0007949	NaN
0.00080164	NaN
0.00080752	NaN
0.00081219	NaN
0.00081531	NaN
0.00081653	NaN
0.00081549	NaN
0.00081186	NaN
0.00080544	NaN
0.00079625	NaN
0.00078432	NaN
0.00076968	NaN
0.00075237	NaN
0.00073242	NaN
0.00070985	NaN
0.00068471	NaN
0.00065714	NaN
0.00062748	NaN
0.00059607	NaN
0.00056327	NaN
0.00052941	NaN
0.00049486	NaN
0.00045996	NaN
0.00042506	NaN
0.00039047	NaN
0.00035643	NaN
0.0003232	NaN
0.00029101	NaN
0.00026009	NaN
0.00023069	NaN
0.00020306	NaN
0.00017742	NaN
0.00015393	NaN
0.00013254	NaN
0.00011317	NaN
9.5732e-05	NaN
8.0162e-05	NaN
6.6377e-05	NaN
5.4302e-05	NaN
4.3857e-05	NaN
3.4953e-05	NaN
2.7463e-05	NaN
2.1254e-05	NaN
1.6194e-05	NaN
1.2152e-05	NaN
8.9957e-06	NaN
6.5925e-06	NaN
4.8108e-06	NaN
3.5319e-06	NaN
2.6762e-06	NaN
2.1715e-06	NaN
1.9455e-06	NaN
1.926e-06	NaN
2.0406e-06	NaN
2.2172e-06	NaN
2.3834e-06	NaN
2.4831e-06	NaN
2.5155e-06	NaN
2.4922e-06	NaN
2.4247e-06	NaN
2.3245e-06	NaN
2.203e-06	NaN
2.0718e-06	NaN
1.9423e-06	NaN
1.8243e-06	NaN
1.7213e-06	NaN
1.6349e-06	NaN
1.5667e-06	NaN
1.5184e-06	NaN
1.4918e-06	NaN
1.4883e-06	NaN
1.5097e-06	NaN
1.5569e-06	NaN
1.6266e-06	NaN
1.7147e-06	NaN
1.8166e-06	NaN
1.9282e-06	NaN
2.0451e-06	NaN
2.1629e-06	NaN
2.2774e-06	NaN
2.3843e-06	NaN
2.4805e-06	NaN
2.5631e-06	NaN
2.6294e-06	NaN
2.6763e-06	NaN
2.7011e-06	NaN
2.7009e-06	NaN
2.6729e-06	NaN
2.6149e-06	NaN
2.5289e-06	NaN
2.4191e-06	NaN
2.2893e-06	NaN
2.1436e-06	NaN
1.9858e-06	NaN
1.82e-06	NaN
1.6502e-06	NaN
1.4803e-06	NaN
1.3138e-06	NaN
1.1543e-06	NaN
1.005e-06	NaN
8.6939e-07	NaN
7.5093e-07	NaN
6.5301e-07	NaN
5.7904e-07	NaN
5.32e-07	NaN
5.1061e-07	NaN
5.1123e-07	NaN
5.3015e-07	NaN
5.6369e-07	NaN
6.0815e-07	NaN
6.5986e-07	NaN
7.1511e-07	NaN
7.7027e-07	NaN
8.2244e-07	NaN
8.6917e-07	NaN
9.0802e-07	NaN
9.3655e-07	NaN
9.5233e-07	NaN
9.5293e-07	NaN
9.3589e-07	NaN
8.9904e-07	NaN
8.4368e-07	NaN
7.7379e-07	NaN
6.9341e-07	NaN
6.0658e-07	NaN
5.1734e-07	NaN
4.2973e-07	NaN
3.478e-07	NaN
2.7544e-07	NaN
2.1409e-07	NaN
1.6302e-07	NaN
1.2143e-07	NaN
8.8521e-08	NaN
6.3483e-08	NaN
4.5518e-08	NaN
3.3824e-08	NaN
2.7592e-08	NaN
2.5887e-08	NaN
2.7646e-08	NaN
3.1798e-08	NaN
3.7275e-08	NaN
4.3006e-08	NaN
4.7921e-08	NaN
5.0952e-08	NaN
5.1054e-08	NaN
4.8023e-08	NaN
4.2625e-08	NaN
3.5685e-08	NaN
2.8027e-08	NaN
2.0474e-08	NaN
1.3851e-08	NaN
8.9795e-09	NaN
6.6712e-09	NaN
7.1507e-09	NaN
9.8552e-09	NaN
1.4166e-08	NaN
1.9463e-08	NaN
2.5129e-08	NaN
3.0545e-08	NaN
3.5091e-08	NaN
3.8155e-08	NaN
3.9438e-08	NaN
3.9138e-08	NaN
3.7494e-08	NaN
3.4745e-08	NaN
3.113e-08	NaN
2.689e-08	NaN
2.2263e-08	NaN
1.7489e-08	NaN
1.2855e-08	NaN
8.7295e-09	NaN
5.491e-09	NaN
3.5178e-09	NaN
3.188e-09	NaN
4.8801e-09	NaN
8.9722e-09	NaN
1.5841e-08	NaN
2.5532e-08	NaN
3.7399e-08	NaN
5.0705e-08	NaN
6.4716e-08	NaN
7.8695e-08	NaN
9.1907e-08	NaN
1.0362e-07	NaN
1.1309e-07	NaN
1.1983e-07	NaN
1.2394e-07	NaN
1.2562e-07	NaN
1.2506e-07	NaN
1.2245e-07	NaN
1.1798e-07	NaN
1.1185e-07	NaN
1.0425e-07	NaN
9.5401e-08	NaN
8.5571e-08	NaN
7.5052e-08	NaN
6.4131e-08	NaN
5.3099e-08	NaN
4.2241e-08	NaN
3.1848e-08	NaN
2.2206e-08	NaN
1.3604e-08	NaN
6.3315e-09	NaN
6.7521e-10	NaN
3.0761e-09	NaN
4.6342e-09	NaN
