2.9049e-07	NaN
3.5094e-07	NaN
4.0291e-07	NaN
4.4668e-07	NaN
4.8251e-07	NaN
5.1066e-07	NaN
5.3141e-07	NaN
5.45e-07	NaN
5.5172e-07	NaN
5.5182e-07	NaN
5.4557e-07	NaN
5.3323e-07	NaN
5.1508e-07	NaN
4.9138e-07	NaN
4.6239e-07	NaN
4.2838e-07	NaN
3.8961e-07	NaN
3.4663e-07	NaN
3.0151e-07	NaN
2.5686e-07	NaN
2.153e-07	NaN
1.7945e-07	NaN
1.519e-07	NaN
1.3527e-07	NaN
1.3218e-07	NaN
1.4463e-07	NaN
1.7058e-07	NaN
2.0636e-07	NaN
2.483e-07	NaN
2.927e-07	NaN
3.359e-07	NaN
3.7421e-07	NaN
4.0396e-07	NaN
4.2188e-07	NaN
4.2793e-07	NaN
4.236e-07	NaN
4.1041e-07	NaN
3.8986e-07	NaN
3.6346e-07	NaN
3.327e-07	NaN
2.9911e-07	NaN
2.6415e-07	NaN
2.2895e-07	NaN
1.9445e-07	NaN
1.616e-07	NaN
1.3132e-07	NaN
1.0457e-07	NaN
8.2283e-08	NaN
6.5396e-08	NaN
5.4758e-08	NaN
5.0167e-08	NaN
5.0742e-08	NaN
5.5594e-08	NaN
6.3833e-08	NaN
7.4567e-08	NaN
8.6907e-08	NaN
9.9963e-08	NaN
1.1287e-07	NaN
1.2509e-07	NaN
1.3636e-07	NaN
1.4639e-07	NaN
1.5491e-07	NaN
1.6166e-07	NaN
1.6634e-07	NaN
1.687e-07	NaN
1.6847e-07	NaN
1.6564e-07	NaN
1.6041e-07	NaN
1.5298e-07	NaN
1.4358e-07	NaN
1.3241e-07	NaN
1.1967e-07	NaN
1.0557e-07	NaN
9.0345e-08	NaN
7.4576e-08	NaN
5.9212e-08	NaN
4.5217e-08	NaN
3.3552e-08	NaN
2.5181e-08	NaN
2.1068e-08	NaN
2.2174e-08	NaN
2.9431e-08	NaN
4.2826e-08	NaN
6.1266e-08	NaN
8.3598e-08	NaN
1.0867e-07	NaN
1.3533e-07	NaN
1.6243e-07	NaN
1.888e-07	NaN
2.1333e-07	NaN
2.354e-07	NaN
2.5514e-07	NaN
2.7271e-07	NaN
2.8828e-07	NaN
3.0203e-07	NaN
3.1411e-07	NaN
3.2469e-07	NaN
3.3394e-07	NaN
3.4207e-07	NaN
3.4935e-07	NaN
3.5603e-07	NaN
3.6239e-07	NaN
3.687e-07	NaN
3.7521e-07	NaN
3.8221e-07	NaN
3.8997e-07	NaN
3.996e-07	NaN
4.1369e-07	NaN
4.3497e-07	NaN
4.662e-07	NaN
5.1009e-07	NaN
5.694e-07	NaN
6.4687e-07	NaN
7.4523e-07	NaN
8.6733e-07	NaN
1.0162e-06	NaN
1.195e-06	NaN
1.4066e-06	NaN
1.6543e-06	NaN
1.9411e-06	NaN
2.2701e-06	NaN
2.6442e-06	NaN
3.0623e-06	NaN
3.5124e-06	NaN
3.9809e-06	NaN
4.4545e-06	NaN
4.9196e-06	NaN
5.3627e-06	NaN
5.7705e-06	NaN
6.1294e-06	NaN
6.4273e-06	NaN
6.656e-06	NaN
6.8081e-06	NaN
6.876e-06	NaN
6.8522e-06	NaN
6.7293e-06	NaN
6.4997e-06	NaN
6.1559e-06	NaN
5.6975e-06	NaN
5.1473e-06	NaN
4.5329e-06	NaN
3.8821e-06	NaN
3.2225e-06	NaN
2.5818e-06	NaN
1.9876e-06	NaN
1.4676e-06	NaN
1.0472e-06	NaN
7.4245e-07	NaN
5.6728e-07	NaN
5.3558e-07	NaN
6.6124e-07	NaN
9.5818e-07	NaN
1.4403e-06	NaN
2.1214e-06	NaN
3.007e-06	NaN
4.0631e-06	NaN
5.2444e-06	NaN
6.5056e-06	NaN
7.8015e-06	NaN
9.0867e-06	NaN
1.0316e-05	NaN
1.1444e-05	NaN
1.243e-05	NaN
1.3256e-05	NaN
1.3912e-05	NaN
1.4388e-05	NaN
1.4675e-05	NaN
1.4761e-05	NaN
1.4637e-05	NaN
1.4294e-05	NaN
1.3726e-05	NaN
1.2964e-05	NaN
1.2053e-05	NaN
1.1037e-05	NaN
9.9611e-06	NaN
8.8694e-06	NaN
7.8066e-06	NaN
6.8172e-06	NaN
5.9415e-06	NaN
5.1868e-06	NaN
4.5449e-06	NaN
4.0077e-06	NaN
3.567e-06	NaN
3.2148e-06	NaN
2.9428e-06	NaN
2.7429e-06	NaN
2.6062e-06	NaN
2.5184e-06	NaN
2.4617e-06	NaN
2.4187e-06	NaN
2.3716e-06	NaN
2.3028e-06	NaN
2.1947e-06	NaN
2.0296e-06	NaN
1.7924e-06	NaN
1.4948e-06	NaN
1.1653e-06	NaN
8.3272e-07	NaN
5.2601e-07	NaN
2.7397e-07	NaN
1.0546e-07	NaN
4.933e-08	NaN
1.3398e-07	NaN
3.8179e-07	NaN
8.1075e-07	NaN
1.4388e-06	NaN
2.2837e-06	NaN
3.3635e-06	NaN
4.696e-06	NaN
6.2992e-06	NaN
8.1875e-06	NaN
1.0318e-05	NaN
1.2599e-05	NaN
1.4939e-05	NaN
1.7244e-05	NaN
1.9422e-05	NaN
2.138e-05	NaN
2.3026e-05	NaN
2.4269e-05	NaN
2.5087e-05	NaN
2.5525e-05	NaN
2.5628e-05	NaN
2.5443e-05	NaN
2.5016e-05	NaN
2.4393e-05	NaN
2.362e-05	NaN
2.2743e-05	NaN
2.1798e-05	NaN
2.0811e-05	NaN
1.9805e-05	NaN
1.8805e-05	NaN
1.7835e-05	NaN
1.692e-05	NaN
1.6084e-05	NaN
1.5351e-05	NaN
1.4735e-05	NaN
1.4235e-05	NaN
1.3851e-05	NaN
1.3581e-05	NaN
1.3424e-05	NaN
1.3379e-05	NaN
1.3445e-05	NaN
1.362e-05	NaN
1.3903e-05	NaN
1.4287e-05	NaN
1.4768e-05	NaN
1.534e-05	NaN
1.5998e-05	NaN
1.6737e-05	NaN
1.7551e-05	NaN
1.8435e-05	NaN
1.9401e-05	NaN
2.0491e-05	NaN
2.1748e-05	NaN
2.3216e-05	NaN
2.4939e-05	NaN
2.6962e-05	NaN
2.9328e-05	NaN
3.2082e-05	NaN
3.5267e-05	NaN
3.8924e-05	NaN
4.3094e-05	NaN
4.782e-05	NaN
5.3142e-05	NaN
5.9102e-05	NaN
6.574e-05	NaN
7.3099e-05	NaN
8.1173e-05	NaN
8.9848e-05	NaN
9.8995e-05	NaN
0.00010848	NaN
0.00011819	NaN
0.00012797	NaN
0.00013771	NaN
0.00014727	NaN
0.00015647	NaN
0.00016497	NaN
0.00017242	NaN
0.00017845	NaN
0.00018271	NaN
0.00018482	NaN
0.00018444	NaN
0.0001812	NaN
0.00017489	NaN
0.00016583	NaN
0.00015442	NaN
0.00014108	NaN
0.00012622	NaN
0.00011024	NaN
9.355e-05	NaN
7.657e-05	NaN
5.9762e-05	NaN
4.3806e-05	NaN
2.9431e-05	NaN
1.7369e-05	NaN
8.3505e-06	NaN
3.1053e-06	NaN
2.3642e-06	NaN
6.8577e-06	NaN
1.7297e-05	NaN
3.4307e-05	NaN
5.8487e-05	NaN
9.0439e-05	NaN
0.00013076	NaN
0.00018005	NaN
0.00023892	NaN
0.00030795	NaN
0.0003878	NaN
0.0004793	NaN
0.00058336	NaN
0.00070091	NaN
0.00083285	NaN
0.0009801	NaN
0.0011436	NaN
0.0013242	NaN
0.0015227	NaN
0.0017399	NaN
0.0019761	NaN
0.0022317	NaN
0.0025073	NaN
0.0028033	NaN
0.0031201	NaN
0.0034582	NaN
0.0038178	NaN
0.004197	NaN
0.004593	NaN
0.0050029	NaN
0.0054239	NaN
0.0058533	NaN
0.0062882	NaN
0.0067257	NaN
0.0071631	NaN
0.0075969	NaN
0.0080236	NaN
0.0084396	NaN
0.0088412	NaN
0.009225	NaN
0.0095872	NaN
0.0099243	NaN
0.010233	NaN
0.010512	NaN
0.010763	NaN
0.010985	NaN
0.011179	NaN
0.011347	NaN
0.011487	NaN
0.011602	NaN
0.011692	NaN
0.011756	NaN
0.011797	NaN
0.011813	NaN
0.011807	NaN
0.011778	NaN
0.011727	NaN
0.011655	NaN
0.011562	NaN
0.011449	NaN
0.011317	NaN
0.011165	NaN
0.010996	NaN
0.010808	NaN
0.010604	NaN
0.010384	NaN
0.010148	NaN
0.0098963	NaN
0.0096306	NaN
0.0093508	NaN
0.0090576	NaN
0.0087515	NaN
0.008433	NaN
0.0081027	NaN
0.0077612	NaN
0.0074097	NaN
0.0070504	NaN
0.0066853	NaN
0.0063167	NaN
0.0059467	NaN
0.0055775	NaN
0.0052112	NaN
0.0048499	NaN
0.0044964	NaN
0.0041541	NaN
0.0038266	NaN
0.0035173	NaN
0.0032296	NaN
0.0029672	NaN
0.0027335	NaN
0.0025319	NaN
0.0023642	NaN
0.0022296	NaN
0.0021271	NaN
0.0020557	NaN
0.0020144	NaN
0.0020023	NaN
0.0020182	NaN
0.0020613	NaN
0.0021293	NaN
0.0022179	NaN
0.0023226	NaN
0.002439	NaN
0.0025626	NaN
0.0026889	NaN
0.0028134	NaN
0.0029316	NaN
0.0030405	NaN
0.0031396	NaN
0.003229	NaN
0.0033087	NaN
0.0033785	NaN
0.0034384	NaN
0.0034883	NaN
0.0035284	NaN
0.0035582	NaN
0.0035775	NaN
0.0035854	NaN
0.0035817	NaN
0.0035655	NaN
0.0035365	NaN
0.0034941	NaN
0.0034376	NaN
0.0033671	NaN
0.0032838	NaN
0.0031892	NaN
0.0030848	NaN
0.0029722	NaN
0.0028528	NaN
0.0027281	NaN
0.0025996	NaN
0.0024689	NaN
0.0023378	NaN
0.0022079	NaN
0.002081	NaN
0.0019589	NaN
0.0018433	NaN
0.0017361	NaN
0.0016388	NaN
0.0015546	NaN
0.0014906	NaN
0.0014552	NaN
0.0014566	NaN
0.0015031	NaN
0.0016031	NaN
0.0017648	NaN
0.0019965	NaN
0.0023089	NaN
0.0027228	NaN
0.0032619	NaN
0.00395	NaN
0.0048107	NaN
0.0058677	NaN
0.0071448	NaN
0.0086657	NaN
0.010456	NaN
0.012556	NaN
0.015008	NaN
0.017854	NaN
0.021139	NaN
0.024904	NaN
0.029194	NaN
0.034052	NaN
0.039519	NaN
0.045633	NaN
0.052431	NaN
0.059948	NaN
0.068222	NaN
0.077288	NaN
0.087182	NaN
0.09794	NaN
0.1096	-0.63308
0.12219	-0.62966
0.13573	-0.6247
0.15027	-0.61831
0.16582	-0.61058
0.18241	-0.60163
0.20008	-0.59157
0.21884	-0.5805
0.23873	-0.56853
0.2597	-0.55572
0.2817	-0.54212
0.30466	-0.52777
0.32851	-0.51274
0.35319	-0.49706
0.37864	-0.48079
0.40479	-0.46397
0.43157	-0.44665
0.4589	-0.42887
0.48667	-0.41064
0.51477	-0.39198
0.5431	-0.37292
0.57156	-0.35348
0.60004	-0.33368
0.62843	-0.31354
0.65663	-0.29309
0.68454	-0.27241
0.71204	-0.25162
0.73902	-0.23085
0.76538	-0.2102
0.791	-0.18981
0.81578	-0.1698
0.83961	-0.15028
0.86237	-0.13138
0.88392	-0.11322
0.90412	-0.09594
0.9228	-0.079653
0.9398	-0.064492
0.95496	-0.050582
0.96813	-0.038053
0.97914	-0.02703
0.98784	-0.017639
0.99419	-0.0099684
0.99822	-0.0040714
1	0
0.99957	0.0021939
0.99699	0.0024583
0.99231	0.00074119
0.98558	-0.0030094
0.97686	-0.0088444
0.96625	-0.016785
0.95391	-0.026823
0.94001	-0.038946
0.92472	-0.053142
0.90821	-0.069402
0.89063	-0.087713
0.87216	-0.10806
0.85296	-0.13044
0.83313	-0.15475
0.81271	-0.18078
0.79175	-0.20834
0.77026	-0.2372
0.74829	-0.26717
0.72587	-0.29803
0.70303	-0.32958
0.6798	-0.36161
0.65622	-0.39429
0.63232	-0.42829
0.60812	-0.46432
0.58364	-0.5031
0.55893	-0.54534
0.534	-0.59175
0.50889	-0.64306
0.48363	-0.69996
0.45826	-0.76205
0.43286	-0.82707
0.40751	-0.89261
0.38231	-0.95624
0.35734	-1.0155
0.33268	-1.0681
0.30841	-1.1115
0.28463	-1.1433
0.26142	-1.1649
0.23893	-1.1848
0.2173	-1.2125
0.19666	-1.2574
0.17715	-1.3287
0.15891	-1.436
0.14208	-1.5885
0.1268	-1.7957
0.11314	-2.0546
0.10105	-2.3344
0.090444	NaN
0.081249	NaN
0.073385	NaN
0.066775	NaN
0.06134	NaN
0.057002	NaN
0.053672	NaN
0.051235	NaN
0.049569	NaN
0.048552	NaN
0.048064	NaN
0.047984	NaN
0.04819	NaN
0.048562	NaN
0.049002	NaN
0.049485	NaN
0.050002	NaN
0.050543	NaN
0.051097	NaN
0.051653	NaN
0.052203	NaN
0.052735	NaN
0.053237	NaN
0.053687	NaN
0.054061	NaN
0.054333	NaN
0.054481	NaN
0.054479	NaN
0.054304	NaN
0.053931	NaN
0.053342	NaN
0.052545	NaN
0.051558	NaN
0.050395	NaN
0.049072	NaN
0.047606	NaN
0.046012	NaN
0.044306	NaN
0.042506	NaN
0.04063	NaN
0.038703	NaN
0.036745	NaN
0.034779	NaN
0.032826	NaN
0.030909	NaN
0.02905	NaN
0.027268	NaN
0.025573	NaN
0.023968	NaN
0.022457	NaN
0.021045	NaN
0.019735	NaN
0.018532	NaN
0.01744	NaN
0.016461	NaN
0.015589	NaN
0.014812	NaN
0.014119	NaN
0.013499	NaN
0.01294	NaN
0.012431	NaN
0.011961	NaN
0.011519	NaN
0.0111	NaN
0.0107	NaN
0.010316	NaN
0.0099458	NaN
0.0095856	NaN
0.0092327	NaN
0.0088839	NaN
0.0085363	NaN
0.0081883	NaN
0.0078388	NaN
0.007487	NaN
0.0071318	NaN
0.0067724	NaN
0.0064078	NaN
0.0060371	NaN
0.0056594	NaN
0.0052763	NaN
0.0048905	NaN
0.0045051	NaN
0.0041229	NaN
0.003747	NaN
0.0033802	NaN
0.0030255	NaN
0.0026858	NaN
0.0023629	NaN
0.0020581	NaN
0.0017726	NaN
0.0015076	NaN
0.0012643	NaN
0.0010438	NaN
0.00084733	NaN
0.00067601	NaN
0.00052961	NaN
0.00040667	NaN
0.00030567	NaN
0.0002251	NaN
0.00016346	NaN
0.00011924	NaN
9.0923e-05	NaN
7.701e-05	NaN
7.6091e-05	NaN
8.6858e-05	NaN
0.00010801	NaN
0.00013824	NaN
0.00017626	NaN
0.00022075	NaN
0.00027042	NaN
0.00032397	NaN
0.00038045	NaN
0.00043928	NaN
0.00049993	NaN
0.00056187	NaN
0.00062455	NaN
0.00068745	NaN
0.00075001	NaN
0.00081169	NaN
0.00087176	NaN
0.00092916	NaN
0.00098283	NaN
0.0010317	NaN
0.0010747	NaN
0.0011108	NaN
0.0011389	NaN
0.0011579	NaN
0.0011675	NaN
0.0011686	NaN
0.0011622	NaN
0.0011491	NaN
0.0011303	NaN
0.0011068	NaN
0.0010795	NaN
0.0010494	NaN
0.0010176	NaN
0.00098538	NaN
0.00095402	NaN
0.0009249	NaN
0.00089933	NaN
0.00087866	NaN
0.0008642	NaN
0.0008573	NaN
0.00085892	NaN
0.00086929	NaN
0.00088853	NaN
0.00091673	NaN
0.00095402	NaN
0.0010005	NaN
0.0010563	NaN
0.0011215	NaN
0.001196	NaN
0.001279	NaN
0.0013695	NaN
0.0014667	NaN
0.0015696	NaN
0.0016773	NaN
0.0017888	NaN
0.0019034	NaN
0.00202	NaN
0.0021375	NaN
0.0022548	NaN
0.0023707	NaN
0.0024842	NaN
0.002594	NaN
0.0026991	NaN
0.0027984	NaN
0.0028908	NaN
0.0029762	NaN
0.0030546	NaN
0.0031259	NaN
0.0031901	NaN
0.0032472	NaN
0.0032971	NaN
0.0033398	NaN
0.0033755	NaN
0.0034055	NaN
0.0034312	NaN
0.0034542	NaN
0.0034761	NaN
0.0034983	NaN
0.0035225	NaN
0.00355	NaN
0.0035823	NaN
0.0036193	NaN
0.0036609	NaN
0.0037068	NaN
0.0037568	NaN
0.0038105	NaN
0.0038678	NaN
0.0039284	NaN
0.0039918	NaN
0.0040569	NaN
0.0041222	NaN
0.004186	NaN
0.004247	NaN
0.0043035	NaN
0.0043541	NaN
0.0043973	NaN
0.0044316	NaN
0.0044568	NaN
0.0044731	NaN
0.0044807	NaN
0.0044798	NaN
0.0044706	NaN
0.0044532	NaN
0.004428	NaN
0.004395	NaN
0.0043543	NaN
0.0043059	NaN
0.0042495	NaN
0.0041853	NaN
0.004113	NaN
0.0040327	NaN
0.0039443	NaN
0.0038478	NaN
0.0037433	NaN
0.0036313	NaN
0.0035122	NaN
0.0033863	NaN
0.0032541	NaN
0.003116	NaN
0.0029724	NaN
0.0028237	NaN
0.0026708	NaN
0.0025149	NaN
0.0023573	NaN
0.0021992	NaN
0.0020419	NaN
0.0018865	NaN
0.0017343	NaN
0.0015865	NaN
0.001444	NaN
0.0013077	NaN
0.0011783	NaN
0.0010566	NaN
0.00094337	NaN
0.00083933	NaN
0.00074527	NaN
0.00066195	NaN
0.0005897	NaN
0.00052849	NaN
0.00047829	NaN
0.00043906	NaN
0.00041075	NaN
0.00039333	NaN
0.00038676	NaN
0.00039099	NaN
0.00040576	NaN
0.00043061	NaN
0.00046504	NaN
0.00050859	NaN
0.00056076	NaN
0.00062109	NaN
0.00068908	NaN
0.00076424	NaN
0.00084572	NaN
0.00093218	NaN
0.0010223	NaN
0.0011147	NaN
0.0012081	NaN
0.001301	NaN
0.0013923	NaN
0.0014804	NaN
0.0015644	NaN
0.0016432	NaN
0.0017159	NaN
0.0017818	NaN
0.0018398	NaN
0.0018891	NaN
0.0019287	NaN
0.0019579	NaN
0.0019762	NaN
0.0019836	NaN
0.0019806	NaN
0.0019673	NaN
0.0019441	NaN
0.0019111	NaN
0.0018687	NaN
0.0018171	NaN
0.0017569	NaN
0.0016893	NaN
0.0016155	NaN
0.0015369	NaN
0.0014546	NaN
0.00137	NaN
0.0012843	NaN
0.0011987	NaN
0.0011143	NaN
0.0010318	NaN
0.00095176	NaN
0.00087475	NaN
0.00080136	NaN
0.00073218	NaN
0.0006678	NaN
0.00060881	NaN
0.00055554	NaN
0.00050768	NaN
0.00046483	NaN
0.00042658	NaN
0.00039253	NaN
0.00036226	NaN
0.00033538	NaN
0.00031146	NaN
0.00029015	NaN
0.00027116	NaN
0.00025421	NaN
0.00023906	NaN
0.00022543	NaN
0.00021305	NaN
0.00020167	NaN
0.00019101	NaN
0.00018086	NaN
0.00017116	NaN
0.00016189	NaN
0.00015303	NaN
0.00014454	NaN
0.00013641	NaN
0.00012862	NaN
0.00012113	NaN
0.00011394	NaN
0.00010703	NaN
0.00010041	NaN
9.4059e-05	NaN
8.7989e-05	NaN
8.2193e-05	NaN
7.6668e-05	NaN
7.1412e-05	NaN
6.6421e-05	NaN
6.1685e-05	NaN
5.7195e-05	NaN
5.294e-05	NaN
4.8909e-05	NaN
4.5091e-05	NaN
4.1475e-05	NaN
3.8052e-05	NaN
3.4811e-05	NaN
3.1749e-05	NaN
2.8864e-05	NaN
2.6153e-05	NaN
2.3616e-05	NaN
2.1249e-05	NaN
1.9052e-05	NaN
1.7023e-05	NaN
1.5158e-05	NaN
1.3452e-05	NaN
1.1897e-05	NaN
1.0486e-05	NaN
9.209e-06	NaN
8.0597e-06	NaN
7.0299e-06	NaN
6.1117e-06	NaN
5.2974e-06	NaN
4.5797e-06	NaN
3.952e-06	NaN
3.4074e-06	NaN
2.939e-06	NaN
2.5402e-06	NaN
2.2041e-06	NaN
1.9239e-06	NaN
1.6929e-06	NaN
1.5047e-06	NaN
1.3533e-06	NaN
1.2329e-06	NaN
1.1373e-06	NaN
1.0605e-06	NaN
9.9656e-07	NaN
9.3946e-07	NaN
8.8354e-07	NaN
8.2722e-07	NaN
7.7162e-07	NaN
7.1789e-07	NaN
6.672e-07	NaN
6.2071e-07	NaN
5.7956e-07	NaN
5.4493e-07	NaN
5.1791e-07	NaN
4.9886e-07	NaN
4.8759e-07	NaN
4.8386e-07	NaN
4.8746e-07	NaN
4.9817e-07	NaN
5.1576e-07	NaN
5.4002e-07	NaN
5.7067e-07	NaN
6.0651e-07	NaN
6.455e-07	NaN
6.8559e-07	NaN
7.2473e-07	NaN
7.6085e-07	NaN
7.919e-07	NaN
8.1583e-07	NaN
8.3065e-07	NaN
8.3594e-07	NaN
8.329e-07	NaN
8.2278e-07	NaN
8.0683e-07	NaN
7.8633e-07	NaN
7.6251e-07	NaN
7.3665e-07	NaN
7.0997e-07	NaN
6.8297e-07	NaN
6.5525e-07	NaN
6.2638e-07	NaN
5.9594e-07	NaN
5.6347e-07	NaN
5.2856e-07	NaN
4.9077e-07	NaN
4.4967e-07	NaN
4.0557e-07	NaN
3.5969e-07	NaN
3.1335e-07	NaN
2.6785e-07	NaN
2.2451e-07	NaN
1.8463e-07	NaN
1.4951e-07	NaN
1.2047e-07	NaN
9.8302e-08	NaN
8.3047e-08	NaN
7.4676e-08	NaN
7.3162e-08	NaN
7.8474e-08	NaN
9.0585e-08	NaN
1.0946e-07	NaN
1.3508e-07	NaN
1.6691e-07	NaN
2.0357e-07	NaN
2.4358e-07	NaN
2.8546e-07	NaN
3.2771e-07	NaN
3.6887e-07	NaN
4.0745e-07	NaN
4.4197e-07	NaN
4.7154e-07	NaN
4.965e-07	NaN
5.1735e-07	NaN
5.3459e-07	NaN
5.4871e-07	NaN
5.6023e-07	NaN
5.6962e-07	NaN
5.7741e-07	NaN
5.8396e-07	NaN
5.8939e-07	NaN
5.9379e-07	NaN
5.9721e-07	NaN
5.9974e-07	NaN
6.0144e-07	NaN
6.0239e-07	NaN
6.0266e-07	NaN
6.0226e-07	NaN
6.0097e-07	NaN
5.9855e-07	NaN
5.9476e-07	NaN
5.8936e-07	NaN
5.821e-07	NaN
5.7274e-07	NaN
5.6103e-07	NaN
5.4674e-07	NaN
5.2962e-07	NaN
5.0942e-07	NaN
4.8591e-07	NaN
4.5884e-07	NaN
4.2797e-07	NaN
3.9305e-07	NaN
3.5383e-07	NaN
