1.0058e-08	NaN
1.2099e-08	NaN
1.3985e-08	NaN
1.5719e-08	NaN
1.7304e-08	NaN
1.8742e-08	NaN
2.0038e-08	NaN
2.1193e-08	NaN
2.2211e-08	NaN
2.3095e-08	NaN
2.3847e-08	NaN
2.447e-08	NaN
2.4969e-08	NaN
2.5361e-08	NaN
2.5763e-08	NaN
2.6323e-08	NaN
2.7189e-08	NaN
2.8509e-08	NaN
3.0432e-08	NaN
3.3105e-08	NaN
3.6678e-08	NaN
4.1249e-08	NaN
4.6602e-08	NaN
5.2389e-08	NaN
5.8264e-08	NaN
6.3878e-08	NaN
6.8885e-08	NaN
7.2937e-08	NaN
7.5688e-08	NaN
7.6828e-08	NaN
7.6354e-08	NaN
7.4407e-08	NaN
7.113e-08	NaN
6.6666e-08	NaN
6.1156e-08	NaN
5.4743e-08	NaN
4.757e-08	NaN
3.98e-08	NaN
3.1806e-08	NaN
2.4075e-08	NaN
1.7095e-08	NaN
1.1354e-08	NaN
7.3405e-09	NaN
5.5428e-09	NaN
6.4489e-09	NaN
1.0494e-08	NaN
1.7508e-08	NaN
2.6928e-08	NaN
3.8188e-08	NaN
5.0722e-08	NaN
6.3961e-08	NaN
7.734e-08	NaN
9.0291e-08	NaN
1.0226e-07	NaN
1.1292e-07	NaN
1.2207e-07	NaN
1.2956e-07	NaN
1.3519e-07	NaN
1.388e-07	NaN
1.4021e-07	NaN
1.3924e-07	NaN
1.3576e-07	NaN
1.3039e-07	NaN
1.2439e-07	NaN
1.1907e-07	NaN
1.157e-07	NaN
1.1558e-07	NaN
1.1999e-07	NaN
1.3023e-07	NaN
1.4754e-07	NaN
1.7241e-07	NaN
2.0458e-07	NaN
2.4374e-07	NaN
2.8958e-07	NaN
3.418e-07	NaN
4.0009e-07	NaN
4.6416e-07	NaN
5.3366e-07	NaN
6.0734e-07	NaN
6.8289e-07	NaN
7.5793e-07	NaN
8.301e-07	NaN
8.9702e-07	NaN
9.5634e-07	NaN
1.0057e-06	NaN
1.0427e-06	NaN
1.0684e-06	NaN
1.0878e-06	NaN
1.1062e-06	NaN
1.129e-06	NaN
1.1617e-06	NaN
1.2095e-06	NaN
1.2779e-06	NaN
1.3722e-06	NaN
1.4979e-06	NaN
1.6609e-06	NaN
1.867e-06	NaN
2.1221e-06	NaN
2.4319e-06	NaN
2.8023e-06	NaN
3.2392e-06	NaN
3.7483e-06	NaN
4.3338e-06	NaN
4.9966e-06	NaN
5.7373e-06	NaN
6.5568e-06	NaN
7.4556e-06	NaN
8.4344e-06	NaN
9.494e-06	NaN
1.0635e-05	NaN
1.1851e-05	NaN
1.3125e-05	NaN
1.4436e-05	NaN
1.5764e-05	NaN
1.7088e-05	NaN
1.8389e-05	NaN
1.9647e-05	NaN
2.0841e-05	NaN
2.1961e-05	NaN
2.3015e-05	NaN
2.4017e-05	NaN
2.498e-05	NaN
2.5917e-05	NaN
2.6841e-05	NaN
2.7765e-05	NaN
2.8701e-05	NaN
2.9681e-05	NaN
3.0784e-05	NaN
3.21e-05	NaN
3.3717e-05	NaN
3.5724e-05	NaN
3.8211e-05	NaN
4.1265e-05	NaN
4.4976e-05	NaN
4.9429e-05	NaN
5.4697e-05	NaN
6.085e-05	NaN
6.7958e-05	NaN
7.609e-05	NaN
8.5319e-05	NaN
9.5713e-05	NaN
0.00010734	NaN
0.00012025	NaN
0.00013437	NaN
0.00014961	NaN
0.00016588	NaN
0.00018308	NaN
0.00020113	NaN
0.00021992	NaN
0.00023938	NaN
0.00025939	NaN
0.00027977	NaN
0.00030033	NaN
0.00032086	NaN
0.00034118	NaN
0.00036107	NaN
0.00038034	NaN
0.0003988	NaN
0.00041626	NaN
0.00043258	NaN
0.00044768	NaN
0.00046144	NaN
0.00047376	NaN
0.00048454	NaN
0.00049367	NaN
0.00050106	NaN
0.00050661	NaN
0.00051042	NaN
0.00051262	NaN
0.00051336	NaN
0.00051277	NaN
0.000511	NaN
0.0005082	NaN
0.00050449	NaN
0.00050002	NaN
0.00049482	NaN
0.00048889	NaN
0.00048221	NaN
0.00047479	NaN
0.00046662	NaN
0.0004577	NaN
0.00044802	NaN
0.00043759	NaN
0.00042664	NaN
0.00041549	NaN
0.00040445	NaN
0.00039387	NaN
0.00038405	NaN
0.00037533	NaN
0.00036803	NaN
0.00036248	NaN
0.00035892	NaN
0.0003576	NaN
0.00035872	NaN
0.00036251	NaN
0.00036919	NaN
0.000379	NaN
0.00039214	NaN
0.00040883	NaN
0.00042908	NaN
0.00045275	NaN
0.00047969	NaN
0.00050978	NaN
0.00054287	NaN
0.00057881	NaN
0.00061748	NaN
0.00065872	NaN
0.00070242	NaN
0.00074844	NaN
0.00079667	NaN
0.00084699	NaN
0.00089927	NaN
0.0009534	NaN
0.0010092	NaN
0.0010667	NaN
0.0011257	NaN
0.0011862	NaN
0.0012482	NaN
0.0013118	NaN
0.0013768	NaN
0.0014433	NaN
0.0015113	NaN
0.0015807	NaN
0.0016515	NaN
0.0017234	NaN
0.0017962	NaN
0.0018697	NaN
0.0019435	NaN
0.0020176	NaN
0.0020916	NaN
0.0021654	NaN
0.0022388	NaN
0.0023119	NaN
0.0023848	NaN
0.0024574	NaN
0.0025298	NaN
0.0026022	NaN
0.0026745	NaN
0.0027468	NaN
0.0028192	NaN
0.0028918	NaN
0.0029649	NaN
0.0030385	NaN
0.0031129	NaN
0.0031881	NaN
0.0032643	NaN
0.0033418	NaN
0.0034205	NaN
0.0035005	NaN
0.0035817	NaN
0.0036643	NaN
0.0037481	NaN
0.0038331	NaN
0.0039194	NaN
0.0040069	NaN
0.0040954	NaN
0.0041845	NaN
0.0042735	NaN
0.0043619	NaN
0.0044491	NaN
0.0045346	NaN
0.0046178	NaN
0.0046982	NaN
0.0047752	NaN
0.0048487	NaN
0.0049185	NaN
0.0049845	NaN
0.0050465	NaN
0.0051043	NaN
0.0051579	NaN
0.0052069	NaN
0.0052515	NaN
0.0052916	NaN
0.0053275	NaN
0.0053594	NaN
0.0053876	NaN
0.0054121	NaN
0.0054332	NaN
0.0054511	NaN
0.0054659	NaN
0.005477	NaN
0.0054841	NaN
0.0054865	NaN
0.0054837	NaN
0.0054753	NaN
0.0054607	NaN
0.0054393	NaN
0.0054108	NaN
0.0053748	NaN
0.0053312	NaN
0.0052798	NaN
0.0052203	NaN
0.0051526	NaN
0.0050764	NaN
0.0049916	NaN
0.0048982	NaN
0.0047972	NaN
0.0046899	NaN
0.0045776	NaN
0.0044615	NaN
0.004343	NaN
0.0042234	NaN
0.0041039	NaN
0.0039859	NaN
0.0038707	NaN
0.0037594	NaN
0.0036535	NaN
0.0035543	NaN
0.003463	NaN
0.0033809	NaN
0.0033094	NaN
0.0032496	NaN
0.0032021	NaN
0.0031669	NaN
0.0031444	NaN
0.0031348	NaN
0.0031383	NaN
0.0031551	NaN
0.0031853	NaN
0.0032292	NaN
0.0032859	NaN
0.0033543	NaN
0.0034331	NaN
0.0035212	NaN
0.0036174	NaN
0.0037205	NaN
0.0038293	NaN
0.0039427	NaN
0.0040594	NaN
0.0041784	NaN
0.0042983	NaN
0.0044182	NaN
0.0045368	NaN
0.0046529	NaN
0.0047655	NaN
0.0048733	NaN
0.0049762	NaN
0.0050744	NaN
0.0051682	NaN
0.005258	NaN
0.0053438	NaN
0.0054261	NaN
0.0055052	NaN
0.0055812	NaN
0.005655	NaN
0.0057274	NaN
0.0057994	NaN
0.0058721	NaN
0.0059463	NaN
0.006023	NaN
0.0061032	NaN
0.0061878	NaN
0.0062765	NaN
0.0063681	NaN
0.0064613	NaN
0.0065548	NaN
0.0066473	NaN
0.0067375	NaN
0.0068243	NaN
0.0069062	NaN
0.0069815	NaN
0.0070479	NaN
0.0071032	NaN
0.0071451	NaN
0.0071712	NaN
0.0071794	NaN
0.0071673	NaN
0.0071327	NaN
0.0070751	NaN
0.006996	NaN
0.0068968	NaN
0.0067791	NaN
0.0066444	NaN
0.0064941	NaN
0.0063298	NaN
0.0061529	NaN
0.0059653	NaN
0.0057688	NaN
0.0055653	NaN
0.005357	NaN
0.0051457	NaN
0.0049334	NaN
0.0047221	NaN
0.0045138	NaN
0.0043095	NaN
0.0041095	NaN
0.0039137	NaN
0.003722	NaN
0.0035346	NaN
0.0033513	NaN
0.0031721	NaN
0.0029971	NaN
0.0028266	NaN
0.0026612	NaN
0.0025017	NaN
0.0023491	NaN
0.0022039	NaN
0.0020671	NaN
0.0019395	NaN
0.0018218	NaN
0.0017146	NaN
0.0016184	NaN
0.0015333	NaN
0.0014596	NaN
0.0013976	NaN
0.0013476	NaN
0.0013098	NaN
0.0012846	NaN
0.001272	NaN
0.0012716	NaN
0.0012831	NaN
0.001306	NaN
0.0013399	NaN
0.0013843	NaN
0.0014389	NaN
0.0015032	NaN
0.0015769	NaN
0.0016596	NaN
0.0017512	NaN
0.0018514	NaN
0.0019599	NaN
0.0020766	NaN
0.0022012	NaN
0.0023334	NaN
0.0024726	NaN
0.0026169	NaN
0.0027644	NaN
0.0029129	NaN
0.0030602	NaN
0.0032045	NaN
0.0033435	NaN
0.0034752	NaN
0.0035981	NaN
0.0037134	NaN
0.0038226	NaN
0.0039274	NaN
0.0040294	NaN
0.0041302	NaN
0.0042314	NaN
0.0043347	NaN
0.004444	NaN
0.004574	NaN
0.0047419	NaN
0.0049652	NaN
0.0052613	NaN
0.0056476	NaN
0.0061415	NaN
0.0067603	NaN
0.0075249	NaN
0.0084733	NaN
0.0096491	NaN
0.011096	NaN
0.012858	NaN
0.014978	NaN
0.0175	NaN
0.020468	NaN
0.023925	NaN
0.027918	NaN
0.03249	NaN
0.037688	NaN
0.043558	NaN
0.050145	NaN
0.057495	NaN
0.065652	NaN
0.074662	NaN
0.084553	NaN
0.095352	NaN
0.10708	-0.54598
0.11977	-0.54763
0.13344	-0.54765
0.14811	-0.54608
0.16381	-0.54296
0.18057	-0.53831
0.19837	-0.53223
0.2172	-0.52482
0.23705	-0.51616
0.25789	-0.50638
0.27971	-0.49556
0.3025	-0.48382
0.32622	-0.47125
0.35088	-0.45795
0.37638	-0.44398
0.40264	-0.42939
0.42955	-0.41423
0.45702	-0.39852
0.48495	-0.38232
0.51324	-0.36567
0.54179	-0.34861
0.5705	-0.33118
0.59926	-0.31343
0.62793	-0.29544
0.6564	-0.27724
0.68453	-0.25892
0.71219	-0.24051
0.73927	-0.2221
0.76563	-0.20372
0.79114	-0.18546
0.8157	-0.16739
0.83918	-0.14963
0.86149	-0.1323
0.88252	-0.11551
0.90216	-0.099373
0.9203	-0.084007
0.93684	-0.069527
0.95166	-0.056046
0.96468	-0.043685
0.97579	-0.032568
0.98493	-0.02282
0.99201	-0.014564
0.99694	-0.0079264
0.99963	-0.00303
1	0
0.99797	0.001042
0.99356	4.4165e-05
0.98691	-0.0029698
0.97814	-0.0079725
0.96739	-0.014937
0.95481	-0.023835
0.94052	-0.03464
0.92466	-0.047325
0.90738	-0.061862
0.8888	-0.078259
0.86907	-0.096563
0.84833	-0.11682
0.82673	-0.13909
0.80439	-0.16342
0.78148	-0.18985
0.75812	-0.21844
0.73445	-0.24923
0.71057	-0.28221
0.68646	-0.31727
0.66214	-0.35426
0.63758	-0.39309
0.61279	-0.43361
0.58775	-0.4757
0.56248	-0.51925
0.53695	-0.56413
0.51119	-0.61045
0.48527	-0.6587
0.45924	-0.70941
0.43319	-0.76311
0.40716	-0.82033
0.38123	-0.8816
0.35547	-0.94743
0.32995	-1.0184
0.30475	-1.094
0.28005	-1.1724
0.25601	-1.2513
0.23281	-1.3285
0.21061	-1.4016
0.18958	-1.4686
0.16989	-1.5272
0.15171	-1.5752
0.13515	-1.6134
0.12018	-1.6495
0.10673	-1.6922
0.094755	NaN
0.084206	NaN
0.075025	NaN
0.067161	NaN
0.060559	NaN
0.055153	NaN
0.050844	NaN
0.047528	NaN
0.0451	NaN
0.043454	NaN
0.042487	NaN
0.042094	NaN
0.04217	NaN
0.042623	NaN
0.043404	NaN
0.04447	NaN
0.045781	NaN
0.047292	NaN
0.048963	NaN
0.050751	NaN
0.052615	NaN
0.054508	NaN
0.056376	NaN
0.058161	NaN
0.059803	NaN
0.061245	NaN
0.06243	NaN
0.063297	NaN
0.06379	NaN
0.063863	NaN
0.063521	NaN
0.062786	NaN
0.061679	NaN
0.06022	NaN
0.05843	NaN
0.056329	NaN
0.053939	NaN
0.051285	NaN
0.048416	NaN
0.045389	NaN
0.042262	NaN
0.039091	NaN
0.035934	NaN
0.032847	NaN
0.029888	NaN
0.027109	NaN
0.024532	NaN
0.022167	NaN
0.020028	NaN
0.018123	NaN
0.016466	NaN
0.015066	NaN
0.013935	NaN
0.01308	NaN
0.012479	NaN
0.012096	NaN
0.011895	NaN
0.011842	NaN
0.011901	NaN
0.012037	NaN
0.012214	NaN
0.012398	NaN
0.01257	NaN
0.012714	NaN
0.012818	NaN
0.012867	NaN
0.012848	NaN
0.012747	NaN
0.01255	NaN
0.012246	NaN
0.011838	NaN
0.011343	NaN
0.010775	NaN
0.01015	NaN
0.0094828	NaN
0.0087885	NaN
0.0080824	NaN
0.0073793	NaN
0.0066904	NaN
0.0060242	NaN
0.0053892	NaN
0.0047937	NaN
0.0042464	NaN
0.0037555	NaN
0.0033297	NaN
0.0029768	NaN
0.0026973	NaN
0.0024856	NaN
0.0023362	NaN
0.0022433	NaN
0.0022011	NaN
0.0022041	NaN
0.0022466	NaN
0.0023228	NaN
0.0024272	NaN
0.002554	NaN
0.0026979	NaN
0.0028531	NaN
0.0030141	NaN
0.0031754	NaN
0.0033312	NaN
0.0034762	NaN
0.0036069	NaN
0.003722	NaN
0.0038204	NaN
0.003901	NaN
0.0039626	NaN
0.004004	NaN
0.0040242	NaN
0.0040219	NaN
0.0039974	NaN
0.0039519	NaN
0.0038871	NaN
0.0038045	NaN
0.0037057	NaN
0.0035921	NaN
0.0034654	NaN
0.0033271	NaN
0.0031789	NaN
0.0030227	NaN
0.0028604	NaN
0.0026942	NaN
0.0025258	NaN
0.0023573	NaN
0.0021905	NaN
0.0020276	NaN
0.0018697	NaN
0.0017172	NaN
0.0015705	NaN
0.0014298	NaN
0.0012955	NaN
0.0011676	NaN
0.0010467	NaN
0.00093284	NaN
0.0008263	NaN
0.00072706	NaN
0.00063509	NaN
0.00055033	NaN
0.00047278	NaN
0.00040238	NaN
0.00033911	NaN
0.00028294	NaN
0.0002337	NaN
0.00019099	NaN
0.00015434	NaN
0.00012329	NaN
9.7401e-05	NaN
7.6205e-05	NaN
5.9249e-05	NaN
4.6077e-05	NaN
3.6291e-05	NaN
2.964e-05	NaN
2.5898e-05	NaN
2.4836e-05	NaN
2.6228e-05	NaN
2.9847e-05	NaN
3.5465e-05	NaN
4.2855e-05	NaN
5.1763e-05	NaN
6.1857e-05	NaN
7.2788e-05	NaN
8.4207e-05	NaN
9.5767e-05	NaN
0.00010712	NaN
0.00011792	NaN
0.00012781	NaN
0.00013649	NaN
0.0001438	NaN
0.00014961	NaN
0.0001538	NaN
0.00015622	NaN
0.00015677	NaN
0.0001553	NaN
0.00015169	NaN
0.00014589	NaN
0.00013817	NaN
0.00012889	NaN
0.0001184	NaN
0.00010706	NaN
9.5235e-05	NaN
8.3271e-05	NaN
7.1529e-05	NaN
6.0332e-05	NaN
4.9829e-05	NaN
4.0121e-05	NaN
3.1305e-05	NaN
2.348e-05	NaN
1.6746e-05	NaN
1.1199e-05	NaN
6.9401e-06	NaN
4.0336e-06	NaN
2.3535e-06	NaN
1.7036e-06	NaN
1.8878e-06	NaN
2.7097e-06	NaN
3.9732e-06	NaN
5.482e-06	NaN
7.0399e-06	NaN
8.4674e-06	NaN
9.7027e-06	NaN
1.0734e-05	NaN
1.1549e-05	NaN
1.2135e-05	NaN
1.2482e-05	NaN
1.2577e-05	NaN
1.2409e-05	NaN
1.197e-05	NaN
1.1291e-05	NaN
1.0424e-05	NaN
9.4207e-06	NaN
8.331e-06	NaN
7.2064e-06	NaN
6.0981e-06	NaN
5.0571e-06	NaN
4.131e-06	NaN
3.3319e-06	NaN
2.6515e-06	NaN
2.0815e-06	NaN
1.6132e-06	NaN
1.2383e-06	NaN
9.4802e-07	NaN
7.3406e-07	NaN
5.8819e-07	NaN
5.0624e-07	NaN
4.8673e-07	NaN
5.2825e-07	NaN
6.2934e-07	NaN
7.8858e-07	NaN
1.0045e-06	NaN
1.2758e-06	NaN
1.6012e-06	NaN
1.9833e-06	NaN
2.428e-06	NaN
2.941e-06	NaN
3.528e-06	NaN
4.1948e-06	NaN
4.9473e-06	NaN
5.7911e-06	NaN
6.731e-06	NaN
7.7514e-06	NaN
8.8186e-06	NaN
9.8982e-06	NaN
1.0956e-05	NaN
1.1957e-05	NaN
1.2868e-05	NaN
1.3654e-05	NaN
1.4281e-05	NaN
1.4727e-05	NaN
1.4984e-05	NaN
1.5042e-05	NaN
1.4892e-05	NaN
1.4527e-05	NaN
1.3936e-05	NaN
1.3112e-05	NaN
1.2047e-05	NaN
1.0765e-05	NaN
9.334e-06	NaN
7.8197e-06	NaN
6.2903e-06	NaN
4.8132e-06	NaN
3.4562e-06	NaN
2.2869e-06	NaN
1.372e-06	NaN
7.4537e-07	NaN
3.9491e-07	NaN
3.0533e-07	NaN
4.6134e-07	NaN
8.4761e-07	NaN
1.4488e-06	NaN
2.2497e-06	NaN
3.2348e-06	NaN
4.3793e-06	NaN
5.6439e-06	NaN
6.9879e-06	NaN
8.3705e-06	NaN
9.7509e-06	NaN
1.1088e-05	NaN
1.2342e-05	NaN
1.3472e-05	NaN
1.4452e-05	NaN
1.5282e-05	NaN
1.5966e-05	NaN
1.6508e-05	NaN
1.6911e-05	NaN
1.718e-05	NaN
1.7317e-05	NaN
1.7327e-05	NaN
1.7216e-05	NaN
1.6996e-05	NaN
1.668e-05	NaN
1.628e-05	NaN
1.581e-05	NaN
1.5283e-05	NaN
1.4711e-05	NaN
1.4107e-05	NaN
1.3483e-05	NaN
1.2845e-05	NaN
1.2199e-05	NaN
1.1553e-05	NaN
1.0911e-05	NaN
1.0281e-05	NaN
9.6685e-06	NaN
9.0796e-06	NaN
8.5187e-06	NaN
7.9832e-06	NaN
7.4698e-06	NaN
6.9747e-06	NaN
6.4946e-06	NaN
6.0258e-06	NaN
5.5649e-06	NaN
5.1082e-06	NaN
4.6533e-06	NaN
4.2011e-06	NaN
3.7535e-06	NaN
3.3122e-06	NaN
2.879e-06	NaN
2.4557e-06	NaN
2.044e-06	NaN
1.6457e-06	NaN
1.2646e-06	NaN
9.1254e-07	NaN
6.036e-07	NaN
3.5172e-07	NaN
1.7091e-07	NaN
7.5154e-08	NaN
7.8442e-08	NaN
1.9477e-07	NaN
4.333e-07	NaN
7.7984e-07	NaN
1.2132e-06	NaN
1.7121e-06	NaN
2.2554e-06	NaN
2.8217e-06	NaN
3.39e-06	NaN
3.9389e-06	NaN
4.4487e-06	NaN
4.9078e-06	NaN
5.3076e-06	NaN
5.6395e-06	NaN
5.8947e-06	NaN
6.0647e-06	NaN
6.1409e-06	NaN
6.1145e-06	NaN
5.9796e-06	NaN
5.7469e-06	NaN
5.4345e-06	NaN
5.0605e-06	NaN
4.6428e-06	NaN
4.1994e-06	NaN
3.7485e-06	NaN
3.3079e-06	NaN
2.8946e-06	NaN
2.5144e-06	NaN
2.1685e-06	NaN
1.8578e-06	NaN
1.5831e-06	NaN
1.3455e-06	NaN
1.1459e-06	NaN
9.851e-07	NaN
8.6378e-07	NaN
7.7832e-07	NaN
7.2286e-07	NaN
6.9153e-07	NaN
6.7845e-07	NaN
6.7771e-07	NaN
6.8346e-07	NaN
6.8979e-07	NaN
6.9112e-07	NaN
6.8531e-07	NaN
6.7248e-07	NaN
6.5279e-07	NaN
6.2639e-07	NaN
5.9345e-07	NaN
5.5412e-07	NaN
5.0857e-07	NaN
4.5703e-07	NaN
4.0098e-07	NaN
3.4282e-07	NaN
2.8496e-07	NaN
2.2983e-07	NaN
1.7984e-07	NaN
1.3743e-07	NaN
1.0501e-07	NaN
8.4876e-08	NaN
7.7113e-08	NaN
7.9848e-08	NaN
9.1147e-08	NaN
1.0908e-07	NaN
1.317e-07	NaN
1.5708e-07	NaN
1.8329e-07	NaN
2.0842e-07	NaN
2.3123e-07	NaN
2.5118e-07	NaN
2.6775e-07	NaN
2.804e-07	NaN
2.8863e-07	NaN
2.9191e-07	NaN
2.8971e-07	NaN
2.8155e-07	NaN
2.6769e-07	NaN
2.4929e-07	NaN
2.2756e-07	NaN
2.0373e-07	NaN
1.7899e-07	NaN
1.5457e-07	NaN
1.3168e-07	NaN
1.1151e-07	NaN
9.4669e-08	NaN
8.0931e-08	NaN
7.0026e-08	NaN
6.168e-08	NaN
5.562e-08	NaN
5.1573e-08	NaN
4.9265e-08	NaN
4.8424e-08	NaN
4.8843e-08	NaN
5.0419e-08	NaN
5.3054e-08	NaN
5.6655e-08	NaN
6.1125e-08	NaN
6.6368e-08	NaN
7.229e-08	NaN
7.8794e-08	NaN
8.5706e-08	NaN
9.271e-08	NaN
9.9475e-08	NaN
1.0567e-07	NaN
1.1097e-07	NaN
1.1503e-07	NaN
1.1753e-07	NaN
1.1814e-07	NaN
1.1672e-07	NaN
1.1349e-07	NaN
1.0875e-07	NaN
1.0278e-07	NaN
9.5876e-08	NaN
8.8314e-08	NaN
8.0385e-08	NaN
7.2375e-08	NaN
6.4553e-08	NaN
5.7144e-08	NaN
5.0366e-08	NaN
4.4436e-08	NaN
3.9574e-08	NaN
3.5996e-08	NaN
3.3922e-08	NaN
3.3568e-08	NaN
3.5017e-08	NaN
3.7949e-08	NaN
4.1978e-08	NaN
4.6716e-08	NaN
5.1773e-08	NaN
5.6763e-08	NaN
6.1297e-08	NaN
6.4987e-08	NaN
6.7446e-08	NaN
6.8284e-08	NaN
6.7113e-08	NaN
6.3547e-08	NaN
5.7196e-08	NaN
4.7673e-08	NaN
3.4589e-08	NaN
1.7557e-08	NaN
2.8637e-10	NaN
2.9764e-09	NaN
5.4998e-09	NaN
7.8594e-09	NaN
