1.4789e-07	NaN
4.3705e-08	NaN
4.5402e-08	NaN
4.5286e-08	NaN
4.3662e-08	NaN
4.0836e-08	NaN
3.7113e-08	NaN
3.28e-08	NaN
2.8203e-08	NaN
2.3627e-08	NaN
1.9378e-08	NaN
1.5763e-08	NaN
1.3087e-08	NaN
1.1656e-08	NaN
1.1776e-08	NaN
1.3754e-08	NaN
1.7894e-08	NaN
2.4502e-08	NaN
3.3764e-08	NaN
4.5184e-08	NaN
5.803e-08	NaN
7.1573e-08	NaN
8.5081e-08	NaN
9.7823e-08	NaN
1.0907e-07	NaN
1.1808e-07	NaN
1.2425e-07	NaN
1.277e-07	NaN
1.2885e-07	NaN
1.2812e-07	NaN
1.2594e-07	NaN
1.2274e-07	NaN
1.1893e-07	NaN
1.1496e-07	NaN
1.1122e-07	NaN
1.0808e-07	NaN
1.0585e-07	NaN
1.0484e-07	NaN
1.0537e-07	NaN
1.0776e-07	NaN
1.1233e-07	NaN
1.194e-07	NaN
1.2923e-07	NaN
1.4174e-07	NaN
1.5659e-07	NaN
1.7348e-07	NaN
1.9209e-07	NaN
2.121e-07	NaN
2.3319e-07	NaN
2.5506e-07	NaN
2.7737e-07	NaN
2.9985e-07	NaN
3.2221e-07	NaN
3.4418e-07	NaN
3.6546e-07	NaN
3.858e-07	NaN
4.0489e-07	NaN
4.2248e-07	NaN
4.383e-07	NaN
4.5263e-07	NaN
4.6608e-07	NaN
4.7928e-07	NaN
4.9288e-07	NaN
5.075e-07	NaN
5.2379e-07	NaN
5.4236e-07	NaN
5.6387e-07	NaN
5.8883e-07	NaN
6.1773e-07	NaN
6.5101e-07	NaN
6.8915e-07	NaN
7.3261e-07	NaN
7.8184e-07	NaN
8.3732e-07	NaN
8.9955e-07	NaN
9.7012e-07	NaN
1.0517e-06	NaN
1.1469e-06	NaN
1.2586e-06	NaN
1.3893e-06	NaN
1.5418e-06	NaN
1.7188e-06	NaN
1.9229e-06	NaN
2.1562e-06	NaN
2.4199e-06	NaN
2.7152e-06	NaN
3.0434e-06	NaN
3.4055e-06	NaN
3.8029e-06	NaN
4.2367e-06	NaN
4.7081e-06	NaN
5.2151e-06	NaN
5.7515e-06	NaN
6.3111e-06	NaN
6.8876e-06	NaN
7.4745e-06	NaN
8.0655e-06	NaN
8.6542e-06	NaN
9.2344e-06	NaN
9.8041e-06	NaN
1.0368e-05	NaN
1.093e-05	NaN
1.1495e-05	NaN
1.2069e-05	NaN
1.2657e-05	NaN
1.3263e-05	NaN
1.3892e-05	NaN
1.4548e-05	NaN
1.5237e-05	NaN
1.5962e-05	NaN
1.6726e-05	NaN
1.7535e-05	NaN
1.8393e-05	NaN
1.9303e-05	NaN
2.0269e-05	NaN
2.1291e-05	NaN
2.2359e-05	NaN
2.346e-05	NaN
2.4585e-05	NaN
2.572e-05	NaN
2.6855e-05	NaN
2.7978e-05	NaN
2.9078e-05	NaN
3.0143e-05	NaN
3.1165e-05	NaN
3.2133e-05	NaN
3.3038e-05	NaN
3.387e-05	NaN
3.462e-05	NaN
3.5278e-05	NaN
3.5835e-05	NaN
3.6283e-05	NaN
3.6622e-05	NaN
3.6849e-05	NaN
3.6967e-05	NaN
3.6973e-05	NaN
3.6868e-05	NaN
3.6652e-05	NaN
3.6323e-05	NaN
3.5884e-05	NaN
3.5335e-05	NaN
3.4682e-05	NaN
3.3927e-05	NaN
3.3074e-05	NaN
3.2126e-05	NaN
3.1087e-05	NaN
2.996e-05	NaN
2.875e-05	NaN
2.7473e-05	NaN
2.6143e-05	NaN
2.4777e-05	NaN
2.3392e-05	NaN
2.2002e-05	NaN
2.0625e-05	NaN
1.9276e-05	NaN
1.797e-05	NaN
1.6719e-05	NaN
1.5534e-05	NaN
1.4425e-05	NaN
1.3403e-05	NaN
1.2477e-05	NaN
1.1658e-05	NaN
1.0957e-05	NaN
1.0383e-05	NaN
9.9382e-06	NaN
9.6222e-06	NaN
9.4351e-06	NaN
9.3766e-06	NaN
9.4468e-06	NaN
9.6453e-06	NaN
9.9723e-06	NaN
1.0429e-05	NaN
1.1026e-05	NaN
1.1778e-05	NaN
1.2699e-05	NaN
1.3804e-05	NaN
1.5108e-05	NaN
1.6625e-05	NaN
1.8369e-05	NaN
2.0347e-05	NaN
2.2509e-05	NaN
2.4777e-05	NaN
2.7072e-05	NaN
2.9315e-05	NaN
3.143e-05	NaN
3.3338e-05	NaN
3.496e-05	NaN
3.6224e-05	NaN
3.7105e-05	NaN
3.7604e-05	NaN
3.7722e-05	NaN
3.746e-05	NaN
3.682e-05	NaN
3.5804e-05	NaN
3.4411e-05	NaN
3.2649e-05	NaN
3.0566e-05	NaN
2.8241e-05	NaN
2.5751e-05	NaN
2.3177e-05	NaN
2.0595e-05	NaN
1.8084e-05	NaN
1.5723e-05	NaN
1.3585e-05	NaN
1.1693e-05	NaN
1.0027e-05	NaN
8.5673e-06	NaN
7.2955e-06	NaN
6.1921e-06	NaN
5.2377e-06	NaN
4.4129e-06	NaN
3.6988e-06	NaN
3.082e-06	NaN
2.554e-06	NaN
2.1062e-06	NaN
1.7302e-06	NaN
1.4176e-06	NaN
1.1599e-06	NaN
9.4866e-07	NaN
7.7574e-07	NaN
6.4023e-07	NaN
5.4818e-07	NaN
5.0594e-07	NaN
5.1984e-07	NaN
5.9624e-07	NaN
7.4147e-07	NaN
9.6189e-07	NaN
1.2637e-06	NaN
1.6481e-06	NaN
2.111e-06	NaN
2.648e-06	NaN
3.2546e-06	NaN
3.9264e-06	NaN
4.659e-06	NaN
5.4479e-06	NaN
6.2884e-06	NaN
7.1679e-06	NaN
8.0632e-06	NaN
8.9504e-06	NaN
9.8057e-06	NaN
1.0605e-05	NaN
1.1325e-05	NaN
1.1941e-05	NaN
1.2431e-05	NaN
1.2783e-05	NaN
1.301e-05	NaN
1.3123e-05	NaN
1.3136e-05	NaN
1.3061e-05	NaN
1.2911e-05	NaN
1.2699e-05	NaN
1.2438e-05	NaN
1.2139e-05	NaN
1.1815e-05	NaN
1.148e-05	NaN
1.1145e-05	NaN
1.0823e-05	NaN
1.0526e-05	NaN
1.0266e-05	NaN
1.0057e-05	NaN
9.9062e-06	NaN
9.8164e-06	NaN
9.7879e-06	NaN
9.8215e-06	NaN
9.918e-06	NaN
1.0078e-05	NaN
1.0303e-05	NaN
1.0593e-05	NaN
1.0936e-05	NaN
1.1293e-05	NaN
1.1619e-05	NaN
1.1869e-05	NaN
1.1999e-05	NaN
1.1964e-05	NaN
1.1721e-05	NaN
1.1224e-05	NaN
1.0454e-05	NaN
9.4631e-06	NaN
8.3125e-06	NaN
7.0651e-06	NaN
5.7836e-06	NaN
4.5305e-06	NaN
3.3684e-06	NaN
2.3598e-06	NaN
1.568e-06	NaN
1.0579e-06	NaN
8.9496e-07	NaN
1.1445e-06	NaN
1.8721e-06	NaN
3.1429e-06	NaN
5.0225e-06	NaN
7.5763e-06	NaN
1.0858e-05	NaN
1.4878e-05	NaN
1.9636e-05	NaN
2.5132e-05	NaN
3.1365e-05	NaN
3.8334e-05	NaN
4.6041e-05	NaN
5.4484e-05	NaN
6.3648e-05	NaN
7.3448e-05	NaN
8.378e-05	NaN
9.4541e-05	NaN
0.00010563	NaN
0.00011693	NaN
0.00012835	NaN
0.00013979	NaN
0.00015114	NaN
0.00016241	NaN
0.00017359	NaN
0.0001847	NaN
0.00019575	NaN
0.00020675	NaN
0.0002177	NaN
0.00022863	NaN
0.00023953	NaN
0.00025041	NaN
0.00026127	NaN
0.00027212	NaN
0.00028296	NaN
0.00029378	NaN
0.00030458	NaN
0.00031538	NaN
0.00032618	NaN
0.00033711	NaN
0.00034836	NaN
0.0003601	NaN
0.00037251	NaN
0.00038578	NaN
0.00040008	NaN
0.00041559	NaN
0.00043249	NaN
0.00045081	NaN
0.00047053	NaN
0.00049163	NaN
0.00051409	NaN
0.00053787	NaN
0.00056297	NaN
0.00058936	NaN
0.00061698	NaN
0.00064553	NaN
0.00067452	NaN
0.00070347	NaN
0.0007319	NaN
0.00075932	NaN
0.00078525	NaN
0.00080921	NaN
0.00083072	NaN
0.00084947	NaN
0.00086523	NaN
0.00087779	NaN
0.00088694	NaN
0.00089245	NaN
0.00089413	NaN
0.00089174	NaN
0.0008851	NaN
0.00087437	NaN
0.00086	NaN
0.00084244	NaN
0.00082215	NaN
0.00079959	NaN
0.00077522	NaN
0.00074949	NaN
0.00072285	NaN
0.0006955	NaN
0.00066741	NaN
0.00063853	NaN
0.00060881	NaN
0.00057822	NaN
0.0005467	NaN
0.00051421	NaN
0.00048074	NaN
0.00044694	NaN
0.00041422	NaN
0.00038401	NaN
0.00035777	NaN
0.00033693	NaN
0.00032294	NaN
0.00031723	NaN
0.00032122	NaN
0.00033533	NaN
0.00035869	NaN
0.00039037	NaN
0.00042942	NaN
0.0004749	NaN
0.00052586	NaN
0.00058138	NaN
0.0006405	NaN
0.00070217	NaN
0.00076513	NaN
0.00082814	NaN
0.00088993	NaN
0.00094927	NaN
0.0010049	NaN
0.0010555	NaN
0.0010999	NaN
0.0011377	NaN
0.00117	NaN
0.0011979	NaN
0.0012227	NaN
0.0012456	NaN
0.0012677	NaN
0.0012903	NaN
0.0013146	NaN
0.0013411	NaN
0.001369	NaN
0.0013975	NaN
0.0014256	NaN
0.0014524	NaN
0.0014769	NaN
0.0014983	NaN
0.0015157	NaN
0.0015287	NaN
0.0015382	NaN
0.0015456	NaN
0.0015519	NaN
0.0015585	NaN
0.0015664	NaN
0.0015768	NaN
0.001591	NaN
0.0016099	NaN
0.0016343	NaN
0.0016648	NaN
0.001702	NaN
0.0017464	NaN
0.0017988	NaN
0.0018596	NaN
0.0019296	NaN
0.0020097	NaN
0.0021027	NaN
0.0022114	NaN
0.0023388	NaN
0.0024877	NaN
0.002661	NaN
0.0028617	NaN
0.0030926	NaN
0.0033583	NaN
0.0036688	NaN
0.0040356	NaN
0.0044701	NaN
0.0049838	NaN
0.0055882	NaN
0.0062946	NaN
0.0071146	NaN
0.0080631	NaN
0.0091699	NaN
0.010469	NaN
0.011995	NaN
0.013781	NaN
0.015863	NaN
0.018273	NaN
0.021045	NaN
0.024216	NaN
0.027821	NaN
0.031899	NaN
0.036489	NaN
0.041628	NaN
0.047355	NaN
0.053708	NaN
0.060726	NaN
0.068444	NaN
0.076894	NaN
0.086099	NaN
0.096087	NaN
0.10688	-0.60157
0.11851	-0.60369
0.13101	-0.60418
0.14438	-0.60304
0.15867	-0.60028
0.1739	-0.59599
0.19008	-0.59026
0.20725	-0.5832
0.22543	-0.57491
0.24463	-0.56548
0.26489	-0.55502
0.28622	-0.54363
0.30865	-0.5314
0.33208	-0.51838
0.35641	-0.50459
0.3815	-0.49005
0.40723	-0.47478
0.43347	-0.4588
0.46011	-0.44213
0.48702	-0.42478
0.51407	-0.40678
0.54118	-0.38818
0.56828	-0.36903
0.59529	-0.3494
0.62214	-0.32935
0.64877	-0.30894
0.6751	-0.28823
0.70106	-0.26728
0.72657	-0.24616
0.75156	-0.22499
0.77593	-0.20391
0.79959	-0.18308
0.82244	-0.16265
0.84439	-0.14279
0.86534	-0.12363
0.88521	-0.10535
0.9039	-0.088079
0.9213	-0.071971
0.93728	-0.057151
0.95173	-0.043748
0.96452	-0.031892
0.97552	-0.021712
0.98463	-0.013336
0.9917	-0.0068928
0.99663	-0.0025082
0.99937	-0.00022297
1	0
0.99856	-0.0017994
0.9951	-0.0055812
0.98968	-0.011305
0.98236	-0.018932
0.97319	-0.028421
0.96223	-0.039735
0.94957	-0.052873
0.93536	-0.06788
0.91972	-0.084799
0.9028	-0.10368
0.88475	-0.12456
0.86568	-0.14749
0.84576	-0.17251
0.82511	-0.19967
0.80378	-0.22893
0.78169	-0.26015
0.75877	-0.29319
0.73493	-0.3279
0.7101	-0.36414
0.68421	-0.40176
0.65716	-0.44063
0.62889	-0.4806
0.59943	-0.52182
0.56897	-0.56484
0.53772	-0.61027
0.50589	-0.65867
0.47369	-0.71065
0.44131	-0.76679
0.40898	-0.82768
0.37689	-0.8939
0.34527	-0.96507
0.31436	-1.0393
0.28441	-1.1144
0.25566	-1.1884
0.22835	-1.2591
0.20273	-1.3246
0.17905	-1.3826
0.15755	-1.4312
0.13837	-1.4717
0.12139	-1.5119
0.10651	-1.5606
0.093606	NaN
0.082552	NaN
0.073231	NaN
0.065522	NaN
0.059304	NaN
0.054454	NaN
0.050842	NaN
0.04834	NaN
0.046818	NaN
0.046145	NaN
0.046191	NaN
0.046828	NaN
0.047924	NaN
0.049369	NaN
0.051099	NaN
0.053057	NaN
0.055188	NaN
0.057434	NaN
0.059741	NaN
0.062052	NaN
0.06431	NaN
0.066462	NaN
0.068457	NaN
0.070247	NaN
0.071781	NaN
0.073012	NaN
0.073889	NaN
0.074365	NaN
0.074389	NaN
0.073929	NaN
0.073013	NaN
0.071681	NaN
0.069974	NaN
0.067932	NaN
0.065598	NaN
0.06301	NaN
0.060211	NaN
0.057242	NaN
0.054151	NaN
0.050987	NaN
0.047799	NaN
0.044637	NaN
0.041548	NaN
0.038582	NaN
0.035789	NaN
0.033211	NaN
0.03086	NaN
0.028737	NaN
0.026845	NaN
0.025184	NaN
0.023757	NaN
0.022565	NaN
0.02161	NaN
0.02089	NaN
0.020384	NaN
0.020062	NaN
0.019896	NaN
0.019857	NaN
0.019915	NaN
0.020042	NaN
0.020208	NaN
0.020385	NaN
0.020553	NaN
0.020693	NaN
0.020788	NaN
0.020819	NaN
0.020768	NaN
0.020618	NaN
0.020351	NaN
0.019951	NaN
0.019421	NaN
0.018776	NaN
0.018028	NaN
0.017192	NaN
0.01628	NaN
0.015308	NaN
0.014287	NaN
0.013233	NaN
0.012158	NaN
0.011076	NaN
0.010003	NaN
0.0089505	NaN
0.0079338	NaN
0.0069664	NaN
0.0060624	NaN
0.0052352	NaN
0.0044924	NaN
0.0038376	NaN
0.0032742	NaN
0.0028058	NaN
0.0024358	NaN
0.0021678	NaN
0.0020052	NaN
0.0019511	NaN
0.0020018	NaN
0.0021481	NaN
0.0023809	NaN
0.0026909	NaN
0.0030689	NaN
0.0035057	NaN
0.0039921	NaN
0.0045187	NaN
0.0050762	NaN
0.0056548	NaN
0.0062446	NaN
0.0068361	NaN
0.0074193	NaN
0.0079846	NaN
0.0085221	NaN
0.0090224	NaN
0.0094798	NaN
0.009893	NaN
0.010261	NaN
0.010582	NaN
0.010857	NaN
0.011082	NaN
0.011258	NaN
0.011382	NaN
0.011456	NaN
0.011482	NaN
0.011459	NaN
0.011391	NaN
0.011279	NaN
0.011125	NaN
0.01093	NaN
0.010696	NaN
0.010425	NaN
0.010121	NaN
0.009787	NaN
0.0094256	NaN
0.0090405	NaN
0.0086347	NaN
0.0082116	NaN
0.0077742	NaN
0.0073267	NaN
0.0068743	NaN
0.0064226	NaN
0.0059769	NaN
0.0055427	NaN
0.0051255	NaN
0.0047306	NaN
0.0043636	NaN
0.0040284	NaN
0.0037261	NaN
0.0034574	NaN
0.0032233	NaN
0.0030245	NaN
0.0028618	NaN
0.0027361	NaN
0.0026481	NaN
0.0025977	NaN
0.0025823	NaN
0.0025992	NaN
0.0026455	NaN
0.0027187	NaN
0.0028157	NaN
0.002934	NaN
0.0030707	NaN
0.0032232	NaN
0.0033895	NaN
0.0035674	NaN
0.003755	NaN
0.0039502	NaN
0.004151	NaN
0.0043553	NaN
0.0045612	NaN
0.0047667	NaN
0.0049703	NaN
0.0051706	NaN
0.0053662	NaN
0.0055558	NaN
0.0057379	NaN
0.005911	NaN
0.0060739	NaN
0.006225	NaN
0.0063633	NaN
0.0064876	NaN
0.0065966	NaN
0.0066893	NaN
0.0067644	NaN
0.0068207	NaN
0.0068573	NaN
0.0068732	NaN
0.00687	NaN
0.0068495	NaN
0.0068136	NaN
0.0067644	NaN
0.0067036	NaN
0.0066332	NaN
0.0065551	NaN
0.0064711	NaN
0.0063821	NaN
0.0062889	NaN
0.006192	NaN
0.0060922	NaN
0.0059902	NaN
0.0058867	NaN
0.0057824	NaN
0.0056779	NaN
0.0055731	NaN
0.0054676	NaN
0.0053612	NaN
0.0052536	NaN
0.0051444	NaN
0.0050333	NaN
0.00492	NaN
0.0048042	NaN
0.0046863	NaN
0.0045664	NaN
0.0044451	NaN
0.0043228	NaN
0.0041997	NaN
0.0040764	NaN
0.0039532	NaN
0.0038305	NaN
0.0037084	NaN
0.003587	NaN
0.0034663	NaN
0.0033462	NaN
0.0032269	NaN
0.0031084	NaN
0.0029906	NaN
0.0028737	NaN
0.002757	NaN
0.00264	NaN
0.0025217	NaN
0.0024016	NaN
0.0022789	NaN
0.0021529	NaN
0.0020227	NaN
0.0018879	NaN
0.0017489	NaN
0.0016072	NaN
0.001464	NaN
0.0013208	NaN
0.001179	NaN
0.0010399	NaN
0.00090485	NaN
0.00077531	NaN
0.00065263	NaN
0.00053816	NaN
0.00043327	NaN
0.00033935	NaN
0.00025774	NaN
0.00018982	NaN
0.00013696	NaN
0.00010048	NaN
8.0717e-05	NaN
7.7133e-05	NaN
8.9168e-05	NaN
0.00011626	NaN
0.00015784	NaN
0.00021336	NaN
0.00028224	NaN
0.0003639	NaN
0.00045702	NaN
0.0005596	NaN
0.00066956	NaN
0.00078483	NaN
0.00090337	NaN
0.0010231	NaN
0.001142	NaN
0.0012579	NaN
0.0013693	NaN
0.0014749	NaN
0.0015736	NaN
0.0016642	NaN
0.0017456	NaN
0.0018165	NaN
0.001876	NaN
0.0019227	NaN
0.0019563	NaN
0.0019772	NaN
0.0019861	NaN
0.0019835	NaN
0.0019701	NaN
0.0019463	NaN
0.0019128	NaN
0.0018702	NaN
0.0018191	NaN
0.0017604	NaN
0.001695	NaN
0.0016236	NaN
0.0015472	NaN
0.0014665	NaN
0.0013825	NaN
0.0012959	NaN
0.0012078	NaN
0.001119	NaN
0.0010307	NaN
0.00094383	NaN
0.00085944	NaN
0.00077855	NaN
0.00070218	NaN
0.00063136	NaN
0.00056677	NaN
0.00050835	NaN
0.00045594	NaN
0.00040941	NaN
0.00036858	NaN
0.00033332	NaN
0.00030346	NaN
0.00027886	NaN
0.00025924	NaN
0.00024408	NaN
0.00023278	NaN
0.00022476	NaN
0.00021943	NaN
0.00021622	NaN
0.00021454	NaN
0.00021379	NaN
0.00021349	NaN
0.00021335	NaN
0.00021316	NaN
0.00021268	NaN
0.0002117	NaN
0.00020998	NaN
0.00020731	NaN
0.00020345	NaN
0.00019825	NaN
0.00019183	NaN
0.00018435	NaN
0.00017596	NaN
0.00016685	NaN
0.00015716	NaN
0.00014707	NaN
0.00013673	NaN
0.00012631	NaN
0.00011591	NaN
0.00010562	NaN
9.5548e-05	NaN
8.5782e-05	NaN
7.642e-05	NaN
6.7558e-05	NaN
5.9292e-05	NaN
5.1702e-05	NaN
4.4785e-05	NaN
3.8515e-05	NaN
3.2864e-05	NaN
2.7807e-05	NaN
2.3315e-05	NaN
1.9363e-05	NaN
1.5924e-05	NaN
1.2969e-05	NaN
1.0462e-05	NaN
8.3593e-06	NaN
6.622e-06	NaN
5.2086e-06	NaN
4.0782e-06	NaN
3.1899e-06	NaN
2.5026e-06	NaN
1.9774e-06	NaN
1.5876e-06	NaN
1.3119e-06	NaN
1.129e-06	NaN
1.0176e-06	NaN
9.5623e-07	NaN
9.2367e-07	NaN
8.9854e-07	NaN
8.6145e-07	NaN
8.0861e-07	NaN
7.4381e-07	NaN
6.7086e-07	NaN
5.9362e-07	NaN
5.1591e-07	NaN
4.4157e-07	NaN
3.7443e-07	NaN
3.18e-07	NaN
2.7266e-07	NaN
2.3698e-07	NaN
2.0954e-07	NaN
1.8891e-07	NaN
1.7366e-07	NaN
1.6237e-07	NaN
1.536e-07	NaN
1.4604e-07	NaN
1.3979e-07	NaN
1.3585e-07	NaN
1.3524e-07	NaN
1.39e-07	NaN
1.4815e-07	NaN
1.637e-07	NaN
1.8669e-07	NaN
2.1803e-07	NaN
2.5687e-07	NaN
3.0108e-07	NaN
3.4847e-07	NaN
3.9687e-07	NaN
4.4409e-07	NaN
4.8796e-07	NaN
5.263e-07	NaN
5.5698e-07	NaN
5.7899e-07	NaN
5.9226e-07	NaN
5.9676e-07	NaN
5.9245e-07	NaN
5.7931e-07	NaN
5.573e-07	NaN
5.2639e-07	NaN
4.866e-07	NaN
4.3904e-07	NaN
3.8597e-07	NaN
3.2968e-07	NaN
2.7246e-07	NaN
2.166e-07	NaN
1.6441e-07	NaN
1.1817e-07	NaN
8.0133e-08	NaN
5.1097e-08	NaN
3.0164e-08	NaN
1.6342e-08	NaN
8.6397e-09	NaN
6.0655e-09	NaN
7.6276e-09	NaN
1.2334e-08	NaN
1.9198e-08	NaN
2.7406e-08	NaN
3.6383e-08	NaN
4.5571e-08	NaN
5.4411e-08	NaN
6.2343e-08	NaN
6.8809e-08	NaN
7.3251e-08	NaN
7.5115e-08	NaN
7.4213e-08	NaN
7.0929e-08	NaN
6.5693e-08	NaN
5.8936e-08	NaN
5.1092e-08	NaN
4.259e-08	NaN
3.3864e-08	NaN
2.5343e-08	NaN
1.7457e-08	NaN
1.0627e-08	NaN
5.2716e-09	NaN
1.8127e-09	NaN
6.7012e-10	NaN
2.2644e-09	NaN
7.0158e-09	NaN
1.5343e-08	NaN
2.7382e-08	NaN
4.2676e-08	NaN
6.0691e-08	NaN
8.0892e-08	NaN
1.0275e-07	NaN
1.2572e-07	NaN
1.4929e-07	NaN
1.729e-07	NaN
1.9612e-07	NaN
2.1867e-07	NaN
2.4031e-07	NaN
2.6082e-07	NaN
2.7996e-07	NaN
2.9748e-07	NaN
3.1316e-07	NaN
3.2675e-07	NaN
3.3806e-07	NaN
3.4694e-07	NaN
3.5326e-07	NaN
3.5692e-07	NaN
3.5778e-07	NaN
3.5572e-07	NaN
3.5063e-07	NaN
3.4238e-07	NaN
3.3084e-07	NaN
3.159e-07	NaN
2.9743e-07	NaN
2.7531e-07	NaN
2.4941e-07	NaN
2.1963e-07	NaN
1.8583e-07	NaN
