1.2168e-06	NaN
1.3076e-06	NaN
1.3873e-06	NaN
1.4566e-06	NaN
1.5164e-06	NaN
1.5673e-06	NaN
1.61e-06	NaN
1.6453e-06	NaN
1.6739e-06	NaN
1.6965e-06	NaN
1.7139e-06	NaN
1.7268e-06	NaN
1.7357e-06	NaN
1.7399e-06	NaN
1.7383e-06	NaN
1.7298e-06	NaN
1.7132e-06	NaN
1.6874e-06	NaN
1.6513e-06	NaN
1.6038e-06	NaN
1.5441e-06	NaN
1.4738e-06	NaN
1.3956e-06	NaN
1.3121e-06	NaN
1.2259e-06	NaN
1.1396e-06	NaN
1.0559e-06	NaN
9.7735e-07	NaN
9.064e-07	NaN
8.437e-07	NaN
7.8911e-07	NaN
7.4247e-07	NaN
7.0364e-07	NaN
6.7247e-07	NaN
6.4879e-07	NaN
6.3247e-07	NaN
6.2316e-07	NaN
6.1888e-07	NaN
6.1671e-07	NaN
6.1372e-07	NaN
6.0698e-07	NaN
5.9357e-07	NaN
5.7056e-07	NaN
5.3501e-07	NaN
4.8441e-07	NaN
4.2077e-07	NaN
3.4904e-07	NaN
2.742e-07	NaN
2.0124e-07	NaN
1.3517e-07	NaN
8.0953e-08	NaN
4.3594e-08	NaN
2.7677e-08	NaN
3.2079e-08	NaN
5.1442e-08	NaN
8.0308e-08	NaN
1.1322e-07	NaN
1.4472e-07	NaN
1.6936e-07	NaN
1.8167e-07	NaN
1.7657e-07	NaN
1.5545e-07	NaN
1.2529e-07	NaN
9.3249e-08	NaN
6.6467e-08	NaN
5.2097e-08	NaN
5.7292e-08	NaN
8.9202e-08	NaN
1.546e-07	NaN
2.5167e-07	NaN
3.701e-07	NaN
4.9922e-07	NaN
6.2836e-07	NaN
7.4686e-07	NaN
8.4402e-07	NaN
9.0919e-07	NaN
9.3213e-07	NaN
9.1532e-07	NaN
8.7585e-07	NaN
8.3157e-07	NaN
8.0034e-07	NaN
8.0004e-07	NaN
8.4852e-07	NaN
9.6364e-07	NaN
1.1628e-06	NaN
1.4465e-06	NaN
1.7923e-06	NaN
2.1766e-06	NaN
2.5756e-06	NaN
2.9655e-06	NaN
3.3224e-06	NaN
3.6228e-06	NaN
3.843e-06	NaN
3.9749e-06	NaN
4.0338e-06	NaN
4.0372e-06	NaN
4.0023e-06	NaN
3.9465e-06	NaN
3.887e-06	NaN
3.8413e-06	NaN
3.8266e-06	NaN
3.8541e-06	NaN
3.9239e-06	NaN
4.0352e-06	NaN
4.1871e-06	NaN
4.3788e-06	NaN
4.6095e-06	NaN
4.8781e-06	NaN
5.1839e-06	NaN
5.5242e-06	NaN
5.8928e-06	NaN
6.2829e-06	NaN
6.688e-06	NaN
7.1012e-06	NaN
7.5159e-06	NaN
7.9255e-06	NaN
8.3233e-06	NaN
8.7258e-06	NaN
9.2058e-06	NaN
9.8441e-06	NaN
1.0721e-05	NaN
1.1919e-05	NaN
1.3516e-05	NaN
1.5596e-05	NaN
1.8238e-05	NaN
2.1499e-05	NaN
2.5371e-05	NaN
2.9835e-05	NaN
3.4869e-05	NaN
4.0454e-05	NaN
4.657e-05	NaN
5.3196e-05	NaN
6.0312e-05	NaN
6.7877e-05	NaN
7.5773e-05	NaN
8.3871e-05	NaN
9.204e-05	NaN
0.00010015	NaN
0.00010806	NaN
0.00011566	NaN
0.0001228	NaN
0.00012936	NaN
0.00013525	NaN
0.00014039	NaN
0.00014468	NaN
0.00014803	NaN
0.00015036	NaN
0.00015159	NaN
0.00015162	NaN
0.0001504	NaN
0.00014804	NaN
0.00014468	NaN
0.00014047	NaN
0.00013555	NaN
0.00013008	NaN
0.00012421	NaN
0.00011808	NaN
0.00011184	NaN
0.00010572	NaN
9.9937e-05	NaN
9.4724e-05	NaN
9.0309e-05	NaN
8.6921e-05	NaN
8.4791e-05	NaN
8.4148e-05	NaN
8.5211e-05	NaN
8.8136e-05	NaN
9.3053e-05	NaN
0.00010009	NaN
0.00010939	NaN
0.00012106	NaN
0.00013526	NaN
0.00015209	NaN
0.00017169	NaN
0.00019404	NaN
0.00021909	NaN
0.00024678	NaN
0.00027705	NaN
0.00030984	NaN
0.0003451	NaN
0.00038275	NaN
0.00042271	NaN
0.00046449	NaN
0.00050741	NaN
0.00055078	NaN
0.00059391	NaN
0.00063611	NaN
0.00067669	NaN
0.00071497	NaN
0.00075029	NaN
0.00078235	NaN
0.00081106	NaN
0.00083633	NaN
0.00085809	NaN
0.00087626	NaN
0.00089074	NaN
0.00090147	NaN
0.00090837	NaN
0.00091158	NaN
0.0009114	NaN
0.00090812	NaN
0.00090203	NaN
0.00089342	NaN
0.0008826	NaN
0.00086984	NaN
0.00085547	NaN
0.00083996	NaN
0.00082399	NaN
0.0008082	NaN
0.00079325	NaN
0.0007798	NaN
0.00076852	NaN
0.00076006	NaN
0.00075508	NaN
0.00075407	NaN
0.0007574	NaN
0.00076543	NaN
0.00077851	NaN
0.00079699	NaN
0.00082123	NaN
0.00085158	NaN
0.00088839	NaN
0.00093134	NaN
0.00097943	NaN
0.0010316	NaN
0.0010869	NaN
0.0011441	NaN
0.0012023	NaN
0.0012604	NaN
0.0013175	NaN
0.0013727	NaN
0.0014262	NaN
0.0014777	NaN
0.0015273	NaN
0.0015749	NaN
0.0016204	NaN
0.0016638	NaN
0.0017051	NaN
0.0017443	NaN
0.0017821	NaN
0.001819	NaN
0.0018557	NaN
0.0018926	NaN
0.0019303	NaN
0.0019695	NaN
0.0020106	NaN
0.002054	NaN
0.0020996	NaN
0.0021469	NaN
0.002196	NaN
0.0022464	NaN
0.002298	NaN
0.0023505	NaN
0.0024038	NaN
0.0024577	NaN
0.0025122	NaN
0.0025675	NaN
0.0026236	NaN
0.0026808	NaN
0.002739	NaN
0.0027984	NaN
0.0028591	NaN
0.0029209	NaN
0.0029828	NaN
0.0030438	NaN
0.0031028	NaN
0.0031589	NaN
0.0032108	NaN
0.0032577	NaN
0.0032984	NaN
0.0033322	NaN
0.0033591	NaN
0.0033793	NaN
0.0033929	NaN
0.0034001	NaN
0.0034011	NaN
0.0033959	NaN
0.0033849	NaN
0.0033679	NaN
0.0033443	NaN
0.0033134	NaN
0.0032744	NaN
0.0032266	NaN
0.0031692	NaN
0.0031015	NaN
0.0030227	NaN
0.0029324	NaN
0.0028313	NaN
0.0027206	NaN
0.0026014	NaN
0.0024746	NaN
0.0023414	NaN
0.0022028	NaN
0.0020599	NaN
0.001914	NaN
0.0017666	NaN
0.0016196	NaN
0.0014748	NaN
0.001334	NaN
0.001199	NaN
0.0010717	NaN
0.00095384	NaN
0.00084697	NaN
0.00075109	NaN
0.00066566	NaN
0.00059018	NaN
0.00052413	NaN
0.00046698	NaN
0.00041822	NaN
0.00037734	NaN
0.00034385	NaN
0.00031754	NaN
0.0002983	NaN
0.00028602	NaN
0.00028059	NaN
0.00028189	NaN
0.00028982	NaN
0.00030426	NaN
0.00032519	NaN
0.00035324	NaN
0.00038937	NaN
0.00043452	NaN
0.00048963	NaN
0.00055564	NaN
0.0006335	NaN
0.00072415	NaN
0.00082851	NaN
0.00094724	NaN
0.0010809	NaN
0.00123	NaN
0.001395	NaN
0.0015765	NaN
0.0017751	NaN
0.0019912	NaN
0.0022254	NaN
0.0024782	NaN
0.0027501	NaN
0.0030417	NaN
0.0033534	NaN
0.0036858	NaN
0.0040393	NaN
0.0044145	NaN
0.0048117	NaN
0.0052298	NaN
0.0056661	NaN
0.0061183	NaN
0.0065838	NaN
0.0070601	NaN
0.0075446	NaN
0.008035	NaN
0.0085288	NaN
0.0090232	NaN
0.0095157	NaN
0.010004	NaN
0.010485	NaN
0.010956	NaN
0.011414	NaN
0.011858	NaN
0.012283	NaN
0.012689	NaN
0.013071	NaN
0.013429	NaN
0.013758	NaN
0.014056	NaN
0.014322	NaN
0.014552	NaN
0.014743	NaN
0.014894	NaN
0.015002	NaN
0.015064	NaN
0.015078	NaN
0.015042	NaN
0.014953	NaN
0.014809	NaN
0.014607	NaN
0.01435	NaN
0.014044	NaN
0.013697	NaN
0.013316	NaN
0.012909	NaN
0.012483	NaN
0.012045	NaN
0.011603	NaN
0.011164	NaN
0.010735	NaN
0.010322	NaN
0.0099329	NaN
0.0095736	NaN
0.0092513	NaN
0.0089726	NaN
0.0087444	NaN
0.0085711	NaN
0.0084528	NaN
0.0083895	NaN
0.0083811	NaN
0.0084273	NaN
0.0085282	NaN
0.0086836	NaN
0.0088933	NaN
0.0091562	NaN
0.0094692	NaN
0.0098287	NaN
0.010231	NaN
0.010674	NaN
0.011153	NaN
0.011665	NaN
0.012206	NaN
0.012773	NaN
0.013362	NaN
0.013969	NaN
0.014591	NaN
0.015222	NaN
0.015859	NaN
0.016499	NaN
0.017136	NaN
0.017769	NaN
0.018398	NaN
0.019024	NaN
0.019648	NaN
0.020272	NaN
0.020896	NaN
0.021521	NaN
0.02215	NaN
0.022783	NaN
0.023426	NaN
0.024085	NaN
0.024766	NaN
0.025475	NaN
0.026217	NaN
0.026999	NaN
0.027826	NaN
0.028706	NaN
0.029649	NaN
0.030669	NaN
0.031777	NaN
0.032986	NaN
0.034308	NaN
0.035757	NaN
0.037343	NaN
0.039078	NaN
0.040967	NaN
0.043012	NaN
0.045216	NaN
0.047581	NaN
0.05011	NaN
0.052806	NaN
0.055671	NaN
0.058708	NaN
0.061917	NaN
0.0653	NaN
0.068858	NaN
0.07259	NaN
0.076498	NaN
0.080582	NaN
0.084843	NaN
0.089289	NaN
0.09397	NaN
0.098951	NaN
0.1043	-0.32354
0.11008	-0.34218
0.11635	-0.36021
0.1232	-0.37729
0.13067	-0.39308
0.13884	-0.40726
0.1478	-0.41967
0.15766	-0.43024
0.16851	-0.43889
0.18046	-0.44552
0.19361	-0.45007
0.20807	-0.45245
0.22394	-0.45257
0.2413	-0.45038
0.26009	-0.44593
0.2802	-0.43935
0.30147	-0.43078
0.32379	-0.42033
0.34701	-0.40814
0.37101	-0.39434
0.39566	-0.37905
0.42082	-0.36241
0.44633	-0.34451
0.47201	-0.32545
0.49767	-0.30531
0.52315	-0.28418
0.54826	-0.26215
0.57282	-0.2393
0.59665	-0.21573
0.61959	-0.19153
0.64165	-0.16691
0.66295	-0.14215
0.68363	-0.11754
0.70382	-0.093356
0.72366	-0.069893
0.74327	-0.047434
0.76279	-0.026263
0.78234	-0.0066599
0.80191	0.011173
0.82136	0.027101
0.84057	0.040987
0.8594	0.052698
0.87772	0.062099
0.8954	0.069055
0.91229	0.073431
0.92828	0.075099
0.94318	0.074052
0.9568	0.070398
0.96892	0.064249
0.97935	0.055717
0.98788	0.044914
0.9943	0.031952
0.99841	0.016944
1	0
0.99891	-0.018803
0.995	-0.039424
0.98813	-0.061822
0.97818	-0.08596
0.96501	-0.1118
0.94849	-0.1393
0.92849	-0.16842
0.90487	-0.19912
0.87772	-0.23131
0.84734	-0.26485
0.81408	-0.29959
0.77827	-0.33537
0.74025	-0.37206
0.70035	-0.40949
0.6589	-0.44753
0.61625	-0.48602
0.57277	-0.52518
0.52893	-0.56574
0.48518	-0.60845
0.44198	-0.65408
0.39981	-0.70339
0.35912	-0.75714
0.32037	-0.81609
0.28403	-0.88099
0.25039	-0.95185
0.21947	-1.0274
0.19128	-1.1063
0.16583	-1.1872
0.14311	-1.2687
0.12312	-1.3494
0.10588	-1.4281
0.091369	NaN
0.07953	NaN
0.070153	NaN
0.063015	NaN
0.057893	NaN
0.054564	NaN
0.052805	NaN
0.052394	NaN
0.053107	NaN
0.054727	NaN
0.057052	NaN
0.059881	NaN
0.063011	NaN
0.066243	NaN
0.069374	NaN
0.072203	NaN
0.07453	NaN
0.076203	NaN
0.077204	NaN
0.077537	NaN
0.077205	NaN
0.076211	NaN
0.074559	NaN
0.072251	NaN
0.069292	NaN
0.065709	NaN
0.061602	NaN
0.057087	NaN
0.05228	NaN
0.047295	NaN
0.042247	NaN
0.037253	NaN
0.032428	NaN
0.027868	NaN
0.023607	NaN
0.019661	NaN
0.01605	NaN
0.012789	NaN
0.0098975	NaN
0.0073925	NaN
0.0052916	NaN
0.0036033	NaN
0.0022959	NaN
0.0013272	NaN
0.00065485	NaN
0.00023661	NaN
3.0181e-05	NaN
6.7221e-06	NaN
8.3617e-05	NaN
0.00026209	NaN
0.00050574	NaN
0.0007967	NaN
0.0011171	NaN
0.0014491	NaN
0.0017748	NaN
0.0020764	NaN
0.0023359	NaN
0.0025379	NaN
0.002681	NaN
0.002769	NaN
0.0028057	NaN
0.0027949	NaN
0.0027405	NaN
0.0026462	NaN
0.002516	NaN
0.0023538	NaN
0.0021655	NaN
0.0019578	NaN
0.0017371	NaN
0.0015102	NaN
0.0012836	NaN
0.0010639	NaN
0.00085769	NaN
0.00067117	NaN
0.00050669	NaN
0.0003647	NaN
0.00024562	NaN
0.00014989	NaN
7.794e-05	NaN
3.0196e-05	NaN
7.0902e-06	NaN
8.8909e-06	NaN
3.4176e-05	NaN
8.0531e-05	NaN
0.00014553	NaN
0.00022674	NaN
0.00032174	NaN
0.00042809	NaN
0.00054337	NaN
0.00066514	NaN
0.0007907	NaN
0.00091717	NaN
0.0010417	NaN
0.0011614	NaN
0.0012734	NaN
0.0013749	NaN
0.001463	NaN
0.0015349	NaN
0.0015912	NaN
0.0016345	NaN
0.0016678	NaN
0.001694	NaN
0.0017158	NaN
0.0017362	NaN
0.0017581	NaN
0.0017842	NaN
0.001817	NaN
0.0018586	NaN
0.0019111	NaN
0.0019763	NaN
0.0020565	NaN
0.0021537	NaN
0.0022698	NaN
0.0024069	NaN
0.0025634	NaN
0.0027345	NaN
0.002915	NaN
0.0030997	NaN
0.0032835	NaN
0.0034614	NaN
0.0036282	NaN
0.0037788	NaN
0.0039109	NaN
0.0040255	NaN
0.0041239	NaN
0.0042073	NaN
0.0042769	NaN
0.0043338	NaN
0.0043794	NaN
0.0044147	NaN
0.0044405	NaN
0.0044563	NaN
0.0044618	NaN
0.0044566	NaN
0.0044404	NaN
0.0044128	NaN
0.0043734	NaN
0.0043218	NaN
0.0042581	NaN
0.0041831	NaN
0.0040974	NaN
0.004002	NaN
0.0038976	NaN
0.003785	NaN
0.003665	NaN
0.0035384	NaN
0.0034061	NaN
0.0032692	NaN
0.0031289	NaN
0.0029861	NaN
0.0028421	NaN
0.002698	NaN
0.0025549	NaN
0.0024138	NaN
0.0022757	NaN
0.0021408	NaN
0.002009	NaN
0.0018807	NaN
0.0017557	NaN
0.0016344	NaN
0.0015167	NaN
0.0014028	NaN
0.001293	NaN
0.0011876	NaN
0.0010872	NaN
0.00099229	NaN
0.00090342	NaN
0.00082109	NaN
0.00074582	NaN
0.00067811	NaN
0.0006183	NaN
0.0005662	NaN
0.00052148	NaN
0.00048385	NaN
0.00045301	NaN
0.00042863	NaN
0.00041043	NaN
0.00039808	NaN
0.00039124	NaN
0.00038933	NaN
0.00039178	NaN
0.00039796	NaN
0.00040729	NaN
0.00041916	NaN
0.00043297	NaN
0.00044812	NaN
0.00046408	NaN
0.00048064	NaN
0.00049767	NaN
0.00051502	NaN
0.00053257	NaN
0.00055018	NaN
0.00056771	NaN
0.00058502	NaN
0.00060195	NaN
0.00061812	NaN
0.0006331	NaN
0.00064644	NaN
0.00065771	NaN
0.00066648	NaN
0.00067231	NaN
0.00067477	NaN
0.00067352	NaN
0.0006688	NaN
0.00066107	NaN
0.00065078	NaN
0.00063839	NaN
0.00062434	NaN
0.0006091	NaN
0.00059312	NaN
0.00057688	NaN
0.00056104	NaN
0.00054634	NaN
0.00053354	NaN
0.00052337	NaN
0.00051658	NaN
0.0005139	NaN
0.00051609	NaN
0.0005238	NaN
0.00053705	NaN
0.00055551	NaN
0.00057886	NaN
0.00060678	NaN
0.00063895	NaN
0.00067505	NaN
0.00071476	NaN
0.00075772	NaN
0.00080322	NaN
0.00085039	NaN
0.0008983	NaN
0.00094608	NaN
0.00099281	NaN
0.0010376	NaN
0.0010796	NaN
0.0011178	NaN
0.0011515	NaN
0.0011799	NaN
0.0012023	NaN
0.0012179	NaN
0.0012261	NaN
0.001226	NaN
0.0012169	NaN
0.0011982	NaN
0.00117	NaN
0.0011335	NaN
0.0010894	NaN
0.0010389	NaN
0.00098286	NaN
0.0009223	NaN
0.00085821	NaN
0.00079156	NaN
0.0007233	NaN
0.00065433	NaN
0.00058559	NaN
0.00051797	NaN
0.0004524	NaN
0.00038978	NaN
0.00033104	NaN
0.00027707	NaN
0.00022832	NaN
0.00018479	NaN
0.00014645	NaN
0.00011328	NaN
8.526e-05	NaN
6.236e-05	NaN
4.4558e-05	NaN
3.1823e-05	NaN
2.395e-05	NaN
2.0523e-05	NaN
2.1115e-05	NaN
2.5298e-05	NaN
3.2644e-05	NaN
4.2725e-05	NaN
5.5114e-05	NaN
6.9384e-05	NaN
8.5175e-05	NaN
0.00010222	NaN
0.00012024	NaN
0.000139	NaN
0.00015821	NaN
0.00017761	NaN
0.00019695	NaN
0.00021596	NaN
0.00023436	NaN
0.00025187	NaN
0.00026821	NaN
0.00028308	NaN
0.0002962	NaN
0.00030728	NaN
0.00031603	NaN
0.00032218	NaN
0.00032563	NaN
0.0003267	NaN
0.00032572	NaN
0.00032305	NaN
0.00031902	NaN
0.00031398	NaN
0.00030828	NaN
0.00030225	NaN
0.00029619	NaN
0.00029026	NaN
0.00028461	NaN
0.0002794	NaN
0.00027478	NaN
0.00027088	NaN
0.00026788	NaN
0.00026592	NaN
0.00026503	NaN
0.00026501	NaN
0.00026559	NaN
0.0002665	NaN
0.00026749	NaN
0.0002683	NaN
0.00026865	NaN
0.00026829	NaN
0.00026702	NaN
0.00026486	NaN
0.00026186	NaN
0.00025806	NaN
0.00025351	NaN
0.00024827	NaN
0.00024239	NaN
0.0002359	NaN
0.00022885	NaN
0.00022124	NaN
0.00021306	NaN
0.00020429	NaN
0.00019493	NaN
0.00018495	NaN
0.00017436	NaN
0.00016314	NaN
0.00015131	NaN
0.00013904	NaN
0.00012654	NaN
0.00011401	NaN
0.00010167	NaN
8.97e-05	NaN
7.8324e-05	NaN
6.7742e-05	NaN
5.8125e-05	NaN
4.9466e-05	NaN
4.1708e-05	NaN
3.4792e-05	NaN
2.8661e-05	NaN
2.3256e-05	NaN
1.852e-05	NaN
1.4393e-05	NaN
1.0825e-05	NaN
7.7979e-06	NaN
5.3082e-06	NaN
3.3516e-06	NaN
1.9237e-06	NaN
1.0204e-06	NaN
6.3741e-07	NaN
7.7055e-07	NaN
1.4047e-06	NaN
2.4513e-06	NaN
3.7911e-06	NaN
5.3046e-06	NaN
6.8726e-06	NaN
8.3757e-06	NaN
9.6946e-06	NaN
1.071e-05	NaN
1.1316e-05	NaN
1.1522e-05	NaN
1.139e-05	NaN
1.0984e-05	NaN
1.0368e-05	NaN
9.605e-06	NaN
8.7586e-06	NaN
7.8926e-06	NaN
7.0664e-06	NaN
6.2995e-06	NaN
5.5893e-06	NaN
4.9324e-06	NaN
4.3258e-06	NaN
3.7664e-06	NaN
3.251e-06	NaN
2.7765e-06	NaN
2.3401e-06	NaN
1.9415e-06	NaN
1.5824e-06	NaN
1.2644e-06	NaN
9.893e-07	NaN
7.5864e-07	NaN
5.7412e-07	NaN
4.374e-07	NaN
3.4974e-07	NaN
3.0661e-07	NaN
2.9906e-07	NaN
3.1805e-07	NaN
3.5452e-07	NaN
3.9942e-07	NaN
4.4372e-07	NaN
4.7835e-07	NaN
4.9463e-07	NaN
4.9023e-07	NaN
4.6845e-07	NaN
4.3274e-07	NaN
3.8658e-07	NaN
3.3344e-07	NaN
2.7677e-07	NaN
2.2006e-07	NaN
1.6672e-07	NaN
1.1906e-07	NaN
7.8226e-08	NaN
4.5353e-08	NaN
2.1552e-08	NaN
7.9421e-09	NaN
5.6393e-09	NaN
1.5761e-08	NaN
3.9366e-08	NaN
7.5707e-08	NaN
1.2193e-07	NaN
1.7507e-07	NaN
2.3215e-07	NaN
2.9019e-07	NaN
3.4624e-07	NaN
3.9731e-07	NaN
4.4045e-07	NaN
4.738e-07	NaN
4.9689e-07	NaN
5.094e-07	NaN
5.1097e-07	NaN
5.0126e-07	NaN
4.7994e-07	NaN
4.4665e-07	NaN
4.0109e-07	NaN
3.4477e-07	NaN
2.8211e-07	NaN
2.1775e-07	NaN
1.5633e-07	NaN
1.0251e-07	NaN
6.0933e-08	NaN
3.6249e-08	NaN
3.307e-08	NaN
5.2587e-08	NaN
8.9793e-08	NaN
1.3903e-07	NaN
1.9463e-07	NaN
2.5095e-07	NaN
3.0232e-07	NaN
3.4307e-07	NaN
3.6758e-07	NaN
3.7328e-07	NaN
3.6415e-07	NaN
3.4496e-07	NaN
3.2051e-07	NaN
2.9558e-07	NaN
2.7495e-07	NaN
2.6342e-07	NaN
2.6577e-07	NaN
2.8425e-07	NaN
3.1493e-07	NaN
3.5295e-07	NaN
3.9342e-07	NaN
4.3149e-07	NaN
4.6229e-07	NaN
4.8094e-07	NaN
4.8257e-07	NaN
4.6429e-07	NaN
4.2884e-07	NaN
3.8e-07	NaN
3.2153e-07	NaN
2.5721e-07	NaN
1.908e-07	NaN
1.2607e-07	NaN
6.6793e-08	NaN
1.6736e-08	NaN
2.0333e-08	NaN
4.0644e-08	NaN
4.0427e-08	NaN
1.5915e-08	NaN
3.6663e-08	NaN
1.2108e-07	NaN
2.4109e-07	NaN
5.7136e-07	NaN
7.2843e-07	NaN
8.7079e-07	NaN
9.9915e-07	NaN
1.1143e-06	NaN
