4.545e-07	NaN
3.8391e-07	NaN
3.2406e-07	NaN
2.7404e-07	NaN
2.3296e-07	NaN
1.999e-07	NaN
1.7396e-07	NaN
1.5424e-07	NaN
1.3984e-07	NaN
1.2983e-07	NaN
1.2333e-07	NaN
1.1943e-07	NaN
1.1722e-07	NaN
1.158e-07	NaN
1.1435e-07	NaN
1.1256e-07	NaN
1.1029e-07	NaN
1.074e-07	NaN
1.0373e-07	NaN
9.9165e-08	NaN
9.355e-08	NaN
8.6747e-08	NaN
7.8666e-08	NaN
6.9565e-08	NaN
5.9838e-08	NaN
4.9883e-08	NaN
4.0096e-08	NaN
3.0873e-08	NaN
2.2613e-08	NaN
1.571e-08	NaN
1.058e-08	NaN
7.7864e-09	NaN
7.9622e-09	NaN
1.1741e-08	NaN
1.9756e-08	NaN
3.2641e-08	NaN
5.103e-08	NaN
7.5555e-08	NaN
1.0666e-07	NaN
1.4292e-07	NaN
1.8192e-07	NaN
2.212e-07	NaN
2.5834e-07	NaN
2.9087e-07	NaN
3.1636e-07	NaN
3.3237e-07	NaN
3.3666e-07	NaN
3.2945e-07	NaN
3.1252e-07	NaN
2.8769e-07	NaN
2.5675e-07	NaN
2.2151e-07	NaN
1.8379e-07	NaN
1.4538e-07	NaN
1.0814e-07	NaN
7.4418e-08	NaN
4.6949e-08	NaN
2.8476e-08	NaN
2.1744e-08	NaN
2.9494e-08	NaN
5.4472e-08	NaN
9.942e-08	NaN
1.6686e-07	NaN
2.5538e-07	NaN
3.602e-07	NaN
4.7644e-07	NaN
5.9921e-07	NaN
7.2362e-07	NaN
8.4478e-07	NaN
9.5781e-07	NaN
1.0579e-06	NaN
1.1425e-06	NaN
1.2112e-06	NaN
1.2637e-06	NaN
1.2997e-06	NaN
1.3189e-06	NaN
1.3211e-06	NaN
1.3058e-06	NaN
1.2729e-06	NaN
1.2242e-06	NaN
1.1641e-06	NaN
1.097e-06	NaN
1.0273e-06	NaN
9.5937e-07	NaN
8.9771e-07	NaN
8.4672e-07	NaN
8.1085e-07	NaN
7.9553e-07	NaN
8.075e-07	NaN
8.5358e-07	NaN
9.4059e-07	NaN
1.0754e-06	NaN
1.2647e-06	NaN
1.5155e-06	NaN
1.8344e-06	NaN
2.2239e-06	NaN
2.6795e-06	NaN
3.1964e-06	NaN
3.7697e-06	NaN
4.3944e-06	NaN
5.0657e-06	NaN
5.7787e-06	NaN
6.5283e-06	NaN
7.3041e-06	NaN
8.0852e-06	NaN
8.8502e-06	NaN
9.5771e-06	NaN
1.0245e-05	NaN
1.0831e-05	NaN
1.1314e-05	NaN
1.1672e-05	NaN
1.1902e-05	NaN
1.2032e-05	NaN
1.2099e-05	NaN
1.2136e-05	NaN
1.2178e-05	NaN
1.226e-05	NaN
1.2417e-05	NaN
1.2683e-05	NaN
1.3098e-05	NaN
1.3715e-05	NaN
1.4589e-05	NaN
1.5776e-05	NaN
1.7329e-05	NaN
1.9304e-05	NaN
2.1756e-05	NaN
2.474e-05	NaN
2.8307e-05	NaN
3.25e-05	NaN
3.7361e-05	NaN
4.2929e-05	NaN
4.9247e-05	NaN
5.6355e-05	NaN
6.4294e-05	NaN
7.3106e-05	NaN
8.2833e-05	NaN
9.3527e-05	NaN
0.00010524	NaN
0.00011803	NaN
0.00013193	NaN
0.00014702	NaN
0.00016333	NaN
0.00018093	NaN
0.00019984	NaN
0.00022004	NaN
0.00024149	NaN
0.00026414	NaN
0.00028796	NaN
0.0003129	NaN
0.00033892	NaN
0.00036597	NaN
0.00039398	NaN
0.00042273	NaN
0.00045193	NaN
0.00048132	NaN
0.00051062	NaN
0.00053956	NaN
0.00056786	NaN
0.00059526	NaN
0.00062146	NaN
0.00064617	NaN
0.00066903	NaN
0.00068973	NaN
0.00070793	NaN
0.0007233	NaN
0.00073552	NaN
0.00074424	NaN
0.00074921	NaN
0.00075062	NaN
0.00074886	NaN
0.00074429	NaN
0.0007373	NaN
0.00072826	NaN
0.00071755	NaN
0.00070554	NaN
0.00069261	NaN
0.00067907	NaN
0.00066519	NaN
0.00065126	NaN
0.00063757	NaN
0.0006244	NaN
0.00061203	NaN
0.00060073	NaN
0.00059079	NaN
0.00058228	NaN
0.00057521	NaN
0.00056956	NaN
0.00056533	NaN
0.00056253	NaN
0.00056113	NaN
0.00056114	NaN
0.00056255	NaN
0.00056538	NaN
0.00056968	NaN
0.00057547	NaN
0.00058279	NaN
0.00059168	NaN
0.00060218	NaN
0.00061432	NaN
0.00062812	NaN
0.00064353	NaN
0.00066038	NaN
0.00067855	NaN
0.00069787	NaN
0.0007182	NaN
0.0007394	NaN
0.00076132	NaN
0.00078383	NaN
0.00080711	NaN
0.00083163	NaN
0.00085784	NaN
0.00088621	NaN
0.0009172	NaN
0.00095126	NaN
0.00098887	NaN
0.0010305	NaN
0.0010763	NaN
0.0011265	NaN
0.001181	NaN
0.0012399	NaN
0.0013033	NaN
0.0013712	NaN
0.0014437	NaN
0.0015208	NaN
0.0016025	NaN
0.0016885	NaN
0.0017788	NaN
0.0018731	NaN
0.0019712	NaN
0.0020731	NaN
0.0021784	NaN
0.0022871	NaN
0.0023989	NaN
0.0025136	NaN
0.0026311	NaN
0.0027511	NaN
0.0028734	NaN
0.0029979	NaN
0.0031243	NaN
0.0032524	NaN
0.0033818	NaN
0.0035112	NaN
0.0036397	NaN
0.0037662	NaN
0.0038895	NaN
0.0040086	NaN
0.0041223	NaN
0.0042297	NaN
0.0043299	NaN
0.0044225	NaN
0.0045075	NaN
0.0045845	NaN
0.0046534	NaN
0.0047139	NaN
0.0047658	NaN
0.0048088	NaN
0.0048428	NaN
0.0048674	NaN
0.0048825	NaN
0.0048877	NaN
0.0048829	NaN
0.0048678	NaN
0.0048421	NaN
0.0048057	NaN
0.0047583	NaN
0.0047006	NaN
0.0046328	NaN
0.0045554	NaN
0.004469	NaN
0.0043739	NaN
0.0042707	NaN
0.0041597	NaN
0.0040416	NaN
0.0039175	NaN
0.0037886	NaN
0.003656	NaN
0.003521	NaN
0.0033846	NaN
0.0032481	NaN
0.0031126	NaN
0.0029793	NaN
0.0028495	NaN
0.0027245	NaN
0.0026056	NaN
0.002494	NaN
0.002391	NaN
0.0022979	NaN
0.0022161	NaN
0.0021465	NaN
0.0020895	NaN
0.0020451	NaN
0.0020135	NaN
0.0019948	NaN
0.0019891	NaN
0.0019964	NaN
0.0020169	NaN
0.0020506	NaN
0.0020973	NaN
0.0021566	NaN
0.0022283	NaN
0.002312	NaN
0.0024074	NaN
0.0025141	NaN
0.0026319	NaN
0.0027605	NaN
0.0028995	NaN
0.0030487	NaN
0.0032079	NaN
0.0033767	NaN
0.0035549	NaN
0.0037422	NaN
0.0039384	NaN
0.0041432	NaN
0.0043558	NaN
0.0045754	NaN
0.0048011	NaN
0.0050322	NaN
0.0052677	NaN
0.0055069	NaN
0.005749	NaN
0.0059929	NaN
0.0062381	NaN
0.0064837	NaN
0.0067291	NaN
0.0069733	NaN
0.0072157	NaN
0.0074556	NaN
0.0076921	NaN
0.0079246	NaN
0.0081528	NaN
0.008377	NaN
0.008597	NaN
0.0088131	NaN
0.0090254	NaN
0.0092338	NaN
0.0094385	NaN
0.0096394	NaN
0.0098357	NaN
0.010026	NaN
0.010208	NaN
0.010382	NaN
0.010545	NaN
0.010695	NaN
0.010832	NaN
0.010954	NaN
0.01106	NaN
0.01115	NaN
0.011222	NaN
0.011276	NaN
0.011312	NaN
0.011328	NaN
0.011326	NaN
0.011302	NaN
0.011259	NaN
0.011196	NaN
0.011114	NaN
0.011013	NaN
0.010894	NaN
0.010758	NaN
0.010604	NaN
0.010434	NaN
0.010248	NaN
0.010046	NaN
0.0098271	NaN
0.0095922	NaN
0.0093411	NaN
0.0090737	NaN
0.0087902	NaN
0.0084904	NaN
0.0081759	NaN
0.0078497	NaN
0.0075147	NaN
0.0071741	NaN
0.0068309	NaN
0.006488	NaN
0.0061487	NaN
0.0058158	NaN
0.0054913	NaN
0.005176	NaN
0.0048704	NaN
0.0045749	NaN
0.0042903	NaN
0.0040171	NaN
0.0037558	NaN
0.003507	NaN
0.0032706	NaN
0.0030457	NaN
0.0028311	NaN
0.0026259	NaN
0.0024289	NaN
0.0022391	NaN
0.0020554	NaN
0.0018768	NaN
0.001703	NaN
0.0015348	NaN
0.0013731	NaN
0.0012191	NaN
0.0010737	NaN
0.00093785	NaN
0.0008126	NaN
0.00069893	NaN
0.00059737	NaN
0.00050758	NaN
0.0004291	NaN
0.00036149	NaN
0.00030429	NaN
0.00025704	NaN
0.0002193	NaN
0.00019062	NaN
0.00017032	NaN
0.00015719	NaN
0.00014998	NaN
0.00014741	NaN
0.00014821	NaN
0.00015112	NaN
0.00015487	NaN
0.00015818	NaN
0.00016021	NaN
0.00016117	NaN
0.00016149	NaN
0.00016158	NaN
0.00016185	NaN
0.00016273	NaN
0.00016462	NaN
0.00016795	NaN
0.00017344	NaN
0.00018288	NaN
0.00019822	NaN
0.00022144	NaN
0.00025451	NaN
0.00029941	NaN
0.00035809	NaN
0.00043253	NaN
0.00052544	NaN
0.00064228	NaN
0.00078916	NaN
0.00097217	NaN
0.0011974	NaN
0.001471	NaN
0.0017991	NaN
0.0021877	NaN
0.0026437	NaN
0.0031776	NaN
0.0038006	NaN
0.0045241	NaN
0.0053595	NaN
0.0063181	NaN
0.0074112	NaN
0.0086502	NaN
0.010048	NaN
0.011629	NaN
0.01342	NaN
0.015447	NaN
0.017736	NaN
0.020316	NaN
0.023213	NaN
0.026454	NaN
0.030068	NaN
0.034105	NaN
0.038624	NaN
0.043679	NaN
0.04933	NaN
0.055632	NaN
0.062644	NaN
0.070422	NaN
0.079023	NaN
0.088511	NaN
0.098947	NaN
0.11039	-0.63206
0.12292	-0.62427
0.13658	-0.61571
0.15145	-0.60638
0.16758	-0.59632
0.18503	-0.58553
0.20379	-0.57404
0.22383	-0.56189
0.2451	-0.54909
0.26756	-0.53568
0.29117	-0.52168
0.31589	-0.50714
0.34167	-0.49207
0.36847	-0.47651
0.39616	-0.46046
0.42457	-0.44393
0.45351	-0.42693
0.48281	-0.40946
0.51229	-0.39151
0.54178	-0.37309
0.57109	-0.35421
0.60006	-0.33487
0.62859	-0.31512
0.65665	-0.29506
0.6842	-0.27478
0.71119	-0.25436
0.7376	-0.2339
0.76338	-0.21348
0.7885	-0.1932
0.81292	-0.17314
0.83652	-0.15345
0.85914	-0.13428
0.88061	-0.11581
0.90076	-0.098187
0.91942	-0.081593
0.93643	-0.066189
0.95161	-0.052142
0.9648	-0.039613
0.97592	-0.028706
0.98495	-0.019464
0.99188	-0.01193
0.99671	-0.0061465
0.99942	-0.0021556
1	0
0.99844	0.00027801
0.99474	-0.0013635
0.989	-0.0049517
0.98143	-0.010498
0.97225	-0.018014
0.96169	-0.027511
0.94996	-0.038998
0.93728	-0.052487
0.92388	-0.06799
0.90996	-0.085516
0.89561	-0.10508
0.88069	-0.12669
0.86508	-0.15038
0.84865	-0.17615
0.83125	-0.20402
0.81277	-0.23401
0.79306	-0.26613
0.77201	-0.3004
0.74954	-0.33674
0.72569	-0.37496
0.70051	-0.41485
0.67402	-0.45621
0.64627	-0.49882
0.61731	-0.54248
0.58716	-0.58699
0.55588	-0.63214
0.52361	-0.678
0.49066	-0.72513
0.45736	-0.7741
0.42403	-0.82551
0.39102	-0.87994
0.35864	-0.93797
0.32723	-1.0002
0.29711	-1.0672
0.26853	-1.1388
0.2416	-1.2131
0.21639	-1.2882
0.19298	-1.3621
0.17145	-1.433
0.15188	-1.4987
0.13435	-1.5574
0.11895	-1.607
0.10568	-1.6486
0.09442	NaN
0.085018	NaN
0.077326	NaN
0.071195	NaN
0.066476	NaN
0.06302	NaN
0.060679	NaN
0.059316	NaN
0.058831	NaN
0.059129	NaN
0.060113	NaN
0.06169	NaN
0.063763	NaN
0.066237	NaN
0.069017	NaN
0.072011	NaN
0.075138	NaN
0.07832	NaN
0.081479	NaN
0.084535	NaN
0.087411	NaN
0.090027	NaN
0.092305	NaN
0.094175	NaN
0.095601	NaN
0.096552	NaN
0.096999	NaN
0.096911	NaN
0.09626	NaN
0.095015	NaN
0.093147	NaN
0.090641	NaN
0.087552	NaN
0.083952	NaN
0.079916	NaN
0.075514	NaN
0.070821	NaN
0.065908	NaN
0.060849	NaN
0.055714	NaN
0.050567	NaN
0.045467	NaN
0.040476	NaN
0.035653	NaN
0.031058	NaN
0.026752	NaN
0.022796	NaN
0.019241	NaN
0.016101	NaN
0.013371	NaN
0.011046	NaN
0.0091232	NaN
0.007598	NaN
0.0064665	NaN
0.0057246	NaN
0.0053647	NaN
0.0053538	NaN
0.0056479	NaN
0.006203	NaN
0.006975	NaN
0.0079199	NaN
0.0089937	NaN
0.010152	NaN
0.011353	NaN
0.01256	NaN
0.013744	NaN
0.014873	NaN
0.015917	NaN
0.016846	NaN
0.017629	NaN
0.018234	NaN
0.018635	NaN
0.018828	NaN
0.018825	NaN
0.018638	NaN
0.018278	NaN
0.017759	NaN
0.017092	NaN
0.016289	NaN
0.015363	NaN
0.014333	NaN
0.013223	NaN
0.012057	NaN
0.010859	NaN
0.0096531	NaN
0.0084631	NaN
0.007313	NaN
0.0062263	NaN
0.0052158	NaN
0.0042865	NaN
0.0034427	NaN
0.0026892	NaN
0.0020305	NaN
0.0014712	NaN
0.0010158	NaN
0.00066839	NaN
0.00042472	NaN
0.00027264	NaN
0.00019976	NaN
0.00019369	NaN
0.00024204	NaN
0.00033242	NaN
0.00045245	NaN
0.00058987	NaN
0.00073624	NaN
0.00088707	NaN
0.0010381	NaN
0.0011849	NaN
0.0013234	NaN
0.0014491	NaN
0.0015578	NaN
0.0016453	NaN
0.0017099	NaN
0.001753	NaN
0.0017762	NaN
0.001781	NaN
0.001769	NaN
0.0017419	NaN
0.0017012	NaN
0.0016484	NaN
0.0015854	NaN
0.001514	NaN
0.0014362	NaN
0.0013539	NaN
0.001269	NaN
0.0011835	NaN
0.0010992	NaN
0.0010182	NaN
0.00094184	NaN
0.00087051	NaN
0.00080465	NaN
0.00074466	NaN
0.00069094	NaN
0.00064388	NaN
0.00060387	NaN
0.00057131	NaN
0.00054611	NaN
0.00052725	NaN
0.00051364	NaN
0.00050417	NaN
0.00049772	NaN
0.0004932	NaN
0.00048949	NaN
0.00048548	NaN
0.00048038	NaN
0.000474	NaN
0.00046626	NaN
0.00045708	NaN
0.00044637	NaN
0.00043405	NaN
0.00042004	NaN
0.00040425	NaN
0.00038668	NaN
0.00036755	NaN
0.00034709	NaN
0.00032557	NaN
0.00030322	NaN
0.00028029	NaN
0.00025703	NaN
0.00023368	NaN
0.00021053	NaN
0.00018794	NaN
0.0001663	NaN
0.00014598	NaN
0.00012737	NaN
0.00011087	NaN
9.6841e-05	NaN
8.5682e-05	NaN
7.761e-05	NaN
7.2264e-05	NaN
6.9152e-05	NaN
6.7783e-05	NaN
6.7667e-05	NaN
6.8312e-05	NaN
6.9228e-05	NaN
6.9922e-05	NaN
6.9993e-05	NaN
6.9404e-05	NaN
6.8214e-05	NaN
6.6483e-05	NaN
6.4272e-05	NaN
6.164e-05	NaN
5.8647e-05	NaN
5.5353e-05	NaN
5.1816e-05	NaN
4.8088e-05	NaN
4.4217e-05	NaN
4.0252e-05	NaN
3.6241e-05	NaN
3.2234e-05	NaN
2.8279e-05	NaN
2.4424e-05	NaN
2.072e-05	NaN
1.7217e-05	NaN
1.3969e-05	NaN
1.1028e-05	NaN
8.4471e-06	NaN
6.2793e-06	NaN
4.5772e-06	NaN
3.3937e-06	NaN
2.7757e-06	NaN
2.7301e-06	NaN
3.2465e-06	NaN
4.3148e-06	NaN
5.9244e-06	NaN
8.0652e-06	NaN
1.0727e-05	NaN
1.3899e-05	NaN
1.7565e-05	NaN
2.1664e-05	NaN
2.6109e-05	NaN
3.0813e-05	NaN
3.5692e-05	NaN
4.066e-05	NaN
4.563e-05	NaN
5.0516e-05	NaN
5.5232e-05	NaN
5.9677e-05	NaN
6.3747e-05	NaN
6.7334e-05	NaN
7.0333e-05	NaN
7.2637e-05	NaN
7.414e-05	NaN
7.4736e-05	NaN
7.4327e-05	NaN
7.2932e-05	NaN
7.0642e-05	NaN
6.7554e-05	NaN
6.376e-05	NaN
5.9357e-05	NaN
5.4439e-05	NaN
4.9099e-05	NaN
4.3436e-05	NaN
3.7586e-05	NaN
3.1713e-05	NaN
2.5985e-05	NaN
2.0566e-05	NaN
1.5625e-05	NaN
1.1327e-05	NaN
7.838e-06	NaN
5.3185e-06	NaN
3.8042e-06	NaN
3.2203e-06	NaN
3.4883e-06	NaN
4.5296e-06	NaN
6.2656e-06	NaN
8.6178e-06	NaN
1.1507e-05	NaN
1.4856e-05	NaN
1.8579e-05	NaN
2.2587e-05	NaN
2.6789e-05	NaN
3.1097e-05	NaN
3.542e-05	NaN
3.9667e-05	NaN
4.375e-05	NaN
4.7578e-05	NaN
5.1089e-05	NaN
5.425e-05	NaN
5.7029e-05	NaN
5.9395e-05	NaN
6.1318e-05	NaN
6.2767e-05	NaN
6.3709e-05	NaN
6.4115e-05	NaN
6.3971e-05	NaN
6.3285e-05	NaN
6.2068e-05	NaN
6.033e-05	NaN
5.8081e-05	NaN
5.5331e-05	NaN
5.2093e-05	NaN
4.8375e-05	NaN
4.4236e-05	NaN
3.9807e-05	NaN
3.5225e-05	NaN
3.0628e-05	NaN
2.6154e-05	NaN
2.1941e-05	NaN
1.8126e-05	NaN
1.4846e-05	NaN
1.2177e-05	NaN
1.0081e-05	NaN
8.5072e-06	NaN
7.405e-06	NaN
6.7239e-06	NaN
6.4136e-06	NaN
6.4233e-06	NaN
6.7026e-06	NaN
7.1911e-06	NaN
7.8069e-06	NaN
8.4658e-06	NaN
9.0832e-06	NaN
9.5747e-06	NaN
9.8558e-06	NaN
9.8422e-06	NaN
9.4494e-06	NaN
8.6451e-06	NaN
7.5274e-06	NaN
6.2147e-06	NaN
4.8254e-06	NaN
3.4777e-06	NaN
2.2901e-06	NaN
1.381e-06	NaN
8.6859e-07	NaN
8.2946e-07	NaN
1.2167e-06	NaN
1.9609e-06	NaN
2.9924e-06	NaN
4.2418e-06	NaN
5.6396e-06	NaN
7.1162e-06	NaN
8.6021e-06	NaN
1.0034e-05	NaN
1.1373e-05	NaN
1.2582e-05	NaN
1.3627e-05	NaN
1.4472e-05	NaN
1.5082e-05	NaN
1.5422e-05	NaN
1.5456e-05	NaN
1.5165e-05	NaN
1.459e-05	NaN
1.379e-05	NaN
1.2823e-05	NaN
1.1747e-05	NaN
1.062e-05	NaN
9.5004e-06	NaN
8.4464e-06	NaN
7.5069e-06	NaN
6.6862e-06	NaN
5.9755e-06	NaN
5.3656e-06	NaN
4.8477e-06	NaN
4.4127e-06	NaN
4.0516e-06	NaN
3.7554e-06	NaN
3.5152e-06	NaN
3.3228e-06	NaN
3.1702e-06	NaN
3.0494e-06	NaN
2.9523e-06	NaN
2.871e-06	NaN
2.7975e-06	NaN
2.7237e-06	NaN
2.6428e-06	NaN
2.5564e-06	NaN
2.4694e-06	NaN
2.3865e-06	NaN
2.3128e-06	NaN
2.2532e-06	NaN
2.2125e-06	NaN
2.1958e-06	NaN
2.2072e-06	NaN
2.2455e-06	NaN
2.307e-06	NaN
2.388e-06	NaN
2.4845e-06	NaN
2.5927e-06	NaN
2.709e-06	NaN
2.8294e-06	NaN
2.9501e-06	NaN
3.0662e-06	NaN
3.1723e-06	NaN
3.2632e-06	NaN
3.3333e-06	NaN
3.3773e-06	NaN
3.3898e-06	NaN
3.3654e-06	NaN
3.2994e-06	NaN
3.1944e-06	NaN
3.0575e-06	NaN
2.8964e-06	NaN
2.7183e-06	NaN
2.5308e-06	NaN
2.3412e-06	NaN
2.157e-06	NaN
1.9852e-06	NaN
1.8284e-06	NaN
1.6857e-06	NaN
1.5559e-06	NaN
1.4381e-06	NaN
1.3312e-06	NaN
1.2341e-06	NaN
1.1458e-06	NaN
1.0653e-06	NaN
9.922e-07	NaN
9.2652e-07	NaN
8.6839e-07	NaN
8.179e-07	NaN
7.7515e-07	NaN
7.4023e-07	NaN
7.1323e-07	NaN
6.9427e-07	NaN
6.8338e-07	NaN
6.8056e-07	NaN
6.8581e-07	NaN
6.9912e-07	NaN
7.2049e-07	NaN
7.4993e-07	NaN
7.8742e-07	NaN
8.3292e-07	NaN
8.852e-07	NaN
9.4168e-07	NaN
9.9965e-07	NaN
1.0564e-06	NaN
1.1094e-06	NaN
1.1557e-06	NaN
1.1929e-06	NaN
1.2181e-06	NaN
1.23e-06	NaN
1.2283e-06	NaN
1.2132e-06	NaN
1.1847e-06	NaN
1.1429e-06	NaN
1.0878e-06	NaN
1.0195e-06	NaN
9.3799e-07	NaN
8.4502e-07	NaN
7.4467e-07	NaN
6.4126e-07	NaN
5.3911e-07	NaN
4.4256e-07	NaN
3.5591e-07	NaN
2.835e-07	NaN
2.2962e-07	NaN
1.9602e-07	NaN
1.7982e-07	NaN
1.7764e-07	NaN
1.8613e-07	NaN
2.0191e-07	NaN
2.2162e-07	NaN
2.4188e-07	NaN
2.5935e-07	NaN
2.7177e-07	NaN
2.7924e-07	NaN
2.8216e-07	NaN
2.8094e-07	NaN
2.7596e-07	NaN
2.6763e-07	NaN
2.5635e-07	NaN
2.4252e-07	NaN
2.2689e-07	NaN
2.1109e-07	NaN
1.969e-07	NaN
1.8608e-07	NaN
1.804e-07	NaN
1.8161e-07	NaN
1.9149e-07	NaN
2.1181e-07	NaN
2.4359e-07	NaN
2.8578e-07	NaN
3.3695e-07	NaN
3.9564e-07	NaN
4.6042e-07	NaN
5.2986e-07	NaN
6.0251e-07	NaN
6.7694e-07	NaN
7.517e-07	NaN
8.2537e-07	NaN
8.9649e-07	NaN
9.6364e-07	NaN
1.0254e-06	NaN
1.0802e-06	NaN
1.1268e-06	NaN
1.1637e-06	NaN
7.3976e-07	NaN
6.3152e-07	NaN
5.3673e-07	NaN
