4.7418e-08	NaN
4.4293e-08	NaN
4.1082e-08	NaN
3.7835e-08	NaN
3.4606e-08	NaN
3.1447e-08	NaN
2.841e-08	NaN
2.555e-08	NaN
2.2918e-08	NaN
2.0566e-08	NaN
1.8548e-08	NaN
1.6916e-08	NaN
1.5723e-08	NaN
1.5003e-08	NaN
1.4688e-08	NaN
1.4675e-08	NaN
1.486e-08	NaN
1.514e-08	NaN
1.5411e-08	NaN
1.557e-08	NaN
1.5513e-08	NaN
1.5165e-08	NaN
1.4625e-08	NaN
1.407e-08	NaN
1.3673e-08	NaN
1.3609e-08	NaN
1.4052e-08	NaN
1.5178e-08	NaN
1.7159e-08	NaN
2.0146e-08	NaN
2.4088e-08	NaN
2.8842e-08	NaN
3.4262e-08	NaN
4.0203e-08	NaN
4.652e-08	NaN
5.3069e-08	NaN
5.9703e-08	NaN
6.627e-08	NaN
7.2529e-08	NaN
7.8195e-08	NaN
8.2981e-08	NaN
8.66e-08	NaN
8.8765e-08	NaN
8.9189e-08	NaN
8.7586e-08	NaN
8.3708e-08	NaN
7.7761e-08	NaN
7.024e-08	NaN
6.1645e-08	NaN
5.2477e-08	NaN
4.3235e-08	NaN
3.442e-08	NaN
2.6533e-08	NaN
2.0055e-08	NaN
1.5222e-08	NaN
1.2088e-08	NaN
1.0698e-08	NaN
1.1102e-08	NaN
1.3348e-08	NaN
1.7482e-08	NaN
2.3553e-08	NaN
3.1591e-08	NaN
4.129e-08	NaN
5.2064e-08	NaN
6.3312e-08	NaN
7.4438e-08	NaN
8.4843e-08	NaN
9.393e-08	NaN
1.011e-07	NaN
1.0581e-07	NaN
1.0885e-07	NaN
1.1231e-07	NaN
1.1834e-07	NaN
1.2909e-07	NaN
1.467e-07	NaN
1.7333e-07	NaN
2.1112e-07	NaN
2.6221e-07	NaN
3.2796e-07	NaN
4.089e-07	NaN
5.0552e-07	NaN
6.1831e-07	NaN
7.4774e-07	NaN
8.9429e-07	NaN
1.0585e-06	NaN
1.2407e-06	NaN
1.44e-06	NaN
1.6535e-06	NaN
1.8782e-06	NaN
2.1112e-06	NaN
2.3494e-06	NaN
2.59e-06	NaN
2.8297e-06	NaN
3.0659e-06	NaN
3.3015e-06	NaN
3.5485e-06	NaN
3.8196e-06	NaN
4.1277e-06	NaN
4.4856e-06	NaN
4.9059e-06	NaN
5.4015e-06	NaN
5.985e-06	NaN
6.6664e-06	NaN
7.4499e-06	NaN
8.3396e-06	NaN
9.3393e-06	NaN
1.0453e-05	NaN
1.1684e-05	NaN
1.3038e-05	NaN
1.4517e-05	NaN
1.6117e-05	NaN
1.7816e-05	NaN
1.959e-05	NaN
2.1414e-05	NaN
2.3265e-05	NaN
2.5118e-05	NaN
2.6949e-05	NaN
2.8734e-05	NaN
3.045e-05	NaN
3.2078e-05	NaN
3.3601e-05	NaN
3.5001e-05	NaN
3.6259e-05	NaN
3.7359e-05	NaN
3.828e-05	NaN
3.9007e-05	NaN
3.9541e-05	NaN
3.9945e-05	NaN
4.0292e-05	NaN
4.0654e-05	NaN
4.1104e-05	NaN
4.1715e-05	NaN
4.2559e-05	NaN
4.3709e-05	NaN
4.5261e-05	NaN
4.7382e-05	NaN
5.0258e-05	NaN
5.4073e-05	NaN
5.9011e-05	NaN
6.5258e-05	NaN
7.2998e-05	NaN
8.2414e-05	NaN
9.3655e-05	NaN
0.00010672	NaN
0.00012157	NaN
0.00013817	NaN
0.00015648	NaN
0.00017646	NaN
0.00019809	NaN
0.00022131	NaN
0.00024609	NaN
0.00027228	NaN
0.00029975	NaN
0.00032833	NaN
0.00035787	NaN
0.00038824	NaN
0.00041927	NaN
0.00045081	NaN
0.0004827	NaN
0.00051462	NaN
0.00054624	NaN
0.00057719	NaN
0.00060715	NaN
0.00063575	NaN
0.00066266	NaN
0.00068752	NaN
0.00071	NaN
0.00072984	NaN
0.0007468	NaN
0.00076066	NaN
0.00077117	NaN
0.00077811	NaN
0.00078124	NaN
0.00078033	NaN
0.00077519	NaN
0.00076605	NaN
0.00075329	NaN
0.00073731	NaN
0.00071851	NaN
0.00069729	NaN
0.00067405	NaN
0.00064917	NaN
0.00062306	NaN
0.00059608	NaN
0.0005686	NaN
0.00054098	NaN
0.00051356	NaN
0.00048671	NaN
0.00046078	NaN
0.00043615	NaN
0.00041314	NaN
0.00039201	NaN
0.00037294	NaN
0.00035611	NaN
0.0003417	NaN
0.00032988	NaN
0.00032084	NaN
0.00031476	NaN
0.00031182	NaN
0.00031229	NaN
0.00031649	NaN
0.00032477	NaN
0.00033745	NaN
0.00035487	NaN
0.00037735	NaN
0.00040522	NaN
0.0004388	NaN
0.00047811	NaN
0.00052289	NaN
0.00057291	NaN
0.00062791	NaN
0.00068765	NaN
0.00075187	NaN
0.00082034	NaN
0.0008928	NaN
0.00096918	NaN
0.0010495	NaN
0.0011339	NaN
0.0012224	NaN
0.001315	NaN
0.0014118	NaN
0.0015129	NaN
0.0016184	NaN
0.0017281	NaN
0.0018416	NaN
0.0019587	NaN
0.0020789	NaN
0.0022019	NaN
0.0023274	NaN
0.002455	NaN
0.0025843	NaN
0.0027145	NaN
0.0028444	NaN
0.0029725	NaN
0.0030974	NaN
0.0032178	NaN
0.0033323	NaN
0.0034394	NaN
0.0035379	NaN
0.003627	NaN
0.0037073	NaN
0.0037792	NaN
0.0038434	NaN
0.0039002	NaN
0.0039504	NaN
0.0039944	NaN
0.0040327	NaN
0.0040661	NaN
0.0040952	NaN
0.0041212	NaN
0.0041446	NaN
0.0041665	NaN
0.0041877	NaN
0.004209	NaN
0.0042314	NaN
0.0042553	NaN
0.0042811	NaN
0.0043089	NaN
0.0043387	NaN
0.0043707	NaN
0.0044051	NaN
0.004442	NaN
0.0044814	NaN
0.0045236	NaN
0.0045682	NaN
0.0046152	NaN
0.0046644	NaN
0.0047156	NaN
0.0047687	NaN
0.0048235	NaN
0.0048799	NaN
0.0049375	NaN
0.004996	NaN
0.0050548	NaN
0.0051132	NaN
0.0051709	NaN
0.0052272	NaN
0.0052816	NaN
0.0053336	NaN
0.0053828	NaN
0.0054288	NaN
0.0054717	NaN
0.0055112	NaN
0.0055473	NaN
0.0055798	NaN
0.0056086	NaN
0.0056335	NaN
0.0056543	NaN
0.0056706	NaN
0.0056817	NaN
0.0056869	NaN
0.0056857	NaN
0.0056774	NaN
0.0056614	NaN
0.0056372	NaN
0.0056043	NaN
0.005563	NaN
0.0055141	NaN
0.0054582	NaN
0.0053959	NaN
0.0053278	NaN
0.0052547	NaN
0.0051771	NaN
0.0050957	NaN
0.0050113	NaN
0.0049247	NaN
0.0048367	NaN
0.0047482	NaN
0.00466	NaN
0.0045728	NaN
0.0044876	NaN
0.0044052	NaN
0.0043264	NaN
0.004252	NaN
0.0041829	NaN
0.00412	NaN
0.004064	NaN
0.004016	NaN
0.0039766	NaN
0.0039468	NaN
0.0039276	NaN
0.00392	NaN
0.0039251	NaN
0.0039439	NaN
0.0039775	NaN
0.0040269	NaN
0.0040932	NaN
0.0041773	NaN
0.0042791	NaN
0.0043977	NaN
0.0045325	NaN
0.0046826	NaN
0.0048473	NaN
0.0050258	NaN
0.0052173	NaN
0.0054211	NaN
0.0056354	NaN
0.0058578	NaN
0.0060861	NaN
0.006318	NaN
0.006551	NaN
0.0067831	NaN
0.0070117	NaN
0.0072347	NaN
0.0074503	NaN
0.0076567	NaN
0.0078526	NaN
0.0080364	NaN
0.0082065	NaN
0.0083615	NaN
0.0084996	NaN
0.0086195	NaN
0.0087202	NaN
0.0088008	NaN
0.0088608	NaN
0.0088996	NaN
0.0089164	NaN
0.0089105	NaN
0.0088815	NaN
0.0088285	NaN
0.0087522	NaN
0.0086537	NaN
0.0085346	NaN
0.0083963	NaN
0.0082401	NaN
0.0080676	NaN
0.0078801	NaN
0.007679	NaN
0.0074659	NaN
0.0072422	NaN
0.0070095	NaN
0.0067692	NaN
0.0065229	NaN
0.006272	NaN
0.0060182	NaN
0.0057628	NaN
0.0055068	NaN
0.00525	NaN
0.0049924	NaN
0.0047338	NaN
0.0044743	NaN
0.0042136	NaN
0.0039518	NaN
0.0036887	NaN
0.0034251	NaN
0.0031632	NaN
0.0029053	NaN
0.0026535	NaN
0.0024102	NaN
0.0021777	NaN
0.0019581	NaN
0.0017537	NaN
0.0015657	NaN
0.0013938	NaN
0.0012373	NaN
0.0010955	NaN
0.00096804	NaN
0.00085413	NaN
0.00075321	NaN
0.0006647	NaN
0.00058779	NaN
0.00052135	NaN
0.00046422	NaN
0.0004152	NaN
0.00037313	NaN
0.00033683	NaN
0.00030511	NaN
0.00027682	NaN
0.00025109	NaN
0.00022784	NaN
0.0002071	NaN
0.00018888	NaN
0.00017322	NaN
0.00016013	NaN
0.00014962	NaN
0.00014173	NaN
0.00013645	NaN
0.00013372	NaN
0.00013344	NaN
0.00013555	NaN
0.00013996	NaN
0.00014659	NaN
0.00015537	NaN
0.00016621	NaN
0.00017921	NaN
0.00019495	NaN
0.00021414	NaN
0.00023748	NaN
0.00026567	NaN
0.00029942	NaN
0.00033942	NaN
0.00038638	NaN
0.00044156	NaN
0.00050835	NaN
0.00059062	NaN
0.00069226	NaN
0.00081714	NaN
0.00096914	NaN
0.0011521	NaN
0.00137	NaN
0.0016287	NaN
0.0019437	NaN
0.0023328	NaN
0.002814	NaN
0.0034052	NaN
0.0041242	NaN
0.0049891	NaN
0.0060178	NaN
0.0072307	NaN
0.0086617	NaN
0.010349	NaN
0.012331	NaN
0.014645	NaN
0.01733	NaN
0.020425	NaN
0.023966	NaN
0.027992	NaN
0.032535	NaN
0.037626	NaN
0.043295	NaN
0.049574	NaN
0.056492	NaN
0.06408	NaN
0.072369	NaN
0.081389	NaN
0.091168	NaN
0.10173	-0.59227
0.11311	-0.59251
0.12533	-0.59114
0.13841	-0.58822
0.15238	-0.58383
0.16727	-0.57804
0.1831	-0.57093
0.19986	-0.56258
0.21754	-0.55309
0.2361	-0.54256
0.25553	-0.53108
0.2758	-0.51875
0.29689	-0.50567
0.31877	-0.49194
0.34141	-0.47764
0.36478	-0.46282
0.38879	-0.44747
0.41338	-0.4316
0.43849	-0.41521
0.46404	-0.39831
0.48996	-0.3809
0.51619	-0.36298
0.54266	-0.34456
0.56931	-0.32569
0.59607	-0.30646
0.62288	-0.28695
0.64968	-0.26724
0.67641	-0.24742
0.70301	-0.22757
0.72942	-0.20778
0.75557	-0.18814
0.78134	-0.16876
0.80655	-0.14978
0.83102	-0.13134
0.85458	-0.11358
0.87704	-0.096648
0.89824	-0.080679
0.918	-0.065815
0.93614	-0.052196
0.95246	-0.039935
0.96674	-0.029125
0.97877	-0.019856
0.98833	-0.012218
0.9952	-0.0063027
0.99916	-0.0021997
1	0
0.99751	0.0002078
0.99172	-0.0016179
0.98296	-0.0054679
0.97156	-0.011331
0.95782	-0.019194
0.9421	-0.029047
0.9247	-0.040878
0.90595	-0.054675
0.88619	-0.070427
0.86564	-0.08815
0.84443	-0.10789
0.82268	-0.12971
0.80051	-0.15366
0.77804	-0.17978
0.75538	-0.20812
0.73265	-0.23875
0.70998	-0.27172
0.68737	-0.30696
0.66474	-0.34431
0.64195	-0.38356
0.61888	-0.42453
0.59542	-0.46702
0.57144	-0.51083
0.54684	-0.55577
0.52148	-0.60165
0.49536	-0.64855
0.46864	-0.69696
0.44149	-0.74744
0.41409	-0.80054
0.38663	-0.85681
0.35928	-0.91679
0.33221	-0.98104
0.30561	-1.0501
0.27965	-1.1237
0.25449	-1.2001
0.23029	-1.2773
0.20721	-1.3534
0.18541	-1.4264
0.16506	-1.4944
0.1463	-1.5554
0.12932	-1.6074
0.11418	-1.6515
0.10083	-1.6949
0.089181	NaN
0.079144	NaN
0.07063	NaN
0.063553	NaN
0.057824	NaN
0.053356	NaN
0.050053	NaN
0.047802	NaN
0.046487	NaN
0.04599	NaN
0.046195	NaN
0.046984	NaN
0.048242	NaN
0.049851	NaN
0.051712	NaN
0.053778	NaN
0.056012	NaN
0.058379	NaN
0.060841	NaN
0.063362	NaN
0.065906	NaN
0.068435	NaN
0.070912	NaN
0.073284	NaN
0.075499	NaN
0.077503	NaN
0.079244	NaN
0.080668	NaN
0.081721	NaN
0.082352	NaN
0.082515	NaN
0.082206	NaN
0.081434	NaN
0.080204	NaN
0.078523	NaN
0.076398	NaN
0.073837	NaN
0.070845	NaN
0.067438	NaN
0.063674	NaN
0.059624	NaN
0.055358	NaN
0.050949	NaN
0.046466	NaN
0.041982	NaN
0.037566	NaN
0.033287	NaN
0.029188	NaN
0.025304	NaN
0.021671	NaN
0.018323	NaN
0.015295	NaN
0.012624	NaN
0.010343	NaN
0.0084817	NaN
0.0070287	NaN
0.0059536	NaN
0.0052261	NaN
0.0048162	NaN
0.0046936	NaN
0.0048281	NaN
0.0051896	NaN
0.0057469	NaN
0.0064609	NaN
0.0072885	NaN
0.0081866	NaN
0.0091119	NaN
0.010021	NaN
0.010871	NaN
0.011619	NaN
0.012224	NaN
0.012675	NaN
0.012976	NaN
0.013133	NaN
0.013151	NaN
0.013035	NaN
0.01279	NaN
0.012422	NaN
0.011936	NaN
0.011347	NaN
0.010674	NaN
0.0099363	NaN
0.0091548	NaN
0.0083487	NaN
0.0075377	NaN
0.0067416	NaN
0.0059795	NaN
0.0052623	NaN
0.0045939	NaN
0.0039781	NaN
0.0034187	NaN
0.0029197	NaN
0.0024847	NaN
0.0021177	NaN
0.0018222	NaN
0.0015959	NaN
0.0014314	NaN
0.0013208	NaN
0.0012566	NaN
0.0012311	NaN
0.0012365	NaN
0.0012651	NaN
0.0013093	NaN
0.0013635	NaN
0.0014242	NaN
0.0014881	NaN
0.0015516	NaN
0.0016115	NaN
0.0016643	NaN
0.0017066	NaN
0.0017351	NaN
0.0017483	NaN
0.001747	NaN
0.0017322	NaN
0.0017048	NaN
0.0016658	NaN
0.0016161	NaN
0.0015567	NaN
0.0014885	NaN
0.0014127	NaN
0.0013304	NaN
0.0012432	NaN
0.0011522	NaN
0.0010588	NaN
0.0009643	NaN
0.00087009	NaN
0.00077744	NaN
0.00068745	NaN
0.00060081	NaN
0.00051818	NaN
0.00044024	NaN
0.00036764	NaN
0.00030106	NaN
0.00024115	NaN
0.00018857	NaN
0.00014363	NaN
0.00010596	NaN
7.5109e-05	NaN
5.0629e-05	NaN
3.2075e-05	NaN
1.8997e-05	NaN
1.095e-05	NaN
7.4851e-06	NaN
8.0833e-06	NaN
1.2069e-05	NaN
1.8746e-05	NaN
2.7417e-05	NaN
3.7386e-05	NaN
4.7956e-05	NaN
5.843e-05	NaN
6.8113e-05	NaN
7.6483e-05	NaN
8.3472e-05	NaN
8.9082e-05	NaN
9.3315e-05	NaN
9.6174e-05	NaN
9.7663e-05	NaN
9.7783e-05	NaN
9.6537e-05	NaN
9.3974e-05	NaN
9.0279e-05	NaN
8.5666e-05	NaN
8.0347e-05	NaN
7.4533e-05	NaN
6.8437e-05	NaN
6.2272e-05	NaN
5.625e-05	NaN
5.0555e-05	NaN
4.5267e-05	NaN
4.0445e-05	NaN
3.6149e-05	NaN
3.2436e-05	NaN
2.9365e-05	NaN
2.6996e-05	NaN
2.5385e-05	NaN
2.4556e-05	NaN
2.4379e-05	NaN
2.4682e-05	NaN
2.5295e-05	NaN
2.6048e-05	NaN
2.6769e-05	NaN
2.729e-05	NaN
2.7439e-05	NaN
2.7079e-05	NaN
2.6241e-05	NaN
2.5005e-05	NaN
2.3455e-05	NaN
2.1672e-05	NaN
1.9738e-05	NaN
1.7733e-05	NaN
1.5741e-05	NaN
1.3835e-05	NaN
1.205e-05	NaN
1.0405e-05	NaN
8.9181e-06	NaN
7.6087e-06	NaN
6.4957e-06	NaN
5.5981e-06	NaN
4.9346e-06	NaN
4.518e-06	NaN
4.3162e-06	NaN
4.2784e-06	NaN
4.3537e-06	NaN
4.4911e-06	NaN
4.6397e-06	NaN
4.7486e-06	NaN
4.7669e-06	NaN
4.6503e-06	NaN
4.4098e-06	NaN
4.084e-06	NaN
3.7114e-06	NaN
3.3309e-06	NaN
2.9811e-06	NaN
2.7006e-06	NaN
2.5282e-06	NaN
2.4997e-06	NaN
2.6235e-06	NaN
2.892e-06	NaN
3.2972e-06	NaN
3.8315e-06	NaN
4.487e-06	NaN
5.2559e-06	NaN
6.1303e-06	NaN
7.0997e-06	NaN
8.1205e-06	NaN
9.127e-06	NaN
1.0053e-05	NaN
1.0833e-05	NaN
1.14e-05	NaN
1.1688e-05	NaN
1.1631e-05	NaN
1.1169e-05	NaN
1.033e-05	NaN
9.2079e-06	NaN
7.9012e-06	NaN
6.5066e-06	NaN
5.1215e-06	NaN
3.8429e-06	NaN
2.7681e-06	NaN
1.9917e-06	NaN
1.5581e-06	NaN
1.4668e-06	NaN
1.7161e-06	NaN
2.3041e-06	NaN
3.2287e-06	NaN
4.4882e-06	NaN
6.0805e-06	NaN
8.0021e-06	NaN
1.0203e-05	NaN
1.2588e-05	NaN
1.5057e-05	NaN
1.7513e-05	NaN
1.9856e-05	NaN
2.1989e-05	NaN
2.3812e-05	NaN
2.5229e-05	NaN
2.6199e-05	NaN
2.675e-05	NaN
2.6914e-05	NaN
2.6721e-05	NaN
2.6203e-05	NaN
2.5392e-05	NaN
2.4318e-05	NaN
2.3013e-05	NaN
2.1514e-05	NaN
1.9865e-05	NaN
1.8112e-05	NaN
1.63e-05	NaN
1.4473e-05	NaN
1.2678e-05	NaN
1.0958e-05	NaN
9.3584e-06	NaN
7.9064e-06	NaN
6.5996e-06	NaN
5.433e-06	NaN
4.4019e-06	NaN
3.5015e-06	NaN
2.7269e-06	NaN
2.0734e-06	NaN
1.536e-06	NaN
1.1073e-06	NaN
7.7517e-07	NaN
5.2679e-07	NaN
3.4941e-07	NaN
2.3029e-07	NaN
1.5668e-07	NaN
1.1583e-07	NaN
9.4996e-08	NaN
8.5129e-08	NaN
8.506e-08	NaN
9.4654e-08	NaN
1.1377e-07	NaN
1.4228e-07	NaN
1.8003e-07	NaN
2.2689e-07	NaN
2.8273e-07	NaN
3.4763e-07	NaN
4.2221e-07	NaN
5.0718e-07	NaN
6.0325e-07	NaN
7.1113e-07	NaN
8.3154e-07	NaN
9.6519e-07	NaN
1.1128e-06	NaN
1.275e-06	NaN
1.4526e-06	NaN
1.646e-06	NaN
1.8561e-06	NaN
2.0834e-06	NaN
2.3286e-06	NaN
2.5924e-06	NaN
2.8753e-06	NaN
3.178e-06	NaN
3.501e-06	NaN
3.8446e-06	NaN
4.2094e-06	NaN
4.5958e-06	NaN
5.0042e-06	NaN
5.4351e-06	NaN
5.8889e-06	NaN
6.3636e-06	NaN
6.8474e-06	NaN
7.3262e-06	NaN
7.7855e-06	NaN
8.2111e-06	NaN
8.5886e-06	NaN
8.9039e-06	NaN
9.1426e-06	NaN
9.2925e-06	NaN
9.3515e-06	NaN
9.3206e-06	NaN
9.2007e-06	NaN
8.9929e-06	NaN
8.698e-06	NaN
8.317e-06	NaN
7.8509e-06	NaN
7.3029e-06	NaN
6.6886e-06	NaN
6.0285e-06	NaN
5.3426e-06	NaN
4.6512e-06	NaN
3.9745e-06	NaN
3.3328e-06	NaN
2.7463e-06	NaN
2.2328e-06	NaN
1.7929e-06	NaN
1.4202e-06	NaN
1.1084e-06	NaN
8.5112e-07	NaN
6.4185e-07	NaN
4.7425e-07	NaN
3.4191e-07	NaN
2.3869e-07	NaN
1.6034e-07	NaN
1.0358e-07	NaN
6.5126e-08	NaN
4.1686e-08	NaN
2.9977e-08	NaN
2.6712e-08	NaN
2.8606e-08	NaN
3.2538e-08	NaN
3.6986e-08	NaN
4.1334e-08	NaN
4.4973e-08	NaN
4.7295e-08	NaN
4.7694e-08	NaN
4.5562e-08	NaN
4.0291e-08	NaN
3.1418e-08	NaN
2.0186e-08	NaN
8.9583e-09	NaN
1.1409e-10	NaN
3.9656e-09	NaN
9e-10	NaN
1.1692e-08	NaN
3.619e-08	NaN
7.4833e-08	NaN
1.2779e-07	NaN
1.9366e-07	NaN
2.7101e-07	NaN
3.584e-07	NaN
4.5439e-07	NaN
5.5754e-07	NaN
6.6642e-07	NaN
7.7952e-07	NaN
8.9396e-07	NaN
1.0057e-06	NaN
1.1107e-06	NaN
1.2049e-06	NaN
1.2841e-06	NaN
1.3443e-06	NaN
1.3814e-06	NaN
1.3915e-06	NaN
1.3744e-06	NaN
1.334e-06	NaN
1.274e-06	NaN
1.1984e-06	NaN
1.1111e-06	NaN
1.0158e-06	NaN
9.1663e-07	NaN
8.1729e-07	NaN
7.2037e-07	NaN
6.2692e-07	NaN
5.3789e-07	NaN
4.5425e-07	NaN
3.7696e-07	NaN
3.0698e-07	NaN
2.4526e-07	NaN
1.9276e-07	NaN
1.4962e-07	NaN
1.1492e-07	NaN
8.7677e-08	NaN
6.6892e-08	NaN
5.1576e-08	NaN
4.0737e-08	NaN
3.3382e-08	NaN
2.8522e-08	NaN
2.5401e-08	NaN
2.3619e-08	NaN
2.2809e-08	NaN
2.2604e-08	NaN
2.2635e-08	NaN
2.2537e-08	NaN
2.1941e-08	NaN
2.0483e-08	NaN
1.8067e-08	NaN
1.5086e-08	NaN
1.198e-08	NaN
9.1942e-09	NaN
7.1702e-09	NaN
6.351e-09	NaN
7.1795e-09	NaN
1.0096e-08	NaN
1.5197e-08	NaN
2.1851e-08	NaN
2.9336e-08	NaN
3.6928e-08	NaN
4.3905e-08	NaN
4.9543e-08	NaN
5.312e-08	NaN
5.3914e-08	NaN
5.1579e-08	NaN
4.6691e-08	NaN
3.9968e-08	NaN
3.2125e-08	NaN
2.3878e-08	NaN
1.5946e-08	NaN
9.0429e-09	NaN
3.8865e-09	NaN
9.555e-10	NaN
4.6038e-11	NaN
8.3158e-10	NaN
2.9857e-09	NaN
6.1818e-09	NaN
1.0093e-08	NaN
1.4394e-08	NaN
1.8758e-08	NaN
2.2857e-08	NaN
2.6366e-08	NaN
2.8959e-08	NaN
3.0308e-08	NaN
3.0087e-08	NaN
2.797e-08	NaN
2.363e-08	NaN
1.6741e-08	NaN
5.7984e-08	NaN
5.5737e-08	NaN
5.3192e-08	NaN
5.0401e-08	NaN
