1.0055e-07	NaN
9.6995e-08	NaN
9.0987e-08	NaN
8.3004e-08	NaN
7.3527e-08	NaN
6.3037e-08	NaN
5.2013e-08	NaN
4.0938e-08	NaN
3.0291e-08	NaN
2.0554e-08	NaN
1.2207e-08	NaN
5.7302e-09	NaN
1.6052e-09	NaN
3.1243e-10	NaN
2.1609e-09	NaN
6.5011e-09	NaN
1.2351e-08	NaN
1.8729e-08	NaN
2.4652e-08	NaN
2.9139e-08	NaN
3.1207e-08	NaN
2.9874e-08	NaN
2.4486e-08	NaN
1.6555e-08	NaN
8.4753e-09	NaN
2.644e-09	NaN
1.4576e-09	NaN
7.3126e-09	NaN
2.2606e-08	NaN
4.9734e-08	NaN
9.0636e-08	NaN
1.4364e-07	NaN
2.0537e-07	NaN
2.7244e-07	NaN
3.4143e-07	NaN
4.0898e-07	NaN
4.7168e-07	NaN
5.2613e-07	NaN
5.692e-07	NaN
6.0005e-07	NaN
6.191e-07	NaN
6.2681e-07	NaN
6.2364e-07	NaN
6.1003e-07	NaN
5.8644e-07	NaN
5.533e-07	NaN
5.1118e-07	NaN
4.617e-07	NaN
4.0719e-07	NaN
3.4997e-07	NaN
2.9238e-07	NaN
2.3677e-07	NaN
1.8546e-07	NaN
1.4079e-07	NaN
1.0497e-07	NaN
7.8369e-08	NaN
6.001e-08	NaN
4.8875e-08	NaN
4.3952e-08	NaN
4.4224e-08	NaN
4.8679e-08	NaN
5.63e-08	NaN
6.6088e-08	NaN
7.7279e-08	NaN
8.9315e-08	NaN
1.0164e-07	NaN
1.1371e-07	NaN
1.2497e-07	NaN
1.3486e-07	NaN
1.4284e-07	NaN
1.4848e-07	NaN
1.5438e-07	NaN
1.6607e-07	NaN
1.8926e-07	NaN
2.2963e-07	NaN
2.9286e-07	NaN
3.8462e-07	NaN
5.1062e-07	NaN
6.7645e-07	NaN
8.8555e-07	NaN
1.1388e-06	NaN
1.4371e-06	NaN
1.781e-06	NaN
2.1716e-06	NaN
2.6094e-06	NaN
3.0953e-06	NaN
3.63e-06	NaN
4.2096e-06	NaN
4.8245e-06	NaN
5.4644e-06	NaN
6.1191e-06	NaN
6.7786e-06	NaN
7.4327e-06	NaN
8.0712e-06	NaN
8.6839e-06	NaN
9.2623e-06	NaN
9.8001e-06	NaN
1.0291e-05	NaN
1.073e-05	NaN
1.1109e-05	NaN
1.1423e-05	NaN
1.1667e-05	NaN
1.1833e-05	NaN
1.1919e-05	NaN
1.1924e-05	NaN
1.1849e-05	NaN
1.1694e-05	NaN
1.1462e-05	NaN
1.1151e-05	NaN
1.0763e-05	NaN
1.0299e-05	NaN
9.7639e-06	NaN
9.1739e-06	NaN
8.5462e-06	NaN
7.8977e-06	NaN
7.2458e-06	NaN
6.6074e-06	NaN
5.9997e-06	NaN
5.4399e-06	NaN
4.9703e-06	NaN
4.6936e-06	NaN
4.7214e-06	NaN
5.1653e-06	NaN
6.1368e-06	NaN
7.7475e-06	NaN
1.0109e-05	NaN
1.3333e-05	NaN
1.7527e-05	NaN
2.2788e-05	NaN
2.921e-05	NaN
3.6889e-05	NaN
4.5919e-05	NaN
5.6394e-05	NaN
6.8411e-05	NaN
8.2063e-05	NaN
9.739e-05	NaN
0.00011425	NaN
0.00013247	NaN
0.00015187	NaN
0.00017227	NaN
0.0001935	NaN
0.00021537	NaN
0.00023771	NaN
0.00026034	NaN
0.00028305	NaN
0.00030566	NaN
0.00032795	NaN
0.00034972	NaN
0.00037078	NaN
0.00039091	NaN
0.00040993	NaN
0.00042766	NaN
0.00044409	NaN
0.00045924	NaN
0.00047315	NaN
0.00048584	NaN
0.00049734	NaN
0.00050768	NaN
0.00051689	NaN
0.00052503	NaN
0.00053233	NaN
0.00053906	NaN
0.00054552	NaN
0.00055199	NaN
0.00055875	NaN
0.00056609	NaN
0.00057429	NaN
0.00058359	NaN
0.00059401	NaN
0.00060543	NaN
0.00061777	NaN
0.00063092	NaN
0.0006448	NaN
0.00065929	NaN
0.00067431	NaN
0.00068977	NaN
0.00070556	NaN
0.00072163	NaN
0.00073789	NaN
0.00075426	NaN
0.00077067	NaN
0.00078704	NaN
0.00080329	NaN
0.00081934	NaN
0.00083505	NaN
0.00085025	NaN
0.00086477	NaN
0.00087845	NaN
0.00089111	NaN
0.00090259	NaN
0.00091272	NaN
0.00092133	NaN
0.00092843	NaN
0.00093407	NaN
0.00093832	NaN
0.00094127	NaN
0.00094298	NaN
0.00094353	NaN
0.00094298	NaN
0.00094142	NaN
0.00093903	NaN
0.00093603	NaN
0.00093267	NaN
0.0009292	NaN
0.00092585	NaN
0.00092288	NaN
0.00092051	NaN
0.000919	NaN
0.00091849	NaN
0.00091912	NaN
0.00092097	NaN
0.00092416	NaN
0.0009288	NaN
0.00093498	NaN
0.00094282	NaN
0.00095243	NaN
0.00096405	NaN
0.00097806	NaN
0.00099482	NaN
0.0010147	NaN
0.0010381	NaN
0.0010654	NaN
0.001097	NaN
0.0011332	NaN
0.0011743	NaN
0.0012207	NaN
0.0012726	NaN
0.0013303	NaN
0.001394	NaN
0.001464	NaN
0.0015407	NaN
0.0016242	NaN
0.0017143	NaN
0.0018104	NaN
0.0019114	NaN
0.0020167	NaN
0.0021254	NaN
0.0022366	NaN
0.0023496	NaN
0.0024634	NaN
0.0025774	NaN
0.0026909	NaN
0.002803	NaN
0.0029132	NaN
0.0030208	NaN
0.0031251	NaN
0.0032254	NaN
0.0033209	NaN
0.0034112	NaN
0.0034961	NaN
0.0035753	NaN
0.0036486	NaN
0.0037158	NaN
0.0037768	NaN
0.0038313	NaN
0.003879	NaN
0.00392	NaN
0.0039545	NaN
0.0039826	NaN
0.0040047	NaN
0.0040208	NaN
0.0040314	NaN
0.0040366	NaN
0.0040367	NaN
0.004032	NaN
0.0040236	NaN
0.0040122	NaN
0.0039989	NaN
0.0039846	NaN
0.0039702	NaN
0.0039567	NaN
0.003945	NaN
0.0039357	NaN
0.0039284	NaN
0.0039225	NaN
0.0039175	NaN
0.0039127	NaN
0.0039076	NaN
0.0039016	NaN
0.0038942	NaN
0.0038853	NaN
0.0038767	NaN
0.0038705	NaN
0.0038689	NaN
0.003874	NaN
0.0038879	NaN
0.0039127	NaN
0.0039506	NaN
0.0040033	NaN
0.0040707	NaN
0.0041523	NaN
0.0042478	NaN
0.0043566	NaN
0.0044783	NaN
0.0046125	NaN
0.0047586	NaN
0.0049159	NaN
0.0050819	NaN
0.0052537	NaN
0.0054285	NaN
0.0056034	NaN
0.0057754	NaN
0.0059418	NaN
0.0060995	NaN
0.006246	NaN
0.006381	NaN
0.0065047	NaN
0.0066172	NaN
0.0067188	NaN
0.0068097	NaN
0.0068902	NaN
0.0069603	NaN
0.0070205	NaN
0.0070711	NaN
0.0071126	NaN
0.0071456	NaN
0.0071704	NaN
0.0071877	NaN
0.007198	NaN
0.0072016	NaN
0.0071991	NaN
0.0071909	NaN
0.007177	NaN
0.0071578	NaN
0.0071334	NaN
0.007104	NaN
0.0070699	NaN
0.0070313	NaN
0.0069883	NaN
0.006941	NaN
0.006889	NaN
0.0068323	NaN
0.0067707	NaN
0.006704	NaN
0.006632	NaN
0.0065545	NaN
0.0064714	NaN
0.0063824	NaN
0.0062875	NaN
0.0061863	NaN
0.0060788	NaN
0.0059647	NaN
0.0058439	NaN
0.0057161	NaN
0.0055813	NaN
0.00544	NaN
0.0052932	NaN
0.0051421	NaN
0.0049877	NaN
0.0048311	NaN
0.0046733	NaN
0.0045154	NaN
0.0043586	NaN
0.0042031	NaN
0.0040492	NaN
0.0038967	NaN
0.0037458	NaN
0.0035964	NaN
0.0034485	NaN
0.0033022	NaN
0.0031575	NaN
0.0030141	NaN
0.0028719	NaN
0.0027304	NaN
0.0025894	NaN
0.0024484	NaN
0.0023072	NaN
0.0021654	NaN
0.0020228	NaN
0.0018795	NaN
0.0017365	NaN
0.0015946	NaN
0.0014548	NaN
0.001318	NaN
0.001185	NaN
0.0010569	NaN
0.00093439	NaN
0.00081837	NaN
0.00070931	NaN
0.00060775	NaN
0.00051422	NaN
0.00042923	NaN
0.00035331	NaN
0.00028698	NaN
0.00023076	NaN
0.00018464	NaN
0.00014783	NaN
0.00011949	NaN
9.8756e-05	NaN
8.4797e-05	NaN
7.6761e-05	NaN
7.3803e-05	NaN
7.5076e-05	NaN
7.9917e-05	NaN
8.7966e-05	NaN
9.8893e-05	NaN
0.00011237	NaN
0.00012806	NaN
0.00014565	NaN
0.00016479	NaN
0.00018517	NaN
0.00020644	NaN
0.00022829	NaN
0.00025039	NaN
0.00027241	NaN
0.00029403	NaN
0.00031491	NaN
0.00033474	NaN
0.00035318	NaN
0.0003698	NaN
0.0003839	NaN
0.00039476	NaN
0.00040164	NaN
0.00040381	NaN
0.00040055	NaN
0.00039112	NaN
0.0003748	NaN
0.00035137	NaN
0.00032202	NaN
0.00028816	NaN
0.0002512	NaN
0.00021256	NaN
0.00017365	NaN
0.00013588	NaN
0.00010067	NaN
6.9589e-05	NaN
4.4668e-05	NaN
2.8045e-05	NaN
2.1853e-05	NaN
2.8227e-05	NaN
4.93e-05	NaN
8.7207e-05	NaN
0.00014408	NaN
0.00022213	NaN
0.00032384	NaN
0.00045176	NaN
0.00060844	NaN
0.00079642	NaN
0.0010183	NaN
0.0012765	NaN
0.0015737	NaN
0.0019151	NaN
0.002318	NaN
0.002803	NaN
0.0033908	NaN
0.0041018	NaN
0.0049567	NaN
0.005976	NaN
0.0071804	NaN
0.0085931	NaN
0.010251	NaN
0.012196	NaN
0.014469	NaN
0.017111	NaN
0.020165	NaN
0.023671	NaN
0.027671	NaN
0.032204	NaN
0.037301	NaN
0.042986	NaN
0.049285	NaN
0.056222	NaN
0.063825	NaN
0.072117	NaN
0.081124	NaN
0.090873	NaN
0.1014	-0.65236
0.11274	-0.64932
0.12494	-0.64445
0.13803	-0.63791
0.15205	-0.62989
0.16705	-0.62055
0.18305	-0.61009
0.2001	-0.59866
0.21821	-0.58636
0.23738	-0.57325
0.25759	-0.55937
0.27885	-0.54478
0.30115	-0.52954
0.32449	-0.5137
0.34886	-0.49731
0.37426	-0.48042
0.40058	-0.46307
0.42765	-0.4453
0.45533	-0.42715
0.48344	-0.40864
0.51183	-0.38982
0.54034	-0.37071
0.5688	-0.35136
0.59707	-0.3318
0.62503	-0.31205
0.65262	-0.29216
0.67977	-0.27216
0.7064	-0.25208
0.73245	-0.23196
0.75784	-0.21182
0.78252	-0.19171
0.8064	-0.17166
0.82941	-0.15181
0.85145	-0.13237
0.87243	-0.11355
0.89224	-0.095561
0.91079	-0.078623
0.92799	-0.062947
0.94374	-0.048747
0.95794	-0.036231
0.97043	-0.025516
0.98101	-0.016634
0.98947	-0.0096133
0.9956	-0.0044818
0.99918	-0.001268
1	0
0.99786	-0.00070623
0.99255	-0.0034135
0.98413	-0.0081129
0.97296	-0.014757
0.9594	-0.023295
0.9438	-0.033679
0.92654	-0.045858
0.90797	-0.059784
0.88845	-0.075406
0.86834	-0.092677
0.84788	-0.11162
0.82714	-0.13235
0.80619	-0.15497
0.78509	-0.17961
0.76391	-0.20638
0.74272	-0.2354
0.72159	-0.26679
0.70057	-0.30065
0.67965	-0.33697
0.65868	-0.37551
0.6375	-0.41603
0.61597	-0.45831
0.59392	-0.50208
0.5712	-0.54712
0.54765	-0.59318
0.52313	-0.64003
0.49759	-0.68772
0.47123	-0.73679
0.44422	-0.78782
0.41678	-0.8414
0.38908	-0.89812
0.36134	-0.95856
0.33375	-1.0233
0.30649	-1.0929
0.27977	-1.1672
0.2538	-1.2443
0.22878	-1.3222
0.20491	-1.3989
0.1824	-1.4725
0.16145	-1.5408
0.14227	-1.6019
0.12506	-1.6538
0.10993	-1.6974
0.096792	NaN
0.085507	NaN
0.07595	NaN
0.067993	NaN
0.061508	NaN
0.056368	NaN
0.052443	NaN
0.049614	NaN
0.047778	NaN
0.046836	NaN
0.046688	NaN
0.047235	NaN
0.048377	NaN
0.050016	NaN
0.052052	NaN
0.054391	NaN
0.056955	NaN
0.05967	NaN
0.062462	NaN
0.065256	NaN
0.067978	NaN
0.070555	NaN
0.07291	NaN
0.074979	NaN
0.076726	NaN
0.078122	NaN
0.07914	NaN
0.079751	NaN
0.079927	NaN
0.079638	NaN
0.078857	NaN
0.077568	NaN
0.075806	NaN
0.073622	NaN
0.071064	NaN
0.068183	NaN
0.065029	NaN
0.061651	NaN
0.0581	NaN
0.054423	NaN
0.050661	NaN
0.04685	NaN
0.043028	NaN
0.039232	NaN
0.0355	NaN
0.031867	NaN
0.028373	NaN
0.02505	NaN
0.021919	NaN
0.018993	NaN
0.016284	NaN
0.013807	NaN
0.011574	NaN
0.0095995	NaN
0.0078958	NaN
0.0064744	NaN
0.0053308	NaN
0.0044538	NaN
0.003832	NaN
0.0034543	NaN
0.0033094	NaN
0.003386	NaN
0.0036728	NaN
0.0041574	NaN
0.004817	NaN
0.0056238	NaN
0.0065497	NaN
0.0075667	NaN
0.008647	NaN
0.0097624	NaN
0.010885	NaN
0.011988	NaN
0.013053	NaN
0.014065	NaN
0.015013	NaN
0.015883	NaN
0.01666	NaN
0.017333	NaN
0.017887	NaN
0.018311	NaN
0.018599	NaN
0.018753	NaN
0.018774	NaN
0.018664	NaN
0.018424	NaN
0.018055	NaN
0.017559	NaN
0.016937	NaN
0.016202	NaN
0.015372	NaN
0.014467	NaN
0.013505	NaN
0.012505	NaN
0.011487	NaN
0.01047	NaN
0.0094726	NaN
0.0085079	NaN
0.0075839	NaN
0.006708	NaN
0.0058878	NaN
0.005131	NaN
0.004445	NaN
0.0038376	NaN
0.003316	NaN
0.0028803	NaN
0.0025227	NaN
0.0022352	NaN
0.0020098	NaN
0.0018385	NaN
0.0017132	NaN
0.001626	NaN
0.0015688	NaN
0.0015353	NaN
0.0015214	NaN
0.0015229	NaN
0.0015358	NaN
0.001556	NaN
0.0015793	NaN
0.0016018	NaN
0.0016194	NaN
0.0016295	NaN
0.0016316	NaN
0.0016254	NaN
0.0016105	NaN
0.0015867	NaN
0.0015536	NaN
0.0015109	NaN
0.0014583	NaN
0.0013961	NaN
0.0013259	NaN
0.001249	NaN
0.0011671	NaN
0.0010818	NaN
0.00099448	NaN
0.00090682	NaN
0.00082033	NaN
0.00073624	NaN
0.00065518	NaN
0.00057771	NaN
0.0005044	NaN
0.0004358	NaN
0.0003725	NaN
0.00031504	NaN
0.000264	NaN
0.00021961	NaN
0.00018141	NaN
0.00014885	NaN
0.00012137	NaN
9.8403e-05	NaN
7.9405e-05	NaN
6.3815e-05	NaN
5.1075e-05	NaN
4.0703e-05	NaN
3.241e-05	NaN
2.5935e-05	NaN
2.1019e-05	NaN
1.7402e-05	NaN
1.4825e-05	NaN
1.3027e-05	NaN
1.175e-05	NaN
1.0789e-05	NaN
1.0108e-05	NaN
9.7025e-06	NaN
9.569e-06	NaN
9.7028e-06	NaN
1.01e-05	NaN
1.0755e-05	NaN
1.1665e-05	NaN
1.2808e-05	NaN
1.411e-05	NaN
1.5481e-05	NaN
1.6832e-05	NaN
1.8074e-05	NaN
1.9118e-05	NaN
1.9876e-05	NaN
2.0259e-05	NaN
2.0214e-05	NaN
1.9843e-05	NaN
1.9286e-05	NaN
1.8684e-05	NaN
1.8178e-05	NaN
1.7909e-05	NaN
1.8018e-05	NaN
1.8647e-05	NaN
1.9894e-05	NaN
2.1656e-05	NaN
2.3768e-05	NaN
2.6061e-05	NaN
2.8369e-05	NaN
3.0526e-05	NaN
3.2365e-05	NaN
3.3719e-05	NaN
3.4446e-05	NaN
3.4543e-05	NaN
3.4062e-05	NaN
3.3051e-05	NaN
3.156e-05	NaN
2.9638e-05	NaN
2.7336e-05	NaN
2.4703e-05	NaN
2.1794e-05	NaN
1.8707e-05	NaN
1.5557e-05	NaN
1.2458e-05	NaN
9.5255e-06	NaN
6.8745e-06	NaN
4.6198e-06	NaN
2.8763e-06	NaN
1.7449e-06	NaN
1.2088e-06	NaN
1.1931e-06	NaN
1.6222e-06	NaN
2.4209e-06	NaN
3.5136e-06	NaN
4.8251e-06	NaN
6.2797e-06	NaN
7.8088e-06	NaN
9.4087e-06	NaN
1.1114e-05	NaN
1.2958e-05	NaN
1.4977e-05	NaN
1.7205e-05	NaN
1.9676e-05	NaN
2.2426e-05	NaN
2.5485e-05	NaN
2.8857e-05	NaN
3.2521e-05	NaN
3.6459e-05	NaN
4.0652e-05	NaN
4.508e-05	NaN
4.9724e-05	NaN
5.4564e-05	NaN
5.9578e-05	NaN
6.4666e-05	NaN
6.9675e-05	NaN
7.4448e-05	NaN
7.883e-05	NaN
8.2664e-05	NaN
8.5794e-05	NaN
8.8065e-05	NaN
8.9326e-05	NaN
8.9547e-05	NaN
8.8806e-05	NaN
8.7185e-05	NaN
8.4762e-05	NaN
8.1621e-05	NaN
7.7841e-05	NaN
7.3503e-05	NaN
6.869e-05	NaN
6.3509e-05	NaN
5.8096e-05	NaN
5.2588e-05	NaN
4.7121e-05	NaN
4.1831e-05	NaN
3.6855e-05	NaN
3.2329e-05	NaN
2.8388e-05	NaN
2.5068e-05	NaN
2.2297e-05	NaN
1.9992e-05	NaN
1.8072e-05	NaN
1.6457e-05	NaN
1.5064e-05	NaN
1.3812e-05	NaN
1.2622e-05	NaN
1.1449e-05	NaN
1.0301e-05	NaN
9.1897e-06	NaN
8.1259e-06	NaN
7.121e-06	NaN
6.1863e-06	NaN
5.3329e-06	NaN
4.5723e-06	NaN
3.9148e-06	NaN
3.3701e-06	NaN
2.9475e-06	NaN
2.6565e-06	NaN
2.5065e-06	NaN
2.5069e-06	NaN
2.667e-06	NaN
2.9962e-06	NaN
3.487e-06	NaN
4.1015e-06	NaN
4.798e-06	NaN
5.5352e-06	NaN
6.2716e-06	NaN
6.9659e-06	NaN
7.5764e-06	NaN
8.062e-06	NaN
8.3961e-06	NaN
8.5845e-06	NaN
8.637e-06	NaN
8.5636e-06	NaN
8.3741e-06	NaN
8.0784e-06	NaN
7.6864e-06	NaN
7.208e-06	NaN
6.6572e-06	NaN
6.0584e-06	NaN
5.4373e-06	NaN
4.8201e-06	NaN
4.2326e-06	NaN
3.7007e-06	NaN
3.2503e-06	NaN
2.9074e-06	NaN
2.6874e-06	NaN
2.5746e-06	NaN
2.5475e-06	NaN
2.5848e-06	NaN
2.665e-06	NaN
2.7668e-06	NaN
2.8688e-06	NaN
2.9495e-06	NaN
2.9935e-06	NaN
3.0056e-06	NaN
2.9951e-06	NaN
2.9714e-06	NaN
2.9438e-06	NaN
2.9215e-06	NaN
2.9139e-06	NaN
2.9304e-06	NaN
2.9779e-06	NaN
3.0545e-06	NaN
3.1558e-06	NaN
3.2773e-06	NaN
3.4148e-06	NaN
3.5637e-06	NaN
3.7198e-06	NaN
3.8787e-06	NaN
4.0351e-06	NaN
4.18e-06	NaN
4.3033e-06	NaN
4.3946e-06	NaN
4.4437e-06	NaN
4.4405e-06	NaN
4.3746e-06	NaN
4.2359e-06	NaN
4.0176e-06	NaN
3.7325e-06	NaN
3.4001e-06	NaN
3.0403e-06	NaN
2.6728e-06	NaN
2.3173e-06	NaN
1.9934e-06	NaN
1.721e-06	NaN
1.517e-06	NaN
1.3806e-06	NaN
1.3033e-06	NaN
1.2767e-06	NaN
1.2923e-06	NaN
1.3418e-06	NaN
1.4167e-06	NaN
1.5085e-06	NaN
1.6091e-06	NaN
1.7121e-06	NaN
1.8122e-06	NaN
1.904e-06	NaN
1.9821e-06	NaN
2.0412e-06	NaN
2.0758e-06	NaN
2.0807e-06	NaN
2.0511e-06	NaN
1.9909e-06	NaN
1.9081e-06	NaN
1.8109e-06	NaN
1.7078e-06	NaN
1.6067e-06	NaN
1.5161e-06	NaN
1.4442e-06	NaN
1.3986e-06	NaN
1.3805e-06	NaN
1.3867e-06	NaN
1.414e-06	NaN
1.4591e-06	NaN
1.5188e-06	NaN
1.5898e-06	NaN
1.6689e-06	NaN
1.7529e-06	NaN
1.839e-06	NaN
1.9247e-06	NaN
2.0077e-06	NaN
2.0856e-06	NaN
2.1558e-06	NaN
2.216e-06	NaN
2.2637e-06	NaN
2.2966e-06	NaN
2.3134e-06	NaN
2.3134e-06	NaN
2.2962e-06	NaN
2.2615e-06	NaN
2.2087e-06	NaN
2.1373e-06	NaN
2.047e-06	NaN
1.9373e-06	NaN
1.8105e-06	NaN
1.6711e-06	NaN
1.5239e-06	NaN
1.3737e-06	NaN
1.2253e-06	NaN
1.0833e-06	NaN
9.5273e-07	NaN
8.3809e-07	NaN
7.4153e-07	NaN
6.621e-07	NaN
5.987e-07	NaN
5.5023e-07	NaN
5.1558e-07	NaN
4.9366e-07	NaN
4.8335e-07	NaN
4.8353e-07	NaN
4.9223e-07	NaN
5.0631e-07	NaN
5.2258e-07	NaN
5.3782e-07	NaN
5.4882e-07	NaN
5.5238e-07	NaN
5.4529e-07	NaN
5.2439e-07	NaN
4.8892e-07	NaN
4.4195e-07	NaN
3.8686e-07	NaN
3.2702e-07	NaN
2.6582e-07	NaN
2.0665e-07	NaN
1.5288e-07	NaN
1.0788e-07	NaN
7.3543e-08	NaN
4.9074e-08	NaN
3.3404e-08	NaN
2.5464e-08	NaN
2.4184e-08	NaN
2.8493e-08	NaN
3.7321e-08	NaN
4.96e-08	NaN
6.4572e-08	NaN
8.2136e-08	NaN
1.0227e-07	NaN
1.2497e-07	NaN
1.502e-07	NaN
1.7795e-07	NaN
2.082e-07	NaN
2.4094e-07	NaN
2.7577e-07	NaN
3.1144e-07	NaN
3.4653e-07	NaN
3.7963e-07	NaN
4.0934e-07	NaN
4.3426e-07	NaN
4.5297e-07	NaN
4.6408e-07	NaN
4.6668e-07	NaN
4.6135e-07	NaN
4.4893e-07	NaN
4.3026e-07	NaN
4.0617e-07	NaN
3.7751e-07	NaN
3.4511e-07	NaN
3.0982e-07	NaN
2.7246e-07	NaN
2.3388e-07	NaN
1.9492e-07	NaN
1.5641e-07	NaN
1.192e-07	NaN
8.4118e-08	NaN
5.2009e-08	NaN
2.3708e-08	NaN
9.1661e-08	NaN
9.8361e-08	NaN
1.0116e-07	NaN
