3.7807e-07	NaN
3.22e-07	NaN
2.662e-07	NaN
2.1155e-07	NaN
1.5892e-07	NaN
3.8435e-08	NaN
4.6418e-08	NaN
5.169e-08	NaN
5.4748e-08	NaN
5.6085e-08	NaN
5.6198e-08	NaN
5.5581e-08	NaN
5.473e-08	NaN
5.414e-08	NaN
5.4307e-08	NaN
5.5725e-08	NaN
5.8891e-08	NaN
6.4298e-08	NaN
7.2443e-08	NaN
8.3821e-08	NaN
9.8927e-08	NaN
1.1826e-07	NaN
1.4209e-07	NaN
1.6954e-07	NaN
1.9928e-07	NaN
2.3001e-07	NaN
2.6042e-07	NaN
2.8921e-07	NaN
3.1505e-07	NaN
3.3665e-07	NaN
3.5284e-07	NaN
3.6347e-07	NaN
3.6879e-07	NaN
3.6907e-07	NaN
3.6455e-07	NaN
3.5549e-07	NaN
3.4214e-07	NaN
3.2477e-07	NaN
3.0369e-07	NaN
2.7974e-07	NaN
2.5402e-07	NaN
2.2761e-07	NaN
2.0159e-07	NaN
1.7707e-07	NaN
1.5514e-07	NaN
1.3687e-07	NaN
1.2336e-07	NaN
1.1561e-07	NaN
1.1461e-07	NaN
1.2134e-07	NaN
1.3677e-07	NaN
1.6188e-07	NaN
1.9765e-07	NaN
2.4506e-07	NaN
3.0512e-07	NaN
3.793e-07	NaN
4.6937e-07	NaN
5.7709e-07	NaN
7.0422e-07	NaN
8.5254e-07	NaN
1.0238e-06	NaN
1.2198e-06	NaN
1.442e-06	NaN
1.6885e-06	NaN
1.9548e-06	NaN
2.2365e-06	NaN
2.5288e-06	NaN
2.8274e-06	NaN
3.1276e-06	NaN
3.4249e-06	NaN
3.7148e-06	NaN
3.9934e-06	NaN
4.2574e-06	NaN
4.5035e-06	NaN
4.7283e-06	NaN
4.9286e-06	NaN
5.101e-06	NaN
5.2422e-06	NaN
5.3492e-06	NaN
5.425e-06	NaN
5.4786e-06	NaN
5.5195e-06	NaN
5.5569e-06	NaN
5.6002e-06	NaN
5.6587e-06	NaN
5.7417e-06	NaN
5.8585e-06	NaN
6.0168e-06	NaN
6.2222e-06	NaN
6.4805e-06	NaN
6.7972e-06	NaN
7.1779e-06	NaN
7.6284e-06	NaN
8.1543e-06	NaN
8.7611e-06	NaN
9.45e-06	NaN
1.0217e-05	NaN
1.1056e-05	NaN
1.1965e-05	NaN
1.2936e-05	NaN
1.3967e-05	NaN
1.5051e-05	NaN
1.6185e-05	NaN
1.7361e-05	NaN
1.8568e-05	NaN
1.9795e-05	NaN
2.1031e-05	NaN
2.2266e-05	NaN
2.3487e-05	NaN
2.4684e-05	NaN
2.5845e-05	NaN
2.6961e-05	NaN
2.802e-05	NaN
2.9013e-05	NaN
2.993e-05	NaN
3.0759e-05	NaN
3.1493e-05	NaN
3.2119e-05	NaN
3.2629e-05	NaN
3.3014e-05	NaN
3.3273e-05	NaN
3.3405e-05	NaN
3.3407e-05	NaN
3.3278e-05	NaN
3.3018e-05	NaN
3.2624e-05	NaN
3.2096e-05	NaN
3.1437e-05	NaN
3.0666e-05	NaN
2.9802e-05	NaN
2.8867e-05	NaN
2.7881e-05	NaN
2.6863e-05	NaN
2.5834e-05	NaN
2.4814e-05	NaN
2.382e-05	NaN
2.2856e-05	NaN
2.1928e-05	NaN
2.1039e-05	NaN
2.0192e-05	NaN
1.9391e-05	NaN
1.864e-05	NaN
1.7944e-05	NaN
1.73e-05	NaN
1.6691e-05	NaN
1.6095e-05	NaN
1.5492e-05	NaN
1.4861e-05	NaN
1.4179e-05	NaN
1.3426e-05	NaN
1.2581e-05	NaN
1.1631e-05	NaN
1.0598e-05	NaN
9.5139e-06	NaN
8.4088e-06	NaN
7.3136e-06	NaN
6.2591e-06	NaN
5.2761e-06	NaN
4.3953e-06	NaN
3.643e-06	NaN
3.0242e-06	NaN
2.5381e-06	NaN
2.1836e-06	NaN
1.9597e-06	NaN
1.8654e-06	NaN
1.8999e-06	NaN
2.062e-06	NaN
2.3486e-06	NaN
2.7435e-06	NaN
3.2264e-06	NaN
3.777e-06	NaN
4.3749e-06	NaN
4.9998e-06	NaN
5.6312e-06	NaN
6.2489e-06	NaN
6.837e-06	NaN
7.4078e-06	NaN
7.9851e-06	NaN
8.5929e-06	NaN
9.2547e-06	NaN
9.9945e-06	NaN
1.0836e-05	NaN
1.1803e-05	NaN
1.2913e-05	NaN
1.413e-05	NaN
1.5397e-05	NaN
1.6653e-05	NaN
1.7841e-05	NaN
1.89e-05	NaN
1.9773e-05	NaN
2.04e-05	NaN
2.0728e-05	NaN
2.076e-05	NaN
2.0528e-05	NaN
2.0064e-05	NaN
1.9401e-05	NaN
1.8572e-05	NaN
1.7609e-05	NaN
1.6544e-05	NaN
1.5412e-05	NaN
1.4246e-05	NaN
1.3083e-05	NaN
1.1961e-05	NaN
1.0914e-05	NaN
9.9811e-06	NaN
9.1973e-06	NaN
8.5996e-06	NaN
8.2215e-06	NaN
8.0542e-06	NaN
8.058e-06	NaN
8.1927e-06	NaN
8.4178e-06	NaN
8.6932e-06	NaN
8.9785e-06	NaN
9.2334e-06	NaN
9.4194e-06	NaN
9.5272e-06	NaN
9.5725e-06	NaN
9.5717e-06	NaN
9.541e-06	NaN
9.4968e-06	NaN
9.4555e-06	NaN
9.4334e-06	NaN
9.4463e-06	NaN
9.4972e-06	NaN
9.5771e-06	NaN
9.6763e-06	NaN
9.7851e-06	NaN
9.8939e-06	NaN
9.993e-06	NaN
1.0073e-05	NaN
1.0124e-05	NaN
1.0141e-05	NaN
1.0127e-05	NaN
1.0083e-05	NaN
1.0011e-05	NaN
9.9121e-06	NaN
9.7881e-06	NaN
9.641e-06	NaN
9.4724e-06	NaN
9.289e-06	NaN
9.103e-06	NaN
8.9274e-06	NaN
8.7751e-06	NaN
8.6589e-06	NaN
8.5915e-06	NaN
8.586e-06	NaN
8.655e-06	NaN
8.8062e-06	NaN
9.0395e-06	NaN
9.3544e-06	NaN
9.7502e-06	NaN
1.0226e-05	NaN
1.0782e-05	NaN
1.1416e-05	NaN
1.2129e-05	NaN
1.2918e-05	NaN
1.378e-05	NaN
1.471e-05	NaN
1.5705e-05	NaN
1.6761e-05	NaN
1.7873e-05	NaN
1.9037e-05	NaN
2.0251e-05	NaN
2.1533e-05	NaN
2.2953e-05	NaN
2.4588e-05	NaN
2.6512e-05	NaN
2.8801e-05	NaN
3.153e-05	NaN
3.4774e-05	NaN
3.861e-05	NaN
4.31e-05	NaN
4.828e-05	NaN
5.4184e-05	NaN
6.0842e-05	NaN
6.8288e-05	NaN
7.6553e-05	NaN
8.5669e-05	NaN
9.5669e-05	NaN
0.00010659	NaN
0.00011847	NaN
0.00013136	NaN
0.00014531	NaN
0.00016037	NaN
0.00017657	NaN
0.00019397	NaN
0.00021262	NaN
0.00023256	NaN
0.0002539	NaN
0.00027672	NaN
0.00030112	NaN
0.00032721	NaN
0.00035507	NaN
0.00038481	NaN
0.00041652	NaN
0.00045026	NaN
0.00048594	NaN
0.00052345	NaN
0.00056266	NaN
0.00060345	NaN
0.0006457	NaN
0.00068929	NaN
0.0007341	NaN
0.00077993	NaN
0.00082626	NaN
0.00087246	NaN
0.00091793	NaN
0.00096202	NaN
0.0010041	NaN
0.0010436	NaN
0.0010799	NaN
0.0011125	NaN
0.0011411	NaN
0.0011659	NaN
0.001187	NaN
0.0012043	NaN
0.001218	NaN
0.0012279	NaN
0.0012343	NaN
0.0012372	NaN
0.001237	NaN
0.0012341	NaN
0.0012292	NaN
0.0012228	NaN
0.0012153	NaN
0.0012072	NaN
0.0011992	NaN
0.0011917	NaN
0.001185	NaN
0.0011795	NaN
0.0011754	NaN
0.001173	NaN
0.0011726	NaN
0.0011746	NaN
0.0011792	NaN
0.0011866	NaN
0.0011965	NaN
0.0012083	NaN
0.0012214	NaN
0.0012352	NaN
0.0012491	NaN
0.0012625	NaN
0.0012747	NaN
0.0012852	NaN
0.0012932	NaN
0.0012979	NaN
0.0012983	NaN
0.0012938	NaN
0.0012834	NaN
0.0012663	NaN
0.0012417	NaN
0.0012088	NaN
0.0011679	NaN
0.0011198	NaN
0.0010655	NaN
0.001006	NaN
0.00094228	NaN
0.00087519	NaN
0.00080571	NaN
0.0007348	NaN
0.0006635	NaN
0.00059293	NaN
0.00052419	NaN
0.00045839	NaN
0.00039665	NaN
0.00034009	NaN
0.0002898	NaN
0.00024688	NaN
0.00021168	NaN
0.0001839	NaN
0.00016318	NaN
0.0001492	NaN
0.00014162	NaN
0.00014009	NaN
0.00014427	NaN
0.00015382	NaN
0.00016815	NaN
0.00018642	NaN
0.00020778	NaN
0.00023136	NaN
0.00025633	NaN
0.00028181	NaN
0.00030696	NaN
0.00033092	NaN
0.00035314	NaN
0.00037339	NaN
0.00039149	NaN
0.00040725	NaN
0.00042047	NaN
0.00043097	NaN
0.00043856	NaN
0.00044304	NaN
0.00044446	NaN
0.00044314	NaN
0.00043945	NaN
0.00043376	NaN
0.00042643	NaN
0.00041783	NaN
0.00040831	NaN
0.00039825	NaN
0.00038798	NaN
0.00037784	NaN
0.00036813	NaN
0.00035917	NaN
0.00035127	NaN
0.00034476	NaN
0.00033994	NaN
0.00033712	NaN
0.00033649	NaN
0.00033792	NaN
0.00034125	NaN
0.00034634	NaN
0.00035303	NaN
0.00036118	NaN
0.00037063	NaN
0.00038122	NaN
0.00039283	NaN
0.00040538	NaN
0.00041879	NaN
0.00043299	NaN
0.00044791	NaN
0.00046346	NaN
0.00047957	NaN
0.00049618	NaN
0.00051332	NaN
0.00053139	NaN
0.00055081	NaN
0.00057204	NaN
0.0005955	NaN
0.00062163	NaN
0.00065087	NaN
0.00068366	NaN
0.00072077	NaN
0.00076399	NaN
0.00081534	NaN
0.00087681	NaN
0.00095041	NaN
0.0010381	NaN
0.001142	NaN
0.001264	NaN
0.0014081	NaN
0.0015853	NaN
0.0018083	NaN
0.0020898	NaN
0.0024425	NaN
0.0028791	NaN
0.0034123	NaN
0.0040549	NaN
0.0048214	NaN
0.0057356	NaN
0.0068234	NaN
0.0081108	NaN
0.0096238	NaN
0.011388	NaN
0.013431	NaN
0.015777	NaN
0.018455	NaN
0.021506	NaN
0.024977	NaN
0.028912	NaN
0.033356	NaN
0.038356	NaN
0.043957	NaN
0.050203	NaN
0.057139	NaN
0.064789	NaN
0.073171	NaN
0.082305	NaN
0.092209	NaN
0.1029	-0.65278
0.1144	-0.64553
0.12673	-0.63667
0.13991	-0.62623
0.154	-0.61431
0.16909	-0.60101
0.18526	-0.58646
0.20259	-0.57076
0.22116	-0.55403
0.24106	-0.53637
0.26237	-0.51791
0.28516	-0.49875
0.30942	-0.47904
0.33508	-0.45889
0.3621	-0.43846
0.3904	-0.41788
0.41992	-0.3973
0.45062	-0.37684
0.48243	-0.35665
0.51527	-0.33686
0.54892	-0.31749
0.58308	-0.29851
0.61742	-0.27987
0.65164	-0.26154
0.68541	-0.24348
0.71844	-0.22566
0.75039	-0.20802
0.78098	-0.19055
0.81	-0.17327
0.83734	-0.15624
0.86288	-0.13953
0.88653	-0.12322
0.90815	-0.10738
0.92764	-0.092078
0.94489	-0.07738
0.95978	-0.063361
0.97229	-0.05012
0.98243	-0.037785
0.99025	-0.026479
0.99576	-0.01633
0.999	-0.0074614
1	0
0.99878	0.0059289
0.99538	0.010203
0.98989	0.012755
0.98244	0.013572
0.97317	0.012644
0.96223	0.0099582
0.94976	0.005504
0.9359	-0.00072998
0.92079	-0.0087551
0.90457	-0.018583
0.88739	-0.030233
0.8694	-0.043736
0.85077	-0.05912
0.83164	-0.076414
0.81218	-0.095649
0.79254	-0.11685
0.77288	-0.14006
0.75335	-0.16529
0.73399	-0.1925
0.71471	-0.22157
0.69542	-0.25234
0.676	-0.28468
0.65637	-0.31845
0.63641	-0.35351
0.61603	-0.38971
0.59512	-0.42694
0.57364	-0.46535
0.55158	-0.50555
0.52896	-0.54818
0.50579	-0.59388
0.48206	-0.64327
0.45781	-0.69701
0.43303	-0.75572
0.40773	-0.82003
0.38201	-0.8895
0.35609	-0.9619
0.3302	-1.0348
0.30457	-1.1059
0.27944	-1.1728
0.25505	-1.233
0.23162	-1.2841
0.20939	-1.3239
0.18853	-1.3536
0.16908	-1.3816
0.15105	-1.4171
0.13449	-1.4692
0.1194	-1.5471
0.10582	-1.6601
0.093774	NaN
0.083279	NaN
0.074323	NaN
0.066802	NaN
0.060599	NaN
0.055597	NaN
0.051678	NaN
0.048727	NaN
0.046625	NaN
0.045256	NaN
0.044516	NaN
0.04434	NaN
0.044667	NaN
0.045437	NaN
0.046588	NaN
0.048061	NaN
0.049795	NaN
0.051729	NaN
0.053803	NaN
0.055954	NaN
0.058121	NaN
0.06024	NaN
0.062251	NaN
0.06409	NaN
0.065695	NaN
0.067005	NaN
0.067965	NaN
0.068557	NaN
0.068769	NaN
0.06859	NaN
0.068008	NaN
0.067012	NaN
0.06559	NaN
0.063731	NaN
0.061436	NaN
0.05876	NaN
0.055773	NaN
0.052546	NaN
0.049149	NaN
0.045652	NaN
0.042124	NaN
0.038637	NaN
0.035253	NaN
0.032005	NaN
0.028912	NaN
0.025997	NaN
0.02328	NaN
0.020783	NaN
0.018525	NaN
0.016529	NaN
0.014812	NaN
0.013366	NaN
0.012178	NaN
0.01123	NaN
0.01051	NaN
0.0099996	NaN
0.0096854	NaN
0.0095518	NaN
0.0095831	NaN
0.0097614	NaN
0.010068	NaN
0.010483	NaN
0.010988	NaN
0.011565	NaN
0.012193	NaN
0.012854	NaN
0.01353	NaN
0.014209	NaN
0.014879	NaN
0.015532	NaN
0.016157	NaN
0.016746	NaN
0.017287	NaN
0.017773	NaN
0.018192	NaN
0.018543	NaN
0.018827	NaN
0.019044	NaN
0.019197	NaN
0.019286	NaN
0.019313	NaN
0.019278	NaN
0.019183	NaN
0.019031	NaN
0.018827	NaN
0.018576	NaN
0.018281	NaN
0.017947	NaN
0.017579	NaN
0.017182	NaN
0.016759	NaN
0.016316	NaN
0.015856	NaN
0.015384	NaN
0.014905	NaN
0.014421	NaN
0.013939	NaN
0.013461	NaN
0.012993	NaN
0.012537	NaN
0.012093	NaN
0.011662	NaN
0.011246	NaN
0.010844	NaN
0.010458	NaN
0.010089	NaN
0.0097368	NaN
0.0094018	NaN
0.0090831	NaN
0.0087794	NaN
0.0084899	NaN
0.0082135	NaN
0.0079492	NaN
0.0076958	NaN
0.0074525	NaN
0.0072182	NaN
0.0069918	NaN
0.0067722	NaN
0.0065584	NaN
0.0063493	NaN
0.0061439	NaN
0.0059411	NaN
0.0057398	NaN
0.0055396	NaN
0.0053406	NaN
0.0051432	NaN
0.0049475	NaN
0.0047538	NaN
0.0045624	NaN
0.0043735	NaN
0.0041875	NaN
0.0040042	NaN
0.0038232	NaN
0.0036439	NaN
0.0034657	NaN
0.0032881	NaN
0.0031106	NaN
0.0029325	NaN
0.0027534	NaN
0.002573	NaN
0.0023917	NaN
0.0022101	NaN
0.0020287	NaN
0.0018479	NaN
0.0016683	NaN
0.0014903	NaN
0.0013145	NaN
0.001142	NaN
0.00097516	NaN
0.00081641	NaN
0.00066833	NaN
0.00053344	NaN
0.00041426	NaN
0.00031331	NaN
0.00023312	NaN
0.00017523	NaN
0.00013871	NaN
0.00012222	NaN
0.00012442	NaN
0.00014397	NaN
0.00017954	NaN
0.00022978	NaN
0.00029336	NaN
0.00036904	NaN
0.0004559	NaN
0.00055309	NaN
0.00065972	NaN
0.00077495	NaN
0.00089789	NaN
0.0010277	NaN
0.0011635	NaN
0.0013047	NaN
0.0014514	NaN
0.0016041	NaN
0.0017631	NaN
0.0019288	NaN
0.0021015	NaN
0.0022817	NaN
0.0024698	NaN
0.0026656	NaN
0.0028678	NaN
0.0030743	NaN
0.0032833	NaN
0.0034928	NaN
0.0037008	NaN
0.0039055	NaN
0.0041049	NaN
0.0042972	NaN
0.0044817	NaN
0.0046578	NaN
0.0048251	NaN
0.004983	NaN
0.0051311	NaN
0.0052687	NaN
0.0053955	NaN
0.0055109	NaN
0.0056146	NaN
0.0057061	NaN
0.0057852	NaN
0.0058514	NaN
0.0059045	NaN
0.005944	NaN
0.0059696	NaN
0.005981	NaN
0.0059783	NaN
0.0059618	NaN
0.0059316	NaN
0.005888	NaN
0.0058314	NaN
0.0057618	NaN
0.0056797	NaN
0.0055852	NaN
0.0054784	NaN
0.0053595	NaN
0.0052285	NaN
0.0050856	NaN
0.0049309	NaN
0.0047644	NaN
0.0045863	NaN
0.0043967	NaN
0.0041969	NaN
0.0039887	NaN
0.0037738	NaN
0.0035542	NaN
0.0033317	NaN
0.003108	NaN
0.002885	NaN
0.0026644	NaN
0.0024478	NaN
0.0022364	NaN
0.0020313	NaN
0.0018338	NaN
0.0016452	NaN
0.0014667	NaN
0.0012994	NaN
0.0011447	NaN
0.0010027	NaN
0.00087333	NaN
0.00075624	NaN
0.00065114	NaN
0.00055775	NaN
0.0004758	NaN
0.00040498	NaN
0.00034504	NaN
0.00029592	NaN
0.00025775	NaN
0.00023069	NaN
0.00021488	NaN
0.00021048	NaN
0.00021762	NaN
0.00023646	NaN
0.00026712	NaN
0.00030924	NaN
0.00036198	NaN
0.00042446	NaN
0.00049579	NaN
0.00057511	NaN
0.00066154	NaN
0.00075419	NaN
0.00085219	NaN
0.00095428	NaN
0.0010588	NaN
0.001164	NaN
0.0012682	NaN
0.0013696	NaN
0.0014667	NaN
0.0015576	NaN
0.0016407	NaN
0.0017148	NaN
0.0017794	NaN
0.0018342	NaN
0.0018786	NaN
0.0019124	NaN
0.001935	NaN
0.001946	NaN
0.0019451	NaN
0.0019323	NaN
0.0019084	NaN
0.001874	NaN
0.0018301	NaN
0.0017774	NaN
0.0017167	NaN
0.0016488	NaN
0.0015746	NaN
0.0014949	NaN
0.0014111	NaN
0.0013242	NaN
0.0012357	NaN
0.0011467	NaN
0.0010585	NaN
0.00097228	NaN
0.00088936	NaN
0.00081064	NaN
0.00073637	NaN
0.00066672	NaN
0.00060186	NaN
0.00054194	NaN
0.00048713	NaN
0.0004376	NaN
0.0003935	NaN
0.00035485	NaN
0.00032128	NaN
0.00029235	NaN
0.00026763	NaN
0.00024669	NaN
0.0002291	NaN
0.00021442	NaN
0.00020222	NaN
0.00019211	NaN
0.00018383	NaN
0.00017713	NaN
0.00017177	NaN
0.0001675	NaN
0.00016408	NaN
0.00016127	NaN
0.00015883	NaN
0.00015653	NaN
0.00015425	NaN
0.00015189	NaN
0.00014933	NaN
0.00014648	NaN
0.00014322	NaN
0.00013945	NaN
0.00013506	NaN
0.00012998	NaN
0.00012428	NaN
0.00011808	NaN
0.00011148	NaN
0.0001046	NaN
9.755e-05	NaN
9.0434e-05	NaN
8.3366e-05	NaN
7.6446e-05	NaN
6.9722e-05	NaN
6.3227e-05	NaN
5.6995e-05	NaN
5.1059e-05	NaN
4.545e-05	NaN
4.0203e-05	NaN
3.535e-05	NaN
3.0919e-05	NaN
2.6902e-05	NaN
2.3282e-05	NaN
2.004e-05	NaN
1.7159e-05	NaN
1.4619e-05	NaN
1.2402e-05	NaN
1.049e-05	NaN
8.8643e-06	NaN
7.4954e-06	NaN
6.3521e-06	NaN
5.4026e-06	NaN
4.6153e-06	NaN
3.9583e-06	NaN
3.4e-06	NaN
2.9087e-06	NaN
2.4552e-06	NaN
2.0321e-06	NaN
1.6422e-06	NaN
1.2885e-06	NaN
9.7397e-07	NaN
7.0155e-07	NaN
4.7422e-07	NaN
2.9494e-07	NaN
1.6608e-07	NaN
8.4157e-08	NaN
4.242e-08	NaN
3.4061e-08	NaN
5.2281e-08	NaN
9.0276e-08	NaN
1.4125e-07	NaN
1.9839e-07	NaN
2.5516e-07	NaN
3.0805e-07	NaN
3.5553e-07	NaN
3.961e-07	NaN
4.2829e-07	NaN
4.5059e-07	NaN
4.6152e-07	NaN
4.5958e-07	NaN
4.4348e-07	NaN
4.1472e-07	NaN
3.7692e-07	NaN
3.3377e-07	NaN
2.8894e-07	NaN
2.4612e-07	NaN
2.0898e-07	NaN
1.8121e-07	NaN
1.6631e-07	NaN
1.6463e-07	NaN
1.7375e-07	NaN
1.9117e-07	NaN
2.1438e-07	NaN
2.4088e-07	NaN
2.6815e-07	NaN
2.9368e-07	NaN
3.1506e-07	NaN
3.32e-07	NaN
3.4635e-07	NaN
3.6004e-07	NaN
3.7504e-07	NaN
3.9328e-07	NaN
4.1672e-07	NaN
4.4729e-07	NaN
4.8689e-07	NaN
5.3588e-07	NaN
5.928e-07	NaN
6.561e-07	NaN
7.2423e-07	NaN
7.9564e-07	NaN
8.6876e-07	NaN
9.4205e-07	NaN
1.014e-06	NaN
1.0824e-06	NaN
1.1449e-06	NaN
1.1987e-06	NaN
1.2411e-06	NaN
1.2696e-06	NaN
1.2814e-06	NaN
1.2739e-06	NaN
1.2445e-06	NaN
1.1931e-06	NaN
1.1235e-06	NaN
1.0402e-06	NaN
9.4727e-07	NaN
8.4901e-07	NaN
7.4967e-07	NaN
6.5349e-07	NaN
5.6473e-07	NaN
4.8616e-07	NaN
4.1794e-07	NaN
3.5995e-07	NaN
3.1205e-07	NaN
2.7414e-07	NaN
2.4608e-07	NaN
2.2776e-07	NaN
2.1905e-07	NaN
2.1964e-07	NaN
2.2886e-07	NaN
2.4596e-07	NaN
2.7022e-07	NaN
3.009e-07	NaN
3.3727e-07	NaN
3.786e-07	NaN
4.2415e-07	NaN
4.729e-07	NaN
5.231e-07	NaN
5.7292e-07	NaN
6.205e-07	NaN
6.6401e-07	NaN
7.0158e-07	NaN
7.3138e-07	NaN
7.5156e-07	NaN
7.6089e-07	NaN
7.5994e-07	NaN
7.4957e-07	NaN
7.3068e-07	NaN
7.0414e-07	NaN
6.7083e-07	NaN
6.3163e-07	NaN
5.8742e-07	NaN
5.3908e-07	NaN
4.8749e-07	NaN
4.3353e-07	NaN
