2.6243e-07	NaN
2.4825e-07	NaN
2.3501e-07	NaN
2.2281e-07	NaN
2.1175e-07	NaN
2.0194e-07	NaN
1.9347e-07	NaN
1.8646e-07	NaN
1.8101e-07	NaN
1.7721e-07	NaN
1.7518e-07	NaN
1.7502e-07	NaN
1.7683e-07	NaN
1.8071e-07	NaN
1.8677e-07	NaN
1.9512e-07	NaN
2.0585e-07	NaN
2.1911e-07	NaN
2.3529e-07	NaN
2.5484e-07	NaN
2.7823e-07	NaN
3.0591e-07	NaN
3.3836e-07	NaN
3.7604e-07	NaN
4.194e-07	NaN
4.6863e-07	NaN
5.2202e-07	NaN
5.7712e-07	NaN
6.3145e-07	NaN
6.8255e-07	NaN
7.2795e-07	NaN
7.6519e-07	NaN
7.918e-07	NaN
8.0572e-07	NaN
8.0809e-07	NaN
8.0161e-07	NaN
7.8893e-07	NaN
7.7276e-07	NaN
7.5577e-07	NaN
7.4065e-07	NaN
7.3007e-07	NaN
7.2648e-07	NaN
7.2994e-07	NaN
7.3925e-07	NaN
7.5315e-07	NaN
7.7042e-07	NaN
7.8982e-07	NaN
8.1011e-07	NaN
8.3005e-07	NaN
8.4845e-07	NaN
8.645e-07	NaN
8.7766e-07	NaN
8.8742e-07	NaN
8.9322e-07	NaN
8.9454e-07	NaN
8.9084e-07	NaN
8.8159e-07	NaN
8.6636e-07	NaN
8.4619e-07	NaN
8.232e-07	NaN
7.9955e-07	NaN
7.7738e-07	NaN
7.5885e-07	NaN
7.4611e-07	NaN
7.4131e-07	NaN
7.4655e-07	NaN
7.6284e-07	NaN
7.9031e-07	NaN
8.2904e-07	NaN
8.7912e-07	NaN
9.4063e-07	NaN
1.0137e-06	NaN
1.0983e-06	NaN
1.1946e-06	NaN
1.3015e-06	NaN
1.4171e-06	NaN
1.5393e-06	NaN
1.666e-06	NaN
1.7953e-06	NaN
1.9249e-06	NaN
2.053e-06	NaN
2.1775e-06	NaN
2.2974e-06	NaN
2.4133e-06	NaN
2.5257e-06	NaN
2.635e-06	NaN
2.7419e-06	NaN
2.8467e-06	NaN
2.95e-06	NaN
3.0523e-06	NaN
3.1543e-06	NaN
3.2568e-06	NaN
3.3605e-06	NaN
3.4664e-06	NaN
3.5751e-06	NaN
3.6876e-06	NaN
3.8046e-06	NaN
3.9269e-06	NaN
4.0558e-06	NaN
4.1928e-06	NaN
4.3395e-06	NaN
4.4977e-06	NaN
4.669e-06	NaN
4.8549e-06	NaN
5.0573e-06	NaN
5.2777e-06	NaN
5.5235e-06	NaN
5.8117e-06	NaN
6.1605e-06	NaN
6.5877e-06	NaN
7.1117e-06	NaN
7.7503e-06	NaN
8.5218e-06	NaN
9.4441e-06	NaN
1.0529e-05	NaN
1.1777e-05	NaN
1.3186e-05	NaN
1.4754e-05	NaN
1.648e-05	NaN
1.8362e-05	NaN
2.0398e-05	NaN
2.2587e-05	NaN
2.4924e-05	NaN
2.7397e-05	NaN
2.9995e-05	NaN
3.2705e-05	NaN
3.5514e-05	NaN
3.8412e-05	NaN
4.1385e-05	NaN
4.4421e-05	NaN
4.7517e-05	NaN
5.0697e-05	NaN
5.3988e-05	NaN
5.7419e-05	NaN
6.1017e-05	NaN
6.4812e-05	NaN
6.8829e-05	NaN
7.3099e-05	NaN
7.7659e-05	NaN
8.2585e-05	NaN
8.7963e-05	NaN
9.3875e-05	NaN
0.0001004	NaN
0.00010764	NaN
0.00011565	NaN
0.00012454	NaN
0.00013439	NaN
0.00014535	NaN
0.00015759	NaN
0.00017125	NaN
0.0001865	NaN
0.00020349	NaN
0.00022239	NaN
0.00024335	NaN
0.00026649	NaN
0.00029175	NaN
0.00031904	NaN
0.00034825	NaN
0.00037927	NaN
0.000412	NaN
0.00044633	NaN
0.00048216	NaN
0.00051936	NaN
0.0005576	NaN
0.00059654	NaN
0.00063581	NaN
0.00067503	NaN
0.00071386	NaN
0.00075192	NaN
0.00078884	NaN
0.00082428	NaN
0.00085793	NaN
0.00088951	NaN
0.00091874	NaN
0.00094535	NaN
0.00096904	NaN
0.00098954	NaN
0.0010066	NaN
0.0010199	NaN
0.0010293	NaN
0.0010347	NaN
0.0010361	NaN
0.0010333	NaN
0.0010262	NaN
0.0010148	NaN
0.00099898	NaN
0.00097863	NaN
0.00095398	NaN
0.00092539	NaN
0.00089321	NaN
0.00085781	NaN
0.00081953	NaN
0.00077874	NaN
0.00073579	NaN
0.00069104	NaN
0.00064495	NaN
0.00059799	NaN
0.00055066	NaN
0.00050345	NaN
0.00045686	NaN
0.00041138	NaN
0.0003675	NaN
0.00032571	NaN
0.00028658	NaN
0.00025068	NaN
0.00021863	NaN
0.000191	NaN
0.0001684	NaN
0.00015143	NaN
0.00014066	NaN
0.0001367	NaN
0.00013995	NaN
0.00015067	NaN
0.00016913	NaN
0.00019558	NaN
0.0002303	NaN
0.00027353	NaN
0.00032555	NaN
0.00038659	NaN
0.00045671	NaN
0.00053572	NaN
0.00062344	NaN
0.00071971	NaN
0.00082433	NaN
0.00093714	NaN
0.0010579	NaN
0.0011866	NaN
0.0013225	NaN
0.0014649	NaN
0.0016129	NaN
0.0017658	NaN
0.0019225	NaN
0.0020823	NaN
0.0022443	NaN
0.0024077	NaN
0.0025719	NaN
0.0027366	NaN
0.0029014	NaN
0.0030662	NaN
0.0032307	NaN
0.0033945	NaN
0.0035575	NaN
0.0037193	NaN
0.0038795	NaN
0.0040376	NaN
0.004193	NaN
0.004345	NaN
0.0044931	NaN
0.0046366	NaN
0.0047749	NaN
0.0049075	NaN
0.0050338	NaN
0.0051531	NaN
0.005265	NaN
0.0053689	NaN
0.0054642	NaN
0.0055505	NaN
0.005627	NaN
0.0056933	NaN
0.005749	NaN
0.005794	NaN
0.0058282	NaN
0.0058516	NaN
0.0058642	NaN
0.0058658	NaN
0.0058565	NaN
0.0058361	NaN
0.0058047	NaN
0.0057623	NaN
0.0057089	NaN
0.0056445	NaN
0.0055692	NaN
0.0054829	NaN
0.0053858	NaN
0.0052778	NaN
0.0051591	NaN
0.0050305	NaN
0.0048926	NaN
0.0047462	NaN
0.0045921	NaN
0.004431	NaN
0.0042637	NaN
0.004091	NaN
0.0039135	NaN
0.0037321	NaN
0.0035475	NaN
0.0033604	NaN
0.0031716	NaN
0.0029818	NaN
0.0027918	NaN
0.0026024	NaN
0.0024142	NaN
0.0022283	NaN
0.0020454	NaN
0.0018667	NaN
0.001693	NaN
0.0015252	NaN
0.0013643	NaN
0.0012111	NaN
0.0010667	NaN
0.00093118	NaN
0.00080498	NaN
0.0006883	NaN
0.00058139	NaN
0.0004845	NaN
0.00039788	NaN
0.00032179	NaN
0.00025638	NaN
0.00020138	NaN
0.00015632	NaN
0.00012076	NaN
9.4256e-05	NaN
7.6358e-05	NaN
6.6619e-05	NaN
6.4591e-05	NaN
6.9824e-05	NaN
8.1839e-05	NaN
0.00010015	NaN
0.00012426	NaN
0.00015368	NaN
0.00018794	NaN
0.00022653	NaN
0.00026896	NaN
0.00031474	NaN
0.00036316	NaN
0.00041346	NaN
0.00046487	NaN
0.00051663	NaN
0.00056796	NaN
0.00061809	NaN
0.00066627	NaN
0.00071173	NaN
0.00075394	NaN
0.00079246	NaN
0.00082684	NaN
0.00085664	NaN
0.00088142	NaN
0.00090075	NaN
0.00091417	NaN
0.00092132	NaN
0.00092245	NaN
0.0009182	NaN
0.00090922	NaN
0.00089618	NaN
0.00087973	NaN
0.00086051	NaN
0.00083918	NaN
0.00081639	NaN
0.00079256	NaN
0.000768	NaN
0.00074298	NaN
0.00071781	NaN
0.00069276	NaN
0.00066813	NaN
0.00064422	NaN
0.00062129	NaN
0.00059934	NaN
0.00057815	NaN
0.00055748	NaN
0.00053711	NaN
0.0005168	NaN
0.00049633	NaN
0.00047545	NaN
0.00045395	NaN
0.00043186	NaN
0.00040944	NaN
0.00038696	NaN
0.00036469	NaN
0.00034292	NaN
0.0003219	NaN
0.00030192	NaN
0.00028324	NaN
0.00026601	NaN
0.00025023	NaN
0.0002359	NaN
0.00022304	NaN
0.00021163	NaN
0.00020168	NaN
0.0001932	NaN
0.00018617	NaN
0.0001806	NaN
0.00017645	NaN
0.00017369	NaN
0.00017229	NaN
0.00017221	NaN
0.00017343	NaN
0.00017591	NaN
0.00017963	NaN
0.00018465	NaN
0.00019121	NaN
0.00019953	NaN
0.00020985	NaN
0.00022242	NaN
0.00023746	NaN
0.00025521	NaN
0.00027591	NaN
0.00029977	NaN
0.00032698	NaN
0.00035771	NaN
0.00039215	NaN
0.00043047	NaN
0.00047286	NaN
0.00051949	NaN
0.00057054	NaN
0.00062571	NaN
0.00068375	NaN
0.00074332	NaN
0.00080305	NaN
0.00086159	NaN
0.00091759	NaN
0.0009697	NaN
0.0010166	NaN
0.0010571	NaN
0.0010909	NaN
0.0011177	NaN
0.001137	NaN
0.0011487	NaN
0.0011523	NaN
0.0011476	NaN
0.0011341	NaN
0.0011117	NaN
0.0010805	NaN
0.0010404	NaN
0.00099155	NaN
0.00093401	NaN
0.00086786	NaN
0.00079315	NaN
0.00070996	NaN
0.00061911	NaN
0.0005238	NaN
0.0004277	NaN
0.00033449	NaN
0.00024783	NaN
0.0001714	NaN
0.00010887	NaN
6.3908e-05	NaN
4.1358e-05	NaN
5.0433e-05	NaN
0.00010136	NaN
0.00020437	NaN
0.00036969	NaN
0.00060755	NaN
0.00092818	NaN
0.0013418	NaN
0.00186	NaN
0.0025	NaN
0.0032809	NaN
0.0042216	NaN
0.005341	NaN
0.0066581	NaN
0.0081917	NaN
0.0099609	NaN
0.011989	NaN
0.014324	NaN
0.017019	NaN
0.02013	NaN
0.023713	NaN
0.02782	NaN
0.032508	NaN
0.037831	NaN
0.043842	NaN
0.050571	NaN
0.058045	NaN
0.066288	NaN
0.075326	NaN
0.085183	NaN
0.095884	NaN
0.10745	-0.66549
0.11992	-0.65864
0.1333	-0.65119
0.14762	-0.64306
0.16289	-0.63419
0.17914	-0.62451
0.19639	-0.61394
0.21466	-0.60242
0.23397	-0.58987
0.25433	-0.57624
0.2757	-0.56159
0.29801	-0.54602
0.32119	-0.52965
0.34518	-0.51259
0.36989	-0.49497
0.39526	-0.47688
0.42121	-0.45846
0.44768	-0.43979
0.47456	-0.42092
0.50172	-0.40182
0.52904	-0.38249
0.5564	-0.36289
0.58367	-0.34302
0.61074	-0.32286
0.63746	-0.30239
0.66374	-0.2816
0.68951	-0.26057
0.71477	-0.23944
0.73952	-0.21834
0.76375	-0.19742
0.78745	-0.17682
0.81063	-0.15667
0.83327	-0.13712
0.85537	-0.1183
0.87678	-0.10036
0.89725	-0.083443
0.91654	-0.067695
0.93439	-0.053259
0.95056	-0.040279
0.96479	-0.028902
0.97684	-0.019272
0.98645	-0.011529
0.99352	-0.0057394
0.99803	-0.0018988
1	0
0.99942	-3.578e-05
0.9963	-0.001999
0.99064	-0.0058826
0.98244	-0.011679
0.97171	-0.019382
0.95858	-0.028993
0.94334	-0.040521
0.92626	-0.053977
0.90762	-0.069371
0.88771	-0.086714
0.86681	-0.10602
0.8452	-0.12729
0.82315	-0.15053
0.80085	-0.1757
0.77833	-0.20266
0.75564	-0.23125
0.7328	-0.26135
0.70984	-0.2928
0.68681	-0.32547
0.66374	-0.35921
0.64067	-0.39389
0.61758	-0.42967
0.59443	-0.46715
0.57115	-0.50696
0.54768	-0.54972
0.52397	-0.59606
0.49995	-0.64662
0.47557	-0.70202
0.45075	-0.76288
0.42553	-0.82877
0.40006	-0.89755
0.37451	-0.96691
0.34904	-1.0345
0.32382	-1.0981
0.29902	-1.1554
0.27481	-1.204
0.25135	-1.2417
0.2288	-1.2698
0.20727	-1.2967
0.1869	-1.3314
0.1678	-1.3831
0.15009	-1.461
0.13389	-1.574
0.11932	-1.7315
0.10651	-1.9424
0.0955	NaN
0.086162	NaN
0.078351	NaN
0.071922	NaN
0.066726	NaN
0.062617	NaN
0.059447	NaN
0.057071	NaN
0.055362	NaN
0.054254	NaN
0.053687	NaN
0.053603	NaN
0.053944	NaN
0.054651	NaN
0.055667	NaN
0.056932	NaN
0.05839	NaN
0.059986	NaN
0.06167	NaN
0.063388	NaN
0.065086	NaN
0.066714	NaN
0.068218	NaN
0.069545	NaN
0.070649	NaN
0.071504	NaN
0.072086	NaN
0.072375	NaN
0.072348	NaN
0.071984	NaN
0.071261	NaN
0.070157	NaN
0.06866	NaN
0.066801	NaN
0.064622	NaN
0.062166	NaN
0.059475	NaN
0.056593	NaN
0.05356	NaN
0.050419	NaN
0.047212	NaN
0.043968	NaN
0.040715	NaN
0.037481	NaN
0.034294	NaN
0.031181	NaN
0.028169	NaN
0.025287	NaN
0.022559	NaN
0.019995	NaN
0.017602	NaN
0.015384	NaN
0.013346	NaN
0.011493	NaN
0.0098298	NaN
0.0083619	NaN
0.0070934	NaN
0.0060228	NaN
0.0051463	NaN
0.0044599	NaN
0.0039597	NaN
0.0036418	NaN
0.0035023	NaN
0.0035372	NaN
0.0037415	NaN
0.0041004	NaN
0.0045944	NaN
0.0052036	NaN
0.0059084	NaN
0.0066892	NaN
0.0075262	NaN
0.0083997	NaN
0.0092906	NaN
0.010187	NaN
0.01108	NaN
0.011962	NaN
0.012824	NaN
0.013659	NaN
0.014457	NaN
0.015211	NaN
0.015913	NaN
0.016558	NaN
0.017143	NaN
0.017665	NaN
0.018121	NaN
0.018508	NaN
0.018825	NaN
0.019067	NaN
0.019232	NaN
0.019321	NaN
0.019337	NaN
0.019284	NaN
0.019166	NaN
0.018985	NaN
0.018746	NaN
0.018451	NaN
0.018105	NaN
0.017713	NaN
0.017281	NaN
0.016817	NaN
0.016328	NaN
0.015821	NaN
0.015302	NaN
0.01478	NaN
0.01426	NaN
0.013747	NaN
0.013245	NaN
0.012755	NaN
0.012279	NaN
0.011821	NaN
0.011383	NaN
0.010966	NaN
0.010574	NaN
0.010206	NaN
0.0098622	NaN
0.0095398	NaN
0.0092374	NaN
0.0089536	NaN
0.0086866	NaN
0.0084348	NaN
0.0081966	NaN
0.0079703	NaN
0.0077538	NaN
0.0075454	NaN
0.0073431	NaN
0.0071449	NaN
0.0069489	NaN
0.0067532	NaN
0.0065558	NaN
0.0063561	NaN
0.006155	NaN
0.0059536	NaN
0.0057533	NaN
0.0055551	NaN
0.0053604	NaN
0.0051702	NaN
0.0049857	NaN
0.004808	NaN
0.0046373	NaN
0.0044741	NaN
0.0043187	NaN
0.0041714	NaN
0.0040327	NaN
0.0039027	NaN
0.003782	NaN
0.0036702	NaN
0.0035661	NaN
0.003468	NaN
0.0033744	NaN
0.0032838	NaN
0.0031947	NaN
0.0031055	NaN
0.0030146	NaN
0.0029209	NaN
0.0028246	NaN
0.0027258	NaN
0.0026247	NaN
0.0025217	NaN
0.0024168	NaN
0.0023104	NaN
0.0022026	NaN
0.0020939	NaN
0.0019849	NaN
0.0018765	NaN
0.0017695	NaN
0.0016645	NaN
0.0015626	NaN
0.0014644	NaN
0.0013707	NaN
0.0012822	NaN
0.0011986	NaN
0.0011197	NaN
0.001045	NaN
0.00097427	NaN
0.00090713	NaN
0.00084325	NaN
0.00078228	NaN
0.00072393	NaN
0.00066807	NaN
0.00061466	NaN
0.00056362	NaN
0.0005149	NaN
0.00046843	NaN
0.00042415	NaN
0.000382	NaN
0.00034194	NaN
0.00030404	NaN
0.00026842	NaN
0.00023518	NaN
0.00020444	NaN
0.0001763	NaN
0.00015088	NaN
0.00012829	NaN
0.00010859	NaN
9.1604e-05	NaN
7.7073e-05	NaN
6.473e-05	NaN
5.4308e-05	NaN
4.5542e-05	NaN
3.8166e-05	NaN
3.1914e-05	NaN
2.654e-05	NaN
2.1921e-05	NaN
1.7993e-05	NaN
1.4687e-05	NaN
1.1938e-05	NaN
9.6773e-06	NaN
7.8399e-06	NaN
6.3584e-06	NaN
5.1692e-06	NaN
4.2323e-06	NaN
3.5198e-06	NaN
3.0036e-06	NaN
2.6558e-06	NaN
2.4485e-06	NaN
2.3537e-06	NaN
2.3435e-06	NaN
2.3909e-06	NaN
2.4777e-06	NaN
2.5912e-06	NaN
2.7184e-06	NaN
2.8466e-06	NaN
2.9629e-06	NaN
3.0545e-06	NaN
3.1086e-06	NaN
3.1133e-06	NaN
3.0694e-06	NaN
2.9862e-06	NaN
2.8728e-06	NaN
2.7386e-06	NaN
2.5929e-06	NaN
2.4449e-06	NaN
2.3041e-06	NaN
2.1795e-06	NaN
2.0774e-06	NaN
2.0021e-06	NaN
1.9576e-06	NaN
1.9482e-06	NaN
1.9778e-06	NaN
2.0507e-06	NaN
2.171e-06	NaN
2.3428e-06	NaN
2.5712e-06	NaN
2.862e-06	NaN
3.2212e-06	NaN
3.6546e-06	NaN
4.168e-06	NaN
4.7674e-06	NaN
5.4586e-06	NaN
6.2468e-06	NaN
7.1209e-06	NaN
8.0531e-06	NaN
9.0146e-06	NaN
9.9769e-06	NaN
1.0911e-05	NaN
1.1789e-05	NaN
1.2581e-05	NaN
1.326e-05	NaN
1.3816e-05	NaN
1.4258e-05	NaN
1.4601e-05	NaN
1.4857e-05	NaN
1.5037e-05	NaN
1.5154e-05	NaN
1.5221e-05	NaN
1.525e-05	NaN
1.5249e-05	NaN
1.5217e-05	NaN
1.5157e-05	NaN
1.5069e-05	NaN
1.4953e-05	NaN
1.481e-05	NaN
1.464e-05	NaN
1.4445e-05	NaN
1.4222e-05	NaN
1.3967e-05	NaN
1.3675e-05	NaN
1.3341e-05	NaN
1.2961e-05	NaN
1.2529e-05	NaN
1.2041e-05	NaN
1.1492e-05	NaN
1.0882e-05	NaN
1.0223e-05	NaN
9.526e-06	NaN
8.8034e-06	NaN
8.067e-06	NaN
7.3288e-06	NaN
6.6007e-06	NaN
5.8947e-06	NaN
5.2222e-06	NaN
4.5932e-06	NaN
4.0176e-06	NaN
3.5053e-06	NaN
3.0663e-06	NaN
2.7106e-06	NaN
2.4479e-06	NaN
2.2883e-06	NaN
2.2344e-06	NaN
2.2715e-06	NaN
2.3816e-06	NaN
2.5469e-06	NaN
2.7498e-06	NaN
2.9725e-06	NaN
3.1971e-06	NaN
3.406e-06	NaN
3.5847e-06	NaN
3.7293e-06	NaN
3.8373e-06	NaN
3.9066e-06	NaN
3.9349e-06	NaN
3.9199e-06	NaN
3.8593e-06	NaN
3.751e-06	NaN
3.5956e-06	NaN
3.4048e-06	NaN
3.1924e-06	NaN
2.9724e-06	NaN
2.7585e-06	NaN
2.5646e-06	NaN
2.4047e-06	NaN
2.2926e-06	NaN
2.2389e-06	NaN
2.2412e-06	NaN
2.2937e-06	NaN
2.3905e-06	NaN
2.5258e-06	NaN
2.6938e-06	NaN
2.8886e-06	NaN
3.1044e-06	NaN
3.3358e-06	NaN
3.5802e-06	NaN
3.8355e-06	NaN
4.0996e-06	NaN
4.3705e-06	NaN
4.6463e-06	NaN
4.9248e-06	NaN
5.2041e-06	NaN
5.482e-06	NaN
5.7557e-06	NaN
6.0223e-06	NaN
6.2788e-06	NaN
6.5222e-06	NaN
6.7495e-06	NaN
6.9577e-06	NaN
7.1438e-06	NaN
7.3048e-06	NaN
7.4371e-06	NaN
7.5366e-06	NaN
7.5995e-06	NaN
7.622e-06	NaN
7.6e-06	NaN
7.5298e-06	NaN
7.4075e-06	NaN
7.2296e-06	NaN
6.9978e-06	NaN
6.7159e-06	NaN
6.3877e-06	NaN
6.0171e-06	NaN
5.608e-06	NaN
5.1642e-06	NaN
4.6896e-06	NaN
4.1886e-06	NaN
3.6707e-06	NaN
3.1482e-06	NaN
2.6334e-06	NaN
2.1388e-06	NaN
1.6768e-06	NaN
1.2596e-06	NaN
8.9982e-07	NaN
6.0878e-07	NaN
3.8726e-07	NaN
2.2897e-07	NaN
1.2752e-07	NaN
7.6502e-08	NaN
6.9509e-08	NaN
1.0014e-07	NaN
1.6199e-07	NaN
2.4864e-07	NaN
3.5339e-07	NaN
4.6932e-07	NaN
5.8951e-07	NaN
7.0706e-07	NaN
8.1504e-07	NaN
9.0654e-07	NaN
9.7464e-07	NaN
1.0127e-06	NaN
1.0198e-06	NaN
9.9965e-07	NaN
9.5642e-07	NaN
8.9409e-07	NaN
8.1672e-07	NaN
7.2834e-07	NaN
6.3298e-07	NaN
5.3465e-07	NaN
4.368e-07	NaN
3.4226e-07	NaN
2.5386e-07	NaN
1.7441e-07	NaN
1.0673e-07	NaN
5.3644e-08	NaN
1.7972e-08	NaN
2.4472e-09	NaN
7.1982e-09	NaN
2.9311e-08	NaN
6.5698e-08	NaN
1.1328e-07	NaN
1.6896e-07	NaN
2.2965e-07	NaN
2.9228e-07	NaN
3.5377e-07	NaN
4.1159e-07	NaN
4.6392e-07	NaN
5.0902e-07	NaN
5.4514e-07	NaN
5.7051e-07	NaN
5.834e-07	NaN
5.8204e-07	NaN
5.6471e-07	NaN
5.316e-07	NaN
4.8588e-07	NaN
4.3099e-07	NaN
3.7034e-07	NaN
3.0738e-07	NaN
2.4554e-07	NaN
1.8823e-07	NaN
1.3888e-07	NaN
9.9336e-08	NaN
6.865e-08	NaN
4.5562e-08	NaN
2.8815e-08	NaN
1.7154e-08	NaN
9.3211e-09	NaN
4.0614e-09	NaN
1.215e-10	NaN
3.241e-09	NaN
5.6918e-09	NaN
6.7607e-09	NaN
5.9771e-09	NaN
2.8707e-09	NaN
3.029e-09	NaN
1.2192e-08	NaN
2.5089e-08	NaN
4.1973e-08	NaN
6.2562e-08	NaN
8.6497e-08	NaN
1.1341e-07	NaN
1.4296e-07	NaN
1.7476e-07	NaN
2.0846e-07	NaN
2.437e-07	NaN
2.8003e-07	NaN
3.1669e-07	NaN
3.5289e-07	NaN
3.8785e-07	NaN
4.2077e-07	NaN
4.5086e-07	NaN
4.7731e-07	NaN
4.9935e-07	NaN
5.1618e-07	NaN
5.2701e-07	NaN
5.3103e-07	NaN
5.2747e-07	NaN
5.1552e-07	NaN
4.944e-07	NaN
4.6331e-07	NaN
4.2146e-07	NaN
