1.3862e-07	NaN
1.8132e-07	NaN
1.7934e-07	NaN
1.8333e-07	NaN
1.9286e-07	NaN
2.0746e-07	NaN
2.2669e-07	NaN
2.5009e-07	NaN
2.7721e-07	NaN
3.0761e-07	NaN
3.4083e-07	NaN
3.7642e-07	NaN
4.1394e-07	NaN
4.5292e-07	NaN
4.9292e-07	NaN
5.3349e-07	NaN
5.7418e-07	NaN
6.1454e-07	NaN
6.5406e-07	NaN
6.9192e-07	NaN
7.2722e-07	NaN
7.5904e-07	NaN
7.8646e-07	NaN
8.0856e-07	NaN
8.2442e-07	NaN
8.3313e-07	NaN
8.3393e-07	NaN
8.2718e-07	NaN
8.1368e-07	NaN
7.942e-07	NaN
7.6956e-07	NaN
7.4056e-07	NaN
7.0797e-07	NaN
6.7261e-07	NaN
6.3529e-07	NaN
5.9691e-07	NaN
5.5844e-07	NaN
5.2085e-07	NaN
4.8509e-07	NaN
4.5214e-07	NaN
4.2295e-07	NaN
3.9849e-07	NaN
3.7961e-07	NaN
3.6608e-07	NaN
3.5705e-07	NaN
3.5168e-07	NaN
3.4914e-07	NaN
3.4858e-07	NaN
3.4915e-07	NaN
3.5002e-07	NaN
3.5037e-07	NaN
3.4972e-07	NaN
3.4778e-07	NaN
3.4428e-07	NaN
3.3894e-07	NaN
3.3148e-07	NaN
3.2163e-07	NaN
3.0912e-07	NaN
2.9379e-07	NaN
2.7717e-07	NaN
2.6208e-07	NaN
2.5135e-07	NaN
2.4782e-07	NaN
2.5431e-07	NaN
2.7367e-07	NaN
3.0872e-07	NaN
3.6215e-07	NaN
4.3393e-07	NaN
5.2173e-07	NaN
6.2312e-07	NaN
7.3568e-07	NaN
8.5701e-07	NaN
9.8467e-07	NaN
1.1163e-06	NaN
1.2494e-06	NaN
1.3818e-06	NaN
1.5116e-06	NaN
1.6368e-06	NaN
1.7554e-06	NaN
1.8655e-06	NaN
1.9652e-06	NaN
2.0524e-06	NaN
2.1254e-06	NaN
2.1865e-06	NaN
2.2429e-06	NaN
2.302e-06	NaN
2.3713e-06	NaN
2.4581e-06	NaN
2.57e-06	NaN
2.7143e-06	NaN
2.8986e-06	NaN
3.1325e-06	NaN
3.4289e-06	NaN
3.8006e-06	NaN
4.2607e-06	NaN
4.8221e-06	NaN
5.4977e-06	NaN
6.3006e-06	NaN
7.2435e-06	NaN
8.3379e-06	NaN
9.5927e-06	NaN
1.1017e-05	NaN
1.2618e-05	NaN
1.4407e-05	NaN
1.6391e-05	NaN
1.8578e-05	NaN
2.0979e-05	NaN
2.359e-05	NaN
2.6394e-05	NaN
2.9369e-05	NaN
3.2493e-05	NaN
3.5745e-05	NaN
3.9105e-05	NaN
4.2552e-05	NaN
4.6064e-05	NaN
4.9614e-05	NaN
5.3167e-05	NaN
5.6683e-05	NaN
6.0126e-05	NaN
6.3456e-05	NaN
6.6636e-05	NaN
6.9627e-05	NaN
7.2391e-05	NaN
7.4903e-05	NaN
7.717e-05	NaN
7.9202e-05	NaN
8.1009e-05	NaN
8.2602e-05	NaN
8.3993e-05	NaN
8.5191e-05	NaN
8.6207e-05	NaN
8.7064e-05	NaN
8.7822e-05	NaN
8.8545e-05	NaN
8.9299e-05	NaN
9.0149e-05	NaN
9.1159e-05	NaN
9.2395e-05	NaN
9.3921e-05	NaN
9.58e-05	NaN
9.8075e-05	NaN
0.00010079	NaN
0.00010399	NaN
0.00010772	NaN
0.00011202	NaN
0.00011693	NaN
0.00012249	NaN
0.00012877	NaN
0.00013585	NaN
0.00014386	NaN
0.00015289	NaN
0.00016305	NaN
0.00017446	NaN
0.00018723	NaN
0.00020146	NaN
0.00021726	NaN
0.00023474	NaN
0.000254	NaN
0.00027513	NaN
0.00029826	NaN
0.00032347	NaN
0.00035087	NaN
0.00038056	NaN
0.00041259	NaN
0.00044666	NaN
0.00048238	NaN
0.00051933	NaN
0.00055712	NaN
0.00059535	NaN
0.0006336	NaN
0.00067147	NaN
0.00070857	NaN
0.0007444	NaN
0.00077847	NaN
0.00081028	NaN
0.00083933	NaN
0.00086512	NaN
0.00088716	NaN
0.00090494	NaN
0.00091801	NaN
0.00092634	NaN
0.00093004	NaN
0.00092926	NaN
0.00092413	NaN
0.00091479	NaN
0.00090137	NaN
0.00088401	NaN
0.00086285	NaN
0.00083813	NaN
0.00081011	NaN
0.00077908	NaN
0.0007453	NaN
0.00070906	NaN
0.00067063	NaN
0.00063029	NaN
0.00058831	NaN
0.00054516	NaN
0.00050138	NaN
0.00045751	NaN
0.00041409	NaN
0.00037168	NaN
0.00033082	NaN
0.00029205	NaN
0.00025593	NaN
0.00022305	NaN
0.00019404	NaN
0.00016951	NaN
0.00015011	NaN
0.00013644	NaN
0.00012915	NaN
0.00012884	NaN
0.00013615	NaN
0.00015151	NaN
0.00017519	NaN
0.00020747	NaN
0.00024863	NaN
0.00029894	NaN
0.00035869	NaN
0.00042815	NaN
0.00050759	NaN
0.00059699	NaN
0.00069609	NaN
0.00080461	NaN
0.00092227	NaN
0.0010488	NaN
0.0011839	NaN
0.0013273	NaN
0.0014787	NaN
0.0016375	NaN
0.0018027	NaN
0.0019732	NaN
0.002148	NaN
0.002326	NaN
0.0025063	NaN
0.0026878	NaN
0.0028694	NaN
0.0030501	NaN
0.0032289	NaN
0.0034048	NaN
0.0035767	NaN
0.0037436	NaN
0.0039044	NaN
0.0040582	NaN
0.0042039	NaN
0.0043407	NaN
0.0044683	NaN
0.0045863	NaN
0.0046943	NaN
0.004792	NaN
0.0048791	NaN
0.0049551	NaN
0.0050197	NaN
0.0050729	NaN
0.005115	NaN
0.0051464	NaN
0.0051675	NaN
0.0051788	NaN
0.0051806	NaN
0.0051734	NaN
0.0051575	NaN
0.0051336	NaN
0.0051022	NaN
0.0050642	NaN
0.0050203	NaN
0.0049712	NaN
0.0049178	NaN
0.0048607	NaN
0.0048008	NaN
0.0047384	NaN
0.0046732	NaN
0.0046049	NaN
0.0045331	NaN
0.0044574	NaN
0.0043773	NaN
0.0042925	NaN
0.0042026	NaN
0.0041073	NaN
0.0040065	NaN
0.0039002	NaN
0.0037884	NaN
0.003671	NaN
0.0035481	NaN
0.0034197	NaN
0.0032856	NaN
0.0031462	NaN
0.0030023	NaN
0.0028549	NaN
0.0027051	NaN
0.0025539	NaN
0.0024024	NaN
0.0022515	NaN
0.0021024	NaN
0.0019559	NaN
0.0018131	NaN
0.0016746	NaN
0.0015415	NaN
0.0014144	NaN
0.0012942	NaN
0.0011818	NaN
0.001078	NaN
0.00098349	NaN
0.00089797	NaN
0.00082101	NaN
0.00075215	NaN
0.00069091	NaN
0.00063685	NaN
0.00058948	NaN
0.00054835	NaN
0.00051306	NaN
0.00048366	NaN
0.00046032	NaN
0.00044322	NaN
0.00043254	NaN
0.00042844	NaN
0.00043111	NaN
0.00044073	NaN
0.00045741	NaN
0.00048095	NaN
0.00051103	NaN
0.00054731	NaN
0.00058947	NaN
0.00063717	NaN
0.00069008	NaN
0.00074788	NaN
0.0008102	NaN
0.00087639	NaN
0.00094573	NaN
0.0010174	NaN
0.0010908	NaN
0.001165	NaN
0.0012394	NaN
0.0013131	NaN
0.0013854	NaN
0.0014556	NaN
0.0015229	NaN
0.0015865	NaN
0.0016457	NaN
0.0016998	NaN
0.0017479	NaN
0.0017892	NaN
0.0018232	NaN
0.0018495	NaN
0.0018683	NaN
0.0018796	NaN
0.0018835	NaN
0.0018801	NaN
0.0018694	NaN
0.0018516	NaN
0.0018268	NaN
0.0017955	NaN
0.0017588	NaN
0.0017174	NaN
0.0016725	NaN
0.0016249	NaN
0.0015755	NaN
0.0015253	NaN
0.0014752	NaN
0.0014255	NaN
0.001376	NaN
0.0013264	NaN
0.0012765	NaN
0.0012261	NaN
0.001175	NaN
0.001123	NaN
0.0010698	NaN
0.0010154	NaN
0.00096029	NaN
0.00090471	NaN
0.00084901	NaN
0.00079352	NaN
0.00073858	NaN
0.00068452	NaN
0.00063168	NaN
0.0005804	NaN
0.00053108	NaN
0.00048409	NaN
0.00043982	NaN
0.00039865	NaN
0.00036096	NaN
0.00032714	NaN
0.00029756	NaN
0.00027224	NaN
0.00025079	NaN
0.00023276	NaN
0.00021771	NaN
0.00020521	NaN
0.00019483	NaN
0.00018612	NaN
0.00017865	NaN
0.0001721	NaN
0.00016634	NaN
0.00016122	NaN
0.00015662	NaN
0.0001524	NaN
0.00014845	NaN
0.00014461	NaN
0.00014078	NaN
0.00013686	NaN
0.00013291	NaN
0.00012895	NaN
0.00012502	NaN
0.00012118	NaN
0.00011745	NaN
0.00011388	NaN
0.00011051	NaN
0.00010735	NaN
0.00010435	NaN
0.00010146	NaN
9.8625e-05	NaN
9.5786e-05	NaN
9.2892e-05	NaN
8.9887e-05	NaN
8.6718e-05	NaN
8.3326e-05	NaN
7.9642e-05	NaN
7.5594e-05	NaN
7.1114e-05	NaN
6.6131e-05	NaN
6.0574e-05	NaN
5.4374e-05	NaN
4.746e-05	NaN
3.9938e-05	NaN
3.239e-05	NaN
2.5478e-05	NaN
1.9861e-05	NaN
1.6201e-05	NaN
1.5158e-05	NaN
1.7393e-05	NaN
2.3567e-05	NaN
3.4507e-05	NaN
5.156e-05	NaN
7.6179e-05	NaN
0.00010982	NaN
0.00015392	NaN
0.00020995	NaN
0.00027935	NaN
0.00036358	NaN
0.0004655	NaN
0.0005932	NaN
0.00075603	NaN
0.0009633	NaN
0.0012243	NaN
0.0015485	NaN
0.001945	NaN
0.0024234	NaN
0.0029948	NaN
0.0036797	NaN
0.0045009	NaN
0.0054812	NaN
0.0066435	NaN
0.0080105	NaN
0.009605	NaN
0.01145	NaN
0.013569	NaN
0.015993	NaN
0.018753	NaN
0.021882	NaN
0.025412	NaN
0.029374	NaN
0.033801	NaN
0.038725	NaN
0.044182	NaN
0.050228	NaN
0.056928	NaN
0.064349	NaN
0.072555	NaN
0.081612	NaN
0.091584	NaN
0.10254	-0.63662
0.11454	-0.62844
0.12763	-0.61913
0.14186	-0.60884
0.15728	-0.5977
0.17392	-0.58585
0.19183	-0.57343
0.21106	-0.56058
0.23165	-0.54744
0.25363	-0.53414
0.27693	-0.52069
0.30142	-0.50707
0.32696	-0.49323
0.35342	-0.47915
0.38068	-0.4648
0.40859	-0.45012
0.43704	-0.4351
0.46589	-0.4197
0.49501	-0.4039
0.52428	-0.38768
0.55357	-0.37101
0.58276	-0.3539
0.61172	-0.33632
0.64034	-0.31825
0.66848	-0.29969
0.69603	-0.28061
0.7229	-0.2611
0.74903	-0.24129
0.77438	-0.22132
0.7989	-0.20134
0.82252	-0.18147
0.84519	-0.16186
0.86686	-0.14265
0.88747	-0.12397
0.9069	-0.10597
0.92497	-0.088811
0.94151	-0.072646
0.95633	-0.05763
0.96926	-0.043918
0.98012	-0.031667
0.98874	-0.021032
0.99493	-0.012165
0.99866	-0.0051487
1	0
0.99901	0.0032658
0.99578	0.0046336
0.99037	0.0040885
0.98287	0.0016155
0.97333	-0.0028005
0.96185	-0.0091741
0.94857	-0.017511
0.93373	-0.02781
0.91757	-0.040066
0.90032	-0.054277
0.88224	-0.070438
0.86355	-0.088548
0.8445	-0.1086
0.82532	-0.1306
0.80611	-0.15456
0.78681	-0.18056
0.76734	-0.20865
0.74762	-0.2389
0.72757	-0.27137
0.70711	-0.30614
0.68617	-0.34325
0.66466	-0.38278
0.64253	-0.42467
0.61974	-0.46866
0.59624	-0.51452
0.57201	-0.56198
0.547	-0.61079
0.52118	-0.66069
0.49451	-0.71144
0.46696	-0.76278
0.43861	-0.81478
0.40973	-0.86804
0.38062	-0.92322
0.35159	-0.98095
0.32293	-1.0419
0.29493	-1.1067
0.2679	-1.176
0.24212	-1.2505
0.21782	-1.3299
0.19508	-1.4123
0.17394	-1.4957
0.15445	-1.578
0.13668	-1.6571
0.12068	-1.7309
0.10649	-1.7973
0.094178	NaN
0.083738	NaN
0.075047	NaN
0.067962	NaN
0.062344	NaN
0.058052	NaN
0.054943	NaN
0.052877	NaN
0.051714	NaN
0.051327	NaN
0.051629	NaN
0.052543	NaN
0.053988	NaN
0.055884	NaN
0.058153	NaN
0.060714	NaN
0.063488	NaN
0.066397	NaN
0.069365	NaN
0.072317	NaN
0.07518	NaN
0.077877	NaN
0.080334	NaN
0.082476	NaN
0.084229	NaN
0.085531	NaN
0.086371	NaN
0.086746	NaN
0.086657	NaN
0.086103	NaN
0.085082	NaN
0.083594	NaN
0.081637	NaN
0.079221	NaN
0.076389	NaN
0.073198	NaN
0.069704	NaN
0.065961	NaN
0.062026	NaN
0.057954	NaN
0.0538	NaN
0.049619	NaN
0.045451	NaN
0.041334	NaN
0.037307	NaN
0.033407	NaN
0.029672	NaN
0.02614	NaN
0.022849	NaN
0.019834	NaN
0.017104	NaN
0.014664	NaN
0.012517	NaN
0.010664	NaN
0.00911	NaN
0.0078569	NaN
0.0069078	NaN
0.0062628	NaN
0.0059011	NaN
0.0057932	NaN
0.0059092	NaN
0.0062196	NaN
0.0066946	NaN
0.0073045	NaN
0.0080197	NaN
0.0088111	NaN
0.0096576	NaN
0.010541	NaN
0.011445	NaN
0.01235	NaN
0.01324	NaN
0.014097	NaN
0.014903	NaN
0.015641	NaN
0.016305	NaN
0.016893	NaN
0.017404	NaN
0.017836	NaN
0.018189	NaN
0.01846	NaN
0.01865	NaN
0.018756	NaN
0.018781	NaN
0.018731	NaN
0.01861	NaN
0.018424	NaN
0.018178	NaN
0.017876	NaN
0.017524	NaN
0.017128	NaN
0.016692	NaN
0.016224	NaN
0.015731	NaN
0.015218	NaN
0.014693	NaN
0.014162	NaN
0.013632	NaN
0.01311	NaN
0.012599	NaN
0.012103	NaN
0.011625	NaN
0.011166	NaN
0.01073	NaN
0.010319	NaN
0.0099362	NaN
0.0095837	NaN
0.0092621	NaN
0.0089696	NaN
0.008704	NaN
0.0084636	NaN
0.0082463	NaN
0.0080501	NaN
0.0078731	NaN
0.0077134	NaN
0.0075693	NaN
0.0074394	NaN
0.0073223	NaN
0.0072168	NaN
0.0071216	NaN
0.0070353	NaN
0.0069566	NaN
0.0068841	NaN
0.0068165	NaN
0.0067522	NaN
0.00669	NaN
0.0066281	NaN
0.0065652	NaN
0.0064999	NaN
0.0064305	NaN
0.0063557	NaN
0.0062746	NaN
0.0061875	NaN
0.0060947	NaN
0.0059965	NaN
0.0058933	NaN
0.0057855	NaN
0.0056733	NaN
0.0055571	NaN
0.0054373	NaN
0.0053144	NaN
0.0051892	NaN
0.0050621	NaN
0.0049337	NaN
0.0048046	NaN
0.0046755	NaN
0.0045468	NaN
0.0044191	NaN
0.0042926	NaN
0.0041675	NaN
0.0040439	NaN
0.0039221	NaN
0.0038021	NaN
0.0036844	NaN
0.0035689	NaN
0.0034558	NaN
0.0033447	NaN
0.0032355	NaN
0.0031276	NaN
0.0030209	NaN
0.0029149	NaN
0.0028095	NaN
0.0027041	NaN
0.0025986	NaN
0.002493	NaN
0.0023872	NaN
0.0022813	NaN
0.0021752	NaN
0.002069	NaN
0.0019628	NaN
0.0018564	NaN
0.00175	NaN
0.0016441	NaN
0.001539	NaN
0.0014352	NaN
0.0013333	NaN
0.0012337	NaN
0.0011369	NaN
0.0010433	NaN
0.00095338	NaN
0.00086732	NaN
0.00078525	NaN
0.00070729	NaN
0.00063357	NaN
0.00056422	NaN
0.00049937	NaN
0.00043915	NaN
0.00038366	NaN
0.00033289	NaN
0.0002868	NaN
0.00024534	NaN
0.00020846	NaN
0.00017612	NaN
0.00014827	NaN
0.00012487	NaN
0.00010582	NaN
9.0742e-05	NaN
7.9159e-05	NaN
7.0587e-05	NaN
6.4547e-05	NaN
6.0556e-05	NaN
5.8133e-05	NaN
5.6797e-05	NaN
5.6103e-05	NaN
5.5842e-05	NaN
5.5912e-05	NaN
5.6208e-05	NaN
5.6627e-05	NaN
5.7066e-05	NaN
5.7419e-05	NaN
5.7584e-05	NaN
5.7464e-05	NaN
5.7027e-05	NaN
5.6271e-05	NaN
5.5195e-05	NaN
5.3798e-05	NaN
5.2078e-05	NaN
5.0035e-05	NaN
4.7666e-05	NaN
4.4976e-05	NaN
4.2014e-05	NaN
3.8853e-05	NaN
3.5571e-05	NaN
3.2242e-05	NaN
2.8942e-05	NaN
2.5746e-05	NaN
2.2731e-05	NaN
1.9966e-05	NaN
1.747e-05	NaN
1.5227e-05	NaN
1.3219e-05	NaN
1.1429e-05	NaN
9.8383e-06	NaN
8.4308e-06	NaN
7.1886e-06	NaN
6.0944e-06	NaN
5.1346e-06	NaN
4.2984e-06	NaN
3.5748e-06	NaN
2.9532e-06	NaN
2.4227e-06	NaN
1.9726e-06	NaN
1.592e-06	NaN
1.2703e-06	NaN
1e-06	NaN
7.767e-07	NaN
5.9588e-07	NaN
4.5309e-07	NaN
3.4389e-07	NaN
2.6384e-07	NaN
2.0848e-07	NaN
1.7359e-07	NaN
1.604e-07	NaN
1.7576e-07	NaN
2.2679e-07	NaN
3.2059e-07	NaN
4.6429e-07	NaN
6.6498e-07	NaN
9.2977e-07	NaN
1.2656e-06	NaN
1.6738e-06	NaN
2.1487e-06	NaN
2.6844e-06	NaN
3.2751e-06	NaN
3.9149e-06	NaN
4.5977e-06	NaN
5.3178e-06	NaN
6.069e-06	NaN
6.8439e-06	NaN
7.6322e-06	NaN
8.4239e-06	NaN
9.2087e-06	NaN
9.9764e-06	NaN
1.0717e-05	NaN
1.142e-05	NaN
1.2075e-05	NaN
1.267e-05	NaN
1.3188e-05	NaN
1.3614e-05	NaN
1.3932e-05	NaN
1.4124e-05	NaN
1.4174e-05	NaN
1.4067e-05	NaN
1.3786e-05	NaN
1.3328e-05	NaN
1.2712e-05	NaN
1.1961e-05	NaN
1.1098e-05	NaN
1.0146e-05	NaN
9.1258e-06	NaN
8.0616e-06	NaN
6.9754e-06	NaN
5.8905e-06	NaN
4.8316e-06	NaN
3.8232e-06	NaN
2.8902e-06	NaN
2.0574e-06	NaN
1.3495e-06	NaN
7.9126e-07	NaN
4.0739e-07	NaN
2.1089e-07	NaN
1.8519e-07	NaN
3.0915e-07	NaN
5.6163e-07	NaN
9.2149e-07	NaN
1.3676e-06	NaN
1.8788e-06	NaN
2.4339e-06	NaN
3.0146e-06	NaN
3.6108e-06	NaN
4.214e-06	NaN
4.8153e-06	NaN
5.4064e-06	NaN
5.9785e-06	NaN
6.5231e-06	NaN
7.0316e-06	NaN
7.4959e-06	NaN
7.9102e-06	NaN
8.2689e-06	NaN
8.5666e-06	NaN
8.7978e-06	NaN
8.957e-06	NaN
9.0388e-06	NaN
9.0376e-06	NaN
8.9498e-06	NaN
8.7792e-06	NaN
8.5314e-06	NaN
8.2121e-06	NaN
7.8269e-06	NaN
7.3816e-06	NaN
6.8817e-06	NaN
6.333e-06	NaN
5.7428e-06	NaN
5.1268e-06	NaN
4.5035e-06	NaN
3.891e-06	NaN
3.3076e-06	NaN
2.7716e-06	NaN
2.3014e-06	NaN
1.9152e-06	NaN
1.6274e-06	NaN
1.4311e-06	NaN
1.3115e-06	NaN
1.2538e-06	NaN
1.2433e-06	NaN
1.2651e-06	NaN
1.3046e-06	NaN
1.3471e-06	NaN
1.379e-06	NaN
1.396e-06	NaN
1.3976e-06	NaN
1.3831e-06	NaN
1.3519e-06	NaN
1.3035e-06	NaN
1.2374e-06	NaN
1.1528e-06	NaN
1.0497e-06	NaN
9.3192e-07	NaN
8.0508e-07	NaN
6.7487e-07	NaN
5.4695e-07	NaN
4.2701e-07	NaN
3.2072e-07	NaN
2.3376e-07	NaN
1.7148e-07	NaN
1.361e-07	NaN
1.2807e-07	NaN
1.478e-07	NaN
1.9574e-07	NaN
2.7229e-07	NaN
3.779e-07	NaN
5.1298e-07	NaN
6.7754e-07	NaN
8.6642e-07	NaN
1.0711e-06	NaN
1.2831e-06	NaN
1.4938e-06	NaN
1.6947e-06	NaN
1.8772e-06	NaN
2.0328e-06	NaN
2.1532e-06	NaN
2.2364e-06	NaN
2.2844e-06	NaN
2.2996e-06	NaN
2.2843e-06	NaN
2.241e-06	NaN
2.1719e-06	NaN
2.0793e-06	NaN
1.9657e-06	NaN
1.8349e-06	NaN
1.6919e-06	NaN
1.5421e-06	NaN
1.3904e-06	NaN
1.242e-06	NaN
1.102e-06	NaN
9.7562e-07	NaN
8.6778e-07	NaN
7.797e-07	NaN
7.0878e-07	NaN
6.5225e-07	NaN
6.0733e-07	NaN
5.7126e-07	NaN
5.4128e-07	NaN
5.146e-07	NaN
4.8853e-07	NaN
4.6225e-07	NaN
4.3716e-07	NaN
4.1477e-07	NaN
3.966e-07	NaN
3.8418e-07	NaN
3.7901e-07	NaN
3.8263e-07	NaN
3.9651e-07	NaN
4.2068e-07	NaN
4.5319e-07	NaN
4.9193e-07	NaN
5.3483e-07	NaN
5.7978e-07	NaN
6.2471e-07	NaN
6.675e-07	NaN
7.0609e-07	NaN
7.3921e-07	NaN
7.6688e-07	NaN
7.892e-07	NaN
8.063e-07	NaN
8.1831e-07	NaN
8.2533e-07	NaN
8.275e-07	NaN
8.2492e-07	NaN
8.1801e-07	NaN
8.0766e-07	NaN
7.9481e-07	NaN
7.8042e-07	NaN
7.6544e-07	NaN
7.5081e-07	NaN
7.375e-07	NaN
7.2643e-07	NaN
7.1803e-07	NaN
7.1156e-07	NaN
7.0614e-07	NaN
7.0091e-07	NaN
6.9499e-07	NaN
6.8751e-07	NaN
6.7758e-07	NaN
6.6435e-07	NaN
6.4727e-07	NaN
6.2661e-07	NaN
6.0279e-07	NaN
5.7619e-07	NaN
5.4722e-07	NaN
5.1629e-07	NaN
4.838e-07	NaN
4.5014e-07	NaN
4.1574e-07	NaN
3.8107e-07	NaN
3.4661e-07	NaN
3.1286e-07	NaN
2.8029e-07	NaN
2.4939e-07	NaN
2.2064e-07	NaN
1.9453e-07	NaN
1.7153e-07	NaN
1.5214e-07	NaN
1.3684e-07	NaN
1.2612e-07	NaN
1.2045e-07	NaN
1.2032e-07	NaN
1.2621e-07	NaN
