7.1567e-07	NaN
7.4442e-07	NaN
7.5676e-07	NaN
7.5449e-07	NaN
7.3944e-07	NaN
7.1341e-07	NaN
6.7823e-07	NaN
6.3571e-07	NaN
5.8767e-07	NaN
5.3593e-07	NaN
4.8229e-07	NaN
4.2858e-07	NaN
3.7662e-07	NaN
3.2822e-07	NaN
2.8496e-07	NaN
2.4713e-07	NaN
2.1458e-07	NaN
1.8715e-07	NaN
1.6467e-07	NaN
1.47e-07	NaN
1.3396e-07	NaN
1.254e-07	NaN
1.2108e-07	NaN
1.2019e-07	NaN
1.2167e-07	NaN
1.2449e-07	NaN
1.2761e-07	NaN
1.2998e-07	NaN
1.3056e-07	NaN
1.2831e-07	NaN
1.2233e-07	NaN
1.13e-07	NaN
1.0128e-07	NaN
8.8107e-08	NaN
7.4459e-08	NaN
6.1291e-08	NaN
4.9562e-08	NaN
4.0233e-08	NaN
3.4155e-08	NaN
3.1147e-08	NaN
3.0461e-08	NaN
3.134e-08	NaN
3.3029e-08	NaN
3.4773e-08	NaN
3.5815e-08	NaN
3.5401e-08	NaN
3.2877e-08	NaN
2.876e-08	NaN
2.4319e-08	NaN
2.0834e-08	NaN
1.9586e-08	NaN
2.1856e-08	NaN
2.8923e-08	NaN
4.2069e-08	NaN
6.2503e-08	NaN
9.0429e-08	NaN
1.253e-07	NaN
1.6656e-07	NaN
2.1365e-07	NaN
2.66e-07	NaN
3.2306e-07	NaN
3.8426e-07	NaN
4.4903e-07	NaN
5.1653e-07	NaN
5.8573e-07	NaN
6.5555e-07	NaN
7.2496e-07	NaN
7.9288e-07	NaN
8.5826e-07	NaN
9.2005e-07	NaN
9.7721e-07	NaN
1.0291e-06	NaN
1.0756e-06	NaN
1.1164e-06	NaN
1.1515e-06	NaN
1.1805e-06	NaN
1.2035e-06	NaN
1.22e-06	NaN
1.2301e-06	NaN
1.2345e-06	NaN
1.2346e-06	NaN
1.2323e-06	NaN
1.2293e-06	NaN
1.2273e-06	NaN
1.2279e-06	NaN
1.2328e-06	NaN
1.2439e-06	NaN
1.2647e-06	NaN
1.301e-06	NaN
1.359e-06	NaN
1.4447e-06	NaN
1.5642e-06	NaN
1.7237e-06	NaN
1.9291e-06	NaN
2.1866e-06	NaN
2.4993e-06	NaN
2.8662e-06	NaN
3.286e-06	NaN
3.7571e-06	NaN
4.2783e-06	NaN
4.8481e-06	NaN
5.465e-06	NaN
6.1279e-06	NaN
6.839e-06	NaN
7.6077e-06	NaN
8.4437e-06	NaN
9.3572e-06	NaN
1.0358e-05	NaN
1.1456e-05	NaN
1.2661e-05	NaN
1.3983e-05	NaN
1.5425e-05	NaN
1.6978e-05	NaN
1.8629e-05	NaN
2.0368e-05	NaN
2.2182e-05	NaN
2.4059e-05	NaN
2.5989e-05	NaN
2.796e-05	NaN
2.9951e-05	NaN
3.1927e-05	NaN
3.3848e-05	NaN
3.5673e-05	NaN
3.7363e-05	NaN
3.8878e-05	NaN
4.0179e-05	NaN
4.1225e-05	NaN
4.2007e-05	NaN
4.2597e-05	NaN
4.3084e-05	NaN
4.3555e-05	NaN
4.4097e-05	NaN
4.4799e-05	NaN
4.5749e-05	NaN
4.7033e-05	NaN
4.875e-05	NaN
5.1033e-05	NaN
5.402e-05	NaN
5.7851e-05	NaN
6.2667e-05	NaN
6.8605e-05	NaN
7.5805e-05	NaN
8.4408e-05	NaN
9.4524e-05	NaN
0.00010616	NaN
0.00011929	NaN
0.00013389	NaN
0.00014995	NaN
0.00016743	NaN
0.00018633	NaN
0.00020661	NaN
0.00022824	NaN
0.00025113	NaN
0.00027518	NaN
0.00030028	NaN
0.00032633	NaN
0.00035322	NaN
0.00038085	NaN
0.0004091	NaN
0.0004379	NaN
0.00046719	NaN
0.00049698	NaN
0.00052724	NaN
0.00055795	NaN
0.00058911	NaN
0.0006207	NaN
0.00065271	NaN
0.00068508	NaN
0.00071759	NaN
0.0007499	NaN
0.00078171	NaN
0.00081269	NaN
0.00084252	NaN
0.00087089	NaN
0.00089748	NaN
0.00092196	NaN
0.00094404	NaN
0.0009634	NaN
0.00097974	NaN
0.00099275	NaN
0.0010021	NaN
0.0010076	NaN
0.0010088	NaN
0.0010055	NaN
0.00099763	NaN
0.00098533	NaN
0.0009687	NaN
0.00094784	NaN
0.00092286	NaN
0.00089387	NaN
0.00086098	NaN
0.00082432	NaN
0.00078421	NaN
0.00074114	NaN
0.00069557	NaN
0.00064798	NaN
0.00059885	NaN
0.00054864	NaN
0.00049783	NaN
0.0004469	NaN
0.0003965	NaN
0.00034735	NaN
0.00030022	NaN
0.00025585	NaN
0.00021498	NaN
0.00017836	NaN
0.00014674	NaN
0.00012085	NaN
0.00010111	NaN
8.7709e-05	NaN
8.0796e-05	NaN
8.0543e-05	NaN
8.7113e-05	NaN
0.00010067	NaN
0.00012139	NaN
0.00014941	NaN
0.00018474	NaN
0.00022721	NaN
0.00027663	NaN
0.00033283	NaN
0.00039564	NaN
0.00046489	NaN
0.00054038	NaN
0.00062196	NaN
0.00070926	NaN
0.00080178	NaN
0.00089898	NaN
0.0010003	NaN
0.0011053	NaN
0.0012134	NaN
0.0013241	NaN
0.0014368	NaN
0.0015511	NaN
0.0016666	NaN
0.0017831	NaN
0.0019002	NaN
0.0020176	NaN
0.0021349	NaN
0.0022517	NaN
0.0023679	NaN
0.0024833	NaN
0.0025984	NaN
0.0027136	NaN
0.0028294	NaN
0.0029462	NaN
0.0030645	NaN
0.0031847	NaN
0.0033073	NaN
0.0034321	NaN
0.003558	NaN
0.003684	NaN
0.0038087	NaN
0.003931	NaN
0.0040497	NaN
0.0041636	NaN
0.0042715	NaN
0.0043725	NaN
0.0044665	NaN
0.0045532	NaN
0.0046324	NaN
0.0047041	NaN
0.004768	NaN
0.0048241	NaN
0.004872	NaN
0.0049119	NaN
0.004944	NaN
0.0049685	NaN
0.0049857	NaN
0.004996	NaN
0.0049997	NaN
0.004997	NaN
0.0049883	NaN
0.0049741	NaN
0.0049554	NaN
0.0049336	NaN
0.0049097	NaN
0.0048851	NaN
0.004861	NaN
0.0048385	NaN
0.0048189	NaN
0.004803	NaN
0.0047904	NaN
0.0047805	NaN
0.0047727	NaN
0.0047663	NaN
0.0047607	NaN
0.0047553	NaN
0.0047494	NaN
0.0047424	NaN
0.0047339	NaN
0.0047234	NaN
0.0047105	NaN
0.0046948	NaN
0.0046758	NaN
0.0046531	NaN
0.0046262	NaN
0.0045948	NaN
0.0045591	NaN
0.0045191	NaN
0.0044753	NaN
0.0044277	NaN
0.0043766	NaN
0.0043222	NaN
0.0042648	NaN
0.0042048	NaN
0.0041435	NaN
0.0040827	NaN
0.0040242	NaN
0.0039696	NaN
0.0039208	NaN
0.0038794	NaN
0.0038472	NaN
0.0038258	NaN
0.0038156	NaN
0.0038168	NaN
0.0038293	NaN
0.0038534	NaN
0.0038891	NaN
0.0039364	NaN
0.0039955	NaN
0.0040664	NaN
0.004149	NaN
0.0042429	NaN
0.0043479	NaN
0.0044637	NaN
0.00459	NaN
0.0047266	NaN
0.0048732	NaN
0.0050295	NaN
0.005195	NaN
0.0053688	NaN
0.0055503	NaN
0.0057388	NaN
0.0059335	NaN
0.0061338	NaN
0.0063389	NaN
0.0065481	NaN
0.0067602	NaN
0.0069739	NaN
0.0071878	NaN
0.0074005	NaN
0.0076107	NaN
0.0078171	NaN
0.0080182	NaN
0.0082127	NaN
0.0083993	NaN
0.008577	NaN
0.0087447	NaN
0.0089011	NaN
0.0090452	NaN
0.0091758	NaN
0.0092919	NaN
0.0093923	NaN
0.0094756	NaN
0.0095404	NaN
0.0095852	NaN
0.0096085	NaN
0.0096088	NaN
0.0095845	NaN
0.0095342	NaN
0.0094565	NaN
0.0093511	NaN
0.0092188	NaN
0.0090606	NaN
0.0088773	NaN
0.0086699	NaN
0.0084392	NaN
0.0081862	NaN
0.0079118	NaN
0.0076179	NaN
0.0073077	NaN
0.0069844	NaN
0.0066512	NaN
0.0063111	NaN
0.0059675	NaN
0.0056234	NaN
0.0052821	NaN
0.0049462	NaN
0.0046173	NaN
0.0042974	NaN
0.0039882	NaN
0.0036915	NaN
0.003409	NaN
0.0031425	NaN
0.0028938	NaN
0.0026637	NaN
0.0024514	NaN
0.0022561	NaN
0.002077	NaN
0.0019132	NaN
0.0017641	NaN
0.0016287	NaN
0.0015062	NaN
0.0013957	NaN
0.0012964	NaN
0.0012071	NaN
0.001127	NaN
0.001055	NaN
0.00099024	NaN
0.00093165	NaN
0.00087827	NaN
0.0008292	NaN
0.00078364	NaN
0.00074079	NaN
0.00069988	NaN
0.00066011	NaN
0.0006207	NaN
0.00058086	NaN
0.00053981	NaN
0.0004971	NaN
0.00045307	NaN
0.00040819	NaN
0.00036289	NaN
0.00031764	NaN
0.00027288	NaN
0.00022908	NaN
0.00018667	NaN
0.00014626	NaN
0.00010885	NaN
7.5467e-05	NaN
4.7183e-05	NaN
2.5045e-05	NaN
1.0107e-05	NaN
3.4212e-06	NaN
6.041e-06	NaN
1.9227e-05	NaN
4.4896e-05	NaN
8.5096e-05	NaN
0.00014187	NaN
0.00021727	NaN
0.00031334	NaN
0.00043212	NaN
0.00057567	NaN
0.00074603	NaN
0.00094525	NaN
0.0011754	NaN
0.0014386	NaN
0.0017368	NaN
0.0020721	NaN
0.0024465	NaN
0.0028622	NaN
0.0033233	NaN
0.0038427	NaN
0.0044361	NaN
0.0051191	NaN
0.005907	NaN
0.0068156	NaN
0.0078602	NaN
0.0090566	NaN
0.010422	NaN
0.011987	NaN
0.013782	NaN
0.015841	NaN
0.018197	NaN
0.020883	NaN
0.02393	NaN
0.027373	NaN
0.031243	NaN
0.035574	NaN
0.040401	NaN
0.045757	NaN
0.051675	NaN
0.058191	NaN
0.065337	NaN
0.073148	NaN
0.081658	NaN
0.090908	NaN
0.10094	-0.59367
0.1118	-0.5876
0.12353	-0.58072
0.13617	-0.57311
0.14977	-0.56481
0.16436	-0.55589
0.17999	-0.54641
0.19666	-0.5364
0.21436	-0.52586
0.23306	-0.51483
0.25274	-0.50331
0.27339	-0.49132
0.29499	-0.47888
0.31752	-0.466
0.34096	-0.4527
0.36524	-0.43897
0.39027	-0.4248
0.41595	-0.41017
0.44218	-0.39505
0.46886	-0.37945
0.49591	-0.36333
0.52322	-0.34668
0.5507	-0.32949
0.57827	-0.3118
0.60589	-0.29369
0.63351	-0.27523
0.66105	-0.25652
0.68848	-0.23762
0.71574	-0.21861
0.74277	-0.19958
0.76952	-0.18061
0.79583	-0.16181
0.82148	-0.14335
0.84625	-0.12537
0.86992	-0.10804
0.89225	-0.091511
0.91303	-0.075933
0.93203	-0.061463
0.94903	-0.048255
0.96385	-0.036415
0.97633	-0.02601
0.98634	-0.017103
0.99371	-0.0097562
0.99832	-0.0040342
1	0
0.99862	0.0022828
0.99403	0.0027516
0.98633	0.0013642
0.97584	-0.0018995
0.9629	-0.0070584
0.94786	-0.014132
0.93107	-0.023138
0.91285	-0.034097
0.89356	-0.047028
0.87353	-0.061949
0.85299	-0.078908
0.83203	-0.097983
0.81073	-0.11925
0.78917	-0.1428
0.76744	-0.16871
0.74561	-0.19705
0.72377	-0.22792
0.702	-0.26138
0.68028	-0.29739
0.65849	-0.33573
0.63647	-0.37616
0.61408	-0.41844
0.59118	-0.46233
0.56762	-0.5076
0.54326	-0.554
0.51794	-0.60131
0.49167	-0.64954
0.46464	-0.69917
0.43709	-0.7507
0.40925	-0.80464
0.38135	-0.86149
0.35362	-0.92175
0.32628	-0.98594
0.29957	-1.0545
0.27368	-1.1273
0.24876	-1.2021
0.22494	-1.2771
0.20235	-1.3501
0.18113	-1.4191
0.1614	-1.4818
0.1433	-1.5363
0.12697	-1.5804
0.11247	-1.6152
0.099746	NaN
0.088705	NaN
0.079264	NaN
0.071338	NaN
0.064844	NaN
0.059695	NaN
0.055809	NaN
0.053094	NaN
0.051451	NaN
0.050777	NaN
0.050969	NaN
0.051923	NaN
0.053538	NaN
0.05571	NaN
0.058337	NaN
0.061314	NaN
0.064531	NaN
0.067877	NaN
0.071241	NaN
0.074513	NaN
0.077581	NaN
0.080334	NaN
0.082662	NaN
0.084473	NaN
0.085747	NaN
0.086483	NaN
0.086676	NaN
0.086324	NaN
0.085423	NaN
0.083971	NaN
0.081965	NaN
0.079412	NaN
0.07637	NaN
0.072911	NaN
0.069106	NaN
0.065024	NaN
0.060738	NaN
0.056318	NaN
0.051835	NaN
0.047355	NaN
0.042926	NaN
0.038586	NaN
0.034375	NaN
0.030334	NaN
0.0265	NaN
0.022915	NaN
0.019618	NaN
0.016645	NaN
0.014009	NaN
0.011715	NaN
0.009769	NaN
0.0081757	NaN
0.0069405	NaN
0.0060685	NaN
0.0055648	NaN
0.0054303	NaN
0.0056349	NaN
0.006135	NaN
0.006887	NaN
0.0078473	NaN
0.0089722	NaN
0.010218	NaN
0.011541	NaN
0.012899	NaN
0.014251	NaN
0.015561	NaN
0.016791	NaN
0.017903	NaN
0.01886	NaN
0.019625	NaN
0.020159	NaN
0.02043	NaN
0.020439	NaN
0.020208	NaN
0.019761	NaN
0.019121	NaN
0.018311	NaN
0.017353	NaN
0.016272	NaN
0.01509	NaN
0.013832	NaN
0.012524	NaN
0.011191	NaN
0.00986	NaN
0.0085565	NaN
0.0073064	NaN
0.0061356	NaN
0.0050689	NaN
0.0041176	NaN
0.0032816	NaN
0.0025607	NaN
0.0019546	NaN
0.0014632	NaN
0.0010861	NaN
0.00082322	NaN
0.00067379	NaN
0.00062954	NaN
0.00067519	NaN
0.00079516	NaN
0.00097391	NaN
0.0011959	NaN
0.0014455	NaN
0.0017072	NaN
0.0019656	NaN
0.0022108	NaN
0.0024386	NaN
0.0026448	NaN
0.0028255	NaN
0.0029767	NaN
0.0030943	NaN
0.0031743	NaN
0.0032129	NaN
0.0032097	NaN
0.0031691	NaN
0.0030956	NaN
0.0029935	NaN
0.0028676	NaN
0.0027222	NaN
0.002562	NaN
0.0023913	NaN
0.0022139	NaN
0.0020323	NaN
0.0018492	NaN
0.0016669	NaN
0.0014881	NaN
0.0013151	NaN
0.0011505	NaN
0.00099683	NaN
0.00085554	NaN
0.00072651	NaN
0.00060945	NaN
0.00050408	NaN
0.00041012	NaN
0.00032729	NaN
0.00025531	NaN
0.00019388	NaN
0.00014258	NaN
0.00010061	NaN
6.7195e-05	NaN
4.152e-05	NaN
2.2785e-05	NaN
1.019e-05	NaN
2.9318e-06	NaN
2.0959e-07	NaN
1.2914e-06	NaN
5.5987e-06	NaN
1.2573e-05	NaN
2.1657e-05	NaN
3.2292e-05	NaN
4.392e-05	NaN
5.5983e-05	NaN
6.7922e-05	NaN
7.9276e-05	NaN
8.9826e-05	NaN
9.9392e-05	NaN
0.0001078	NaN
0.00011486	NaN
0.0001204	NaN
0.00012425	NaN
0.00012621	NaN
0.00012621	NaN
0.0001244	NaN
0.00012102	NaN
0.00011628	NaN
0.00011041	NaN
0.00010362	NaN
9.6143e-05	NaN
8.8192e-05	NaN
7.9995e-05	NaN
7.1796e-05	NaN
6.3842e-05	NaN
5.6378e-05	NaN
4.9653e-05	NaN
4.3913e-05	NaN
3.9405e-05	NaN
3.6375e-05	NaN
3.4983e-05	NaN
3.502e-05	NaN
3.6181e-05	NaN
3.8159e-05	NaN
4.065e-05	NaN
4.3348e-05	NaN
4.5947e-05	NaN
4.8143e-05	NaN
4.9676e-05	NaN
5.0521e-05	NaN
5.0724e-05	NaN
5.0331e-05	NaN
4.9388e-05	NaN
4.7941e-05	NaN
4.6036e-05	NaN
4.372e-05	NaN
4.1044e-05	NaN
3.8092e-05	NaN
3.4959e-05	NaN
3.1743e-05	NaN
2.8539e-05	NaN
2.5444e-05	NaN
2.2552e-05	NaN
1.996e-05	NaN
1.7752e-05	NaN
1.5926e-05	NaN
1.4444e-05	NaN
1.3268e-05	NaN
1.2359e-05	NaN
1.168e-05	NaN
1.1192e-05	NaN
1.0857e-05	NaN
1.0639e-05	NaN
1.0515e-05	NaN
1.0473e-05	NaN
1.0499e-05	NaN
1.0578e-05	NaN
1.0697e-05	NaN
1.0841e-05	NaN
1.0998e-05	NaN
1.1153e-05	NaN
1.1297e-05	NaN
1.142e-05	NaN
1.1515e-05	NaN
1.1573e-05	NaN
1.1587e-05	NaN
1.1547e-05	NaN
1.1446e-05	NaN
1.1276e-05	NaN
1.1031e-05	NaN
1.0709e-05	NaN
1.0306e-05	NaN
9.8205e-06	NaN
9.2483e-06	NaN
8.587e-06	NaN
7.8335e-06	NaN
6.9868e-06	NaN
6.0732e-06	NaN
5.1407e-06	NaN
4.2374e-06	NaN
3.4117e-06	NaN
2.7119e-06	NaN
2.1863e-06	NaN
1.8832e-06	NaN
1.8509e-06	NaN
2.1372e-06	NaN
2.7893e-06	NaN
3.8544e-06	NaN
5.3797e-06	NaN
7.4124e-06	NaN
9.9999e-06	NaN
1.3189e-05	NaN
1.7023e-05	NaN
2.1438e-05	NaN
2.6258e-05	NaN
3.1305e-05	NaN
3.6398e-05	NaN
4.1358e-05	NaN
4.6005e-05	NaN
5.0159e-05	NaN
5.3644e-05	NaN
5.6374e-05	NaN
5.8373e-05	NaN
5.9671e-05	NaN
6.0299e-05	NaN
6.0287e-05	NaN
5.9665e-05	NaN
5.8463e-05	NaN
5.6712e-05	NaN
5.4463e-05	NaN
5.1793e-05	NaN
4.8782e-05	NaN
4.551e-05	NaN
4.2056e-05	NaN
3.85e-05	NaN
3.4922e-05	NaN
3.1401e-05	NaN
2.7993e-05	NaN
2.4717e-05	NaN
2.1589e-05	NaN
1.8622e-05	NaN
1.5834e-05	NaN
1.3238e-05	NaN
1.0851e-05	NaN
8.6881e-06	NaN
6.7637e-06	NaN
5.0924e-06	NaN
3.6886e-06	NaN
2.5665e-06	NaN
1.7405e-06	NaN
1.2249e-06	NaN
1.0339e-06	NaN
1.1819e-06	NaN
1.6651e-06	NaN
2.4417e-06	NaN
3.4648e-06	NaN
4.6874e-06	NaN
6.0626e-06	NaN
7.5436e-06	NaN
9.0834e-06	NaN
1.0635e-05	NaN
1.2154e-05	NaN
1.3603e-05	NaN
1.4943e-05	NaN
1.6138e-05	NaN
1.715e-05	NaN
1.7942e-05	NaN
1.8477e-05	NaN
1.8718e-05	NaN
1.8642e-05	NaN
1.8273e-05	NaN
1.7644e-05	NaN
1.6786e-05	NaN
1.5733e-05	NaN
1.4515e-05	NaN
1.3165e-05	NaN
1.1716e-05	NaN
1.0207e-05	NaN
8.6996e-06	NaN
7.2641e-06	NaN
5.9689e-06	NaN
4.8824e-06	NaN
4.0735e-06	NaN
3.6106e-06	NaN
3.5626e-06	NaN
3.9709e-06	NaN
4.766e-06	NaN
5.8501e-06	NaN
7.1252e-06	NaN
8.4933e-06	NaN
9.8566e-06	NaN
1.1117e-05	NaN
1.2177e-05	NaN
1.2954e-05	NaN
1.3442e-05	NaN
1.3658e-05	NaN
1.3618e-05	NaN
1.3341e-05	NaN
1.2843e-05	NaN
1.214e-05	NaN
1.1249e-05	NaN
1.0192e-05	NaN
9.0086e-06	NaN
7.7469e-06	NaN
6.4547e-06	NaN
5.1801e-06	NaN
3.9709e-06	NaN
2.875e-06	NaN
1.9404e-06	NaN
1.208e-06	NaN
6.715e-07	NaN
3.0489e-07	NaN
8.2156e-08	NaN
2.2737e-08	NaN
3.5826e-08	NaN
1.6855e-08	NaN
1.0927e-07	NaN
2.1708e-07	NaN
3.296e-07	NaN
4.4282e-07	NaN
5.5273e-07	NaN
6.5536e-07	NaN
7.4671e-07	NaN
8.2279e-07	NaN
8.7962e-07	NaN
9.1371e-07	NaN
9.2654e-07	NaN
9.2237e-07	NaN
9.055e-07	NaN
8.8022e-07	NaN
8.5082e-07	NaN
8.216e-07	NaN
7.9687e-07	NaN
7.8057e-07	NaN
7.7274e-07	NaN
7.708e-07	NaN
7.7217e-07	NaN
7.7423e-07	NaN
7.7438e-07	NaN
7.7002e-07	NaN
7.5854e-07	NaN
7.375e-07	NaN
7.0667e-07	NaN
6.6752e-07	NaN
6.2155e-07	NaN
5.7027e-07	NaN
5.1518e-07	NaN
4.5779e-07	NaN
3.9962e-07	NaN
3.4213e-07	NaN
2.8643e-07	NaN
2.3327e-07	NaN
1.8339e-07	NaN
1.3753e-07	NaN
9.6417e-08	NaN
6.0804e-08	NaN
3.1426e-08	NaN
8.9931e-09	NaN
6.515e-09	NaN
1.5852e-08	NaN
1.9803e-08	NaN
1.9155e-08	NaN
1.4694e-08	NaN
7.2063e-09	NaN
2.5219e-09	NaN
1.3734e-08	NaN
2.6582e-08	NaN
4.2281e-08	NaN
6.2104e-08	NaN
8.7325e-08	NaN
1.1922e-07	NaN
1.5906e-07	NaN
2.0811e-07	NaN
2.6762e-07	NaN
3.3695e-07	NaN
4.1295e-07	NaN
4.9232e-07	NaN
5.7173e-07	NaN
6.4787e-07	NaN
7.1743e-07	NaN
7.7708e-07	NaN
8.2354e-07	NaN
8.5511e-07	NaN
8.7261e-07	NaN
8.7706e-07	NaN
8.695e-07	NaN
8.5095e-07	NaN
8.2243e-07	NaN
7.8498e-07	NaN
7.3963e-07	NaN
6.8762e-07	NaN
6.3057e-07	NaN
5.7014e-07	NaN
5.0799e-07	NaN
4.4579e-07	NaN
3.852e-07	NaN
3.2789e-07	NaN
2.755e-07	NaN
2.291e-07	NaN
1.8846e-07	NaN
1.5317e-07	NaN
1.2286e-07	NaN
9.7128e-08	NaN
7.5585e-08	NaN
5.7838e-08	NaN
4.3497e-08	NaN
3.2175e-08	NaN
2.3494e-08	NaN
1.7078e-08	NaN
1.2552e-08	NaN
9.5397e-09	NaN
7.6651e-09	NaN
6.5524e-09	NaN
5.8261e-09	NaN
5.2306e-09	NaN
4.8575e-09	NaN
4.8604e-09	NaN
5.3927e-09	NaN
6.6082e-09	NaN
8.6604e-09	NaN
1.1703e-08	NaN
1.5889e-08	NaN
2.1373e-08	NaN
2.8308e-08	NaN
3.6848e-08	NaN
4.7146e-08	NaN
5.9357e-08	NaN
7.3632e-08	NaN
9.0127e-08	NaN
1.0899e-07	NaN
5.1272e-07	NaN
6.0163e-07	NaN
6.6868e-07	NaN
