3.0358e-08	NaN
1.7589e-08	NaN
8.5123e-09	NaN
2.9759e-09	NaN
8.2642e-10	NaN
1.9105e-09	NaN
6.075e-09	NaN
1.3167e-08	NaN
2.3032e-08	NaN
3.5519e-08	NaN
5.0473e-08	NaN
6.7741e-08	NaN
8.717e-08	NaN
1.0861e-07	NaN
1.319e-07	NaN
1.5683e-07	NaN
1.8279e-07	NaN
2.0907e-07	NaN
2.3493e-07	NaN
2.5965e-07	NaN
2.8251e-07	NaN
3.0277e-07	NaN
3.1972e-07	NaN
3.327e-07	NaN
3.416e-07	NaN
3.4651e-07	NaN
3.4753e-07	NaN
3.4476e-07	NaN
3.3829e-07	NaN
3.2823e-07	NaN
3.1466e-07	NaN
2.9774e-07	NaN
2.779e-07	NaN
2.5574e-07	NaN
2.3187e-07	NaN
2.0689e-07	NaN
1.8139e-07	NaN
1.5597e-07	NaN
1.3123e-07	NaN
1.0776e-07	NaN
8.5921e-08	NaN
6.6e-08	NaN
4.8261e-08	NaN
3.2976e-08	NaN
2.0414e-08	NaN
1.0845e-08	NaN
4.539e-09	NaN
1.7218e-09	NaN
2.1014e-09	NaN
5.0548e-09	NaN
9.9536e-09	NaN
1.617e-08	NaN
2.3074e-08	NaN
3.0039e-08	NaN
3.6436e-08	NaN
4.1671e-08	NaN
4.5646e-08	NaN
4.8627e-08	NaN
5.089e-08	NaN
5.2711e-08	NaN
5.4365e-08	NaN
5.613e-08	NaN
5.828e-08	NaN
6.1076e-08	NaN
6.4515e-08	NaN
6.8366e-08	NaN
7.2392e-08	NaN
7.6354e-08	NaN
8.0014e-08	NaN
8.3135e-08	NaN
8.5479e-08	NaN
8.6818e-08	NaN
8.7164e-08	NaN
8.6765e-08	NaN
8.5878e-08	NaN
8.476e-08	NaN
8.3669e-08	NaN
8.2864e-08	NaN
8.26e-08	NaN
8.3146e-08	NaN
8.5059e-08	NaN
8.9225e-08	NaN
9.6551e-08	NaN
1.0794e-07	NaN
1.243e-07	NaN
1.4654e-07	NaN
1.7556e-07	NaN
2.1224e-07	NaN
2.5672e-07	NaN
3.0812e-07	NaN
3.6549e-07	NaN
4.2789e-07	NaN
4.9437e-07	NaN
5.6398e-07	NaN
6.3578e-07	NaN
7.0882e-07	NaN
7.8172e-07	NaN
8.5245e-07	NaN
9.1893e-07	NaN
9.7908e-07	NaN
1.0308e-06	NaN
1.0721e-06	NaN
1.1007e-06	NaN
1.1148e-06	NaN
1.1136e-06	NaN
1.0997e-06	NaN
1.0754e-06	NaN
1.0434e-06	NaN
1.0062e-06	NaN
9.6635e-07	NaN
9.2647e-07	NaN
8.8907e-07	NaN
8.5561e-07	NaN
8.2527e-07	NaN
7.9691e-07	NaN
7.6945e-07	NaN
7.4175e-07	NaN
7.1272e-07	NaN
6.8124e-07	NaN
6.462e-07	NaN
6.0712e-07	NaN
5.6503e-07	NaN
5.2117e-07	NaN
4.768e-07	NaN
4.3318e-07	NaN
3.9154e-07	NaN
3.5314e-07	NaN
3.1923e-07	NaN
2.9069e-07	NaN
2.673e-07	NaN
2.4868e-07	NaN
2.3444e-07	NaN
2.2419e-07	NaN
2.1754e-07	NaN
2.1409e-07	NaN
2.1346e-07	NaN
2.1548e-07	NaN
2.2066e-07	NaN
2.297e-07	NaN
2.4327e-07	NaN
2.6206e-07	NaN
2.8673e-07	NaN
3.1797e-07	NaN
3.5646e-07	NaN
4.0356e-07	NaN
4.6334e-07	NaN
5.4052e-07	NaN
6.3983e-07	NaN
7.6597e-07	NaN
9.2368e-07	NaN
1.1177e-06	NaN
1.3527e-06	NaN
1.6344e-06	NaN
1.9732e-06	NaN
2.3807e-06	NaN
2.8687e-06	NaN
3.4488e-06	NaN
4.1326e-06	NaN
4.932e-06	NaN
5.8584e-06	NaN
6.9169e-06	NaN
8.0748e-06	NaN
9.287e-06	NaN
1.0508e-05	NaN
1.1694e-05	NaN
1.2798e-05	NaN
1.3777e-05	NaN
1.4583e-05	NaN
1.5178e-05	NaN
1.5553e-05	NaN
1.5711e-05	NaN
1.5655e-05	NaN
1.5389e-05	NaN
1.4917e-05	NaN
1.4242e-05	NaN
1.3368e-05	NaN
1.2303e-05	NaN
1.1081e-05	NaN
9.7531e-06	NaN
8.3673e-06	NaN
6.9731e-06	NaN
5.6198e-06	NaN
4.3565e-06	NaN
3.2324e-06	NaN
2.2927e-06	NaN
1.5446e-06	NaN
9.7487e-07	NaN
5.7019e-07	NaN
3.1714e-07	NaN
2.0232e-07	NaN
2.1233e-07	NaN
3.3378e-07	NaN
5.547e-07	NaN
8.7893e-07	NaN
1.3202e-06	NaN
1.8926e-06	NaN
2.6098e-06	NaN
3.486e-06	NaN
4.5349e-06	NaN
5.7706e-06	NaN
7.2053e-06	NaN
8.8277e-06	NaN
1.061e-05	NaN
1.2523e-05	NaN
1.4538e-05	NaN
1.6627e-05	NaN
1.8761e-05	NaN
2.0912e-05	NaN
2.305e-05	NaN
2.5125e-05	NaN
2.7072e-05	NaN
2.8825e-05	NaN
3.0318e-05	NaN
3.1485e-05	NaN
3.2259e-05	NaN
3.2574e-05	NaN
3.2368e-05	NaN
3.165e-05	NaN
3.05e-05	NaN
2.8999e-05	NaN
2.7232e-05	NaN
2.5279e-05	NaN
2.3224e-05	NaN
2.1148e-05	NaN
1.9134e-05	NaN
1.7229e-05	NaN
1.5442e-05	NaN
1.378e-05	NaN
1.225e-05	NaN
1.0861e-05	NaN
9.6202e-06	NaN
8.5341e-06	NaN
7.6102e-06	NaN
6.8486e-06	NaN
6.2398e-06	NaN
5.7735e-06	NaN
5.4398e-06	NaN
5.2285e-06	NaN
5.1294e-06	NaN
5.1324e-06	NaN
5.2276e-06	NaN
5.4102e-06	NaN
5.6839e-06	NaN
6.0527e-06	NaN
6.5208e-06	NaN
7.0925e-06	NaN
7.7718e-06	NaN
8.5629e-06	NaN
9.4698e-06	NaN
1.048e-05	NaN
1.1554e-05	NaN
1.2648e-05	NaN
1.3719e-05	NaN
1.4724e-05	NaN
1.562e-05	NaN
1.6363e-05	NaN
1.6912e-05	NaN
1.7244e-05	NaN
1.7386e-05	NaN
1.7367e-05	NaN
1.7217e-05	NaN
1.6967e-05	NaN
1.6646e-05	NaN
1.6285e-05	NaN
1.5914e-05	NaN
1.5558e-05	NaN
1.5232e-05	NaN
1.4949e-05	NaN
1.4721e-05	NaN
1.4562e-05	NaN
1.4484e-05	NaN
1.45e-05	NaN
1.4622e-05	NaN
1.4846e-05	NaN
1.5113e-05	NaN
1.5357e-05	NaN
1.551e-05	NaN
1.5506e-05	NaN
1.5279e-05	NaN
1.4762e-05	NaN
1.3888e-05	NaN
1.2626e-05	NaN
1.1065e-05	NaN
9.3135e-06	NaN
7.4832e-06	NaN
5.6844e-06	NaN
4.0279e-06	NaN
2.6242e-06	NaN
1.5839e-06	NaN
1.0352e-06	NaN
1.1738e-06	NaN
2.211e-06	NaN
4.3583e-06	NaN
7.8272e-06	NaN
1.2829e-05	NaN
1.9576e-05	NaN
2.8279e-05	NaN
3.9224e-05	NaN
5.3031e-05	NaN
7.0417e-05	NaN
9.2095e-05	NaN
0.00011878	NaN
0.00015119	NaN
0.00019004	NaN
0.00023604	NaN
0.00028993	NaN
0.00035255	NaN
0.00042479	NaN
0.00050752	NaN
0.00060164	NaN
0.000708	NaN
0.00082751	NaN
0.00096104	NaN
0.0011093	NaN
0.001272	NaN
0.0014483	NaN
0.0016375	NaN
0.0018389	NaN
0.0020516	NaN
0.0022751	NaN
0.0025085	NaN
0.0027509	NaN
0.0030014	NaN
0.0032584	NaN
0.0035206	NaN
0.0037867	NaN
0.0040554	NaN
0.0043252	NaN
0.0045948	NaN
0.004863	NaN
0.005129	NaN
0.0053925	NaN
0.005653	NaN
0.0059103	NaN
0.0061639	NaN
0.0064134	NaN
0.0066586	NaN
0.0068989	NaN
0.0071338	NaN
0.0073624	NaN
0.007584	NaN
0.0077976	NaN
0.0080026	NaN
0.0081982	NaN
0.0083834	NaN
0.0085575	NaN
0.0087207	NaN
0.0088732	NaN
0.0090158	NaN
0.0091489	NaN
0.009273	NaN
0.0093887	NaN
0.0094965	NaN
0.009597	NaN
0.0096909	NaN
0.0097793	NaN
0.0098633	NaN
0.0099439	NaN
0.010022	NaN
0.010099	NaN
0.010176	NaN
0.010254	NaN
0.010332	NaN
0.010412	NaN
0.010491	NaN
0.01057	NaN
0.010647	NaN
0.010724	NaN
0.010798	NaN
0.010869	NaN
0.010938	NaN
0.011006	NaN
0.011076	NaN
0.011148	NaN
0.011224	NaN
0.011306	NaN
0.011395	NaN
0.011493	NaN
0.0116	NaN
0.011713	NaN
0.011828	NaN
0.011944	NaN
0.012058	NaN
0.012166	NaN
0.012266	NaN
0.012355	NaN
0.012431	NaN
0.012496	NaN
0.012551	NaN
0.012595	NaN
0.01263	NaN
0.012658	NaN
0.012678	NaN
0.012691	NaN
0.012699	NaN
0.012703	NaN
0.012703	NaN
0.012701	NaN
0.012698	NaN
0.012695	NaN
0.012693	NaN
0.012694	NaN
0.012697	NaN
0.012703	NaN
0.01271	NaN
0.012718	NaN
0.012726	NaN
0.012734	NaN
0.012741	NaN
0.012746	NaN
0.012749	NaN
0.012751	NaN
0.012754	NaN
0.012758	NaN
0.012766	NaN
0.012778	NaN
0.012796	NaN
0.012821	NaN
0.012856	NaN
0.012908	NaN
0.012983	NaN
0.01309	NaN
0.013236	NaN
0.013427	NaN
0.013673	NaN
0.013979	NaN
0.014355	NaN
0.014809	NaN
0.015351	NaN
0.015992	NaN
0.016741	NaN
0.017609	NaN
0.018605	NaN
0.019739	NaN
0.021018	NaN
0.022436	NaN
0.023985	NaN
0.025656	NaN
0.02744	NaN
0.029328	NaN
0.031313	NaN
0.033386	NaN
0.03554	NaN
0.037778	NaN
0.040106	NaN
0.042531	NaN
0.045058	NaN
0.047693	NaN
0.050442	NaN
0.053311	NaN
0.056307	NaN
0.059444	NaN
0.062737	NaN
0.066202	NaN
0.069855	NaN
0.073711	NaN
0.077786	NaN
0.082095	NaN
0.086658	NaN
0.091514	NaN
0.096708	NaN
0.10229	-0.46497
0.1083	-0.46806
0.11478	-0.47043
0.1218	-0.47192
0.12938	-0.47236
0.13758	-0.47161
0.14651	-0.46961
0.15628	-0.46639
0.16701	-0.46194
0.17882	-0.45627
0.19184	-0.44941
0.20618	-0.44135
0.22197	-0.4321
0.2393	-0.42168
0.25813	-0.41014
0.27831	-0.39755
0.29973	-0.38396
0.32223	-0.36946
0.3457	-0.3541
0.36998	-0.33796
0.39496	-0.3211
0.4205	-0.30358
0.44642	-0.28546
0.47255	-0.26676
0.4987	-0.24752
0.52469	-0.22777
0.55034	-0.20754
0.57546	-0.18686
0.59987	-0.16577
0.62341	-0.14431
0.6461	-0.12266
0.66809	-0.10112
0.68955	-0.079968
0.71064	-0.059509
0.7315	-0.040028
0.75232	-0.021817
0.77324	-0.0051677
0.79442	0.0096374
0.81579	0.022435
0.83714	0.033158
0.85823	0.041744
0.87885	0.04813
0.89876	0.052252
0.91774	0.054047
0.93555	0.053451
0.95198	0.050404
0.96669	0.044916
0.97926	0.037057
0.98929	0.026902
0.99634	0.014525
1	0
0.99985	-0.016598
0.99548	-0.035196
0.98647	-0.055716
0.97276	-0.078036
0.95469	-0.10198
0.93258	-0.12737
0.90677	-0.15404
0.8776	-0.18179
0.8454	-0.21046
0.81051	-0.23987
0.77327	-0.26985
0.73408	-0.30059
0.69339	-0.33271
0.65167	-0.36685
0.60939	-0.40369
0.56703	-0.44385
0.52503	-0.48801
0.48389	-0.5368
0.44405	-0.59086
0.40583	-0.64971
0.36934	-0.71132
0.33465	-0.7735
0.30185	-0.83409
0.27103	-0.89093
0.24227	-0.94184
0.21565	-0.98465
0.19125	-1.0172
0.1691	-1.0416
0.14915	-1.0664
0.1313	-1.1011
0.1155	-1.1551
0.10167	-1.2377
0.089744	NaN
0.079639	NaN
0.071287	NaN
0.064593	NaN
0.059419	NaN
0.055622	NaN
0.05306	NaN
0.051589	NaN
0.051067	NaN
0.05135	NaN
0.052297	NaN
0.053765	NaN
0.055617	NaN
0.057713	NaN
0.059918	NaN
0.062092	NaN
0.064098	NaN
0.065798	NaN
0.067055	NaN
0.067764	NaN
0.067914	NaN
0.067505	NaN
0.066541	NaN
0.065022	NaN
0.062952	NaN
0.060331	NaN
0.057162	NaN
0.053469	NaN
0.04935	NaN
0.044914	NaN
0.040271	NaN
0.035532	NaN
0.030805	NaN
0.026203	NaN
0.021834	NaN
0.017792	NaN
0.014111	NaN
0.01081	NaN
0.0079087	NaN
0.0054268	NaN
0.0033841	NaN
0.0018	NaN
0.00069438	NaN
7.3272e-05	NaN
0.00011478	NaN
6.3229e-05	NaN
0.00054029	NaN
0.0012494	NaN
0.0021236	NaN
0.0030958	NaN
0.004099	NaN
0.0050726	NaN
0.0059872	NaN
0.0068238	NaN
0.0075632	NaN
0.0081861	NaN
0.0086735	NaN
0.0090061	NaN
0.0091648	NaN
0.009135	NaN
0.0089301	NaN
0.0085739	NaN
0.0080901	NaN
0.0075024	NaN
0.0068347	NaN
0.0061106	NaN
0.005354	NaN
0.0045879	NaN
0.003831	NaN
0.0030999	NaN
0.0024115	NaN
0.0017823	NaN
0.001229	NaN
0.00076847	NaN
0.00041724	NaN
0.00018974	NaN
8.0761e-05	NaN
7.5129e-05	NaN
0.00015761	NaN
0.00031296	NaN
0.00052593	NaN
0.0007813	NaN
0.0010638	NaN
0.0013586	NaN
0.0016537	NaN
0.0019393	NaN
0.0022054	NaN
0.0024421	NaN
0.0026394	NaN
0.0027874	NaN
0.0028762	NaN
0.0028967	NaN
0.0028511	NaN
0.0027492	NaN
0.002601	NaN
0.0024165	NaN
0.0022056	NaN
0.0019783	NaN
0.0017447	NaN
0.0015144	NaN
0.001293	NaN
0.001083	NaN
0.00088688	NaN
0.00070687	NaN
0.00054538	NaN
0.00040478	NaN
0.00028742	NaN
0.00019553	NaN
0.00012851	NaN
8.3167e-05	NaN
5.6227e-05	NaN
4.4412e-05	NaN
4.4444e-05	NaN
5.3047e-05	NaN
6.6942e-05	NaN
8.2915e-05	NaN
9.9324e-05	NaN
0.00011619	NaN
0.0001336	NaN
0.00015165	NaN
0.00017045	NaN
0.00019008	NaN
0.00021065	NaN
0.00023223	NaN
0.0002548	NaN
0.00027812	NaN
0.00030198	NaN
0.00032616	NaN
0.00035041	NaN
0.00037453	NaN
0.00039828	NaN
0.00042145	NaN
0.00044403	NaN
0.00046634	NaN
0.00048871	NaN
0.00051147	NaN
0.00053497	NaN
0.00055954	NaN
0.00058551	NaN
0.00061322	NaN
0.00064291	NaN
0.00067471	NaN
0.00070873	NaN
0.00074507	NaN
0.00078384	NaN
0.00082514	NaN
0.00086909	NaN
0.00091579	NaN
0.00096535	NaN
0.0010179	NaN
0.0010736	NaN
0.0011326	NaN
0.0011949	NaN
0.0012609	NaN
0.0013304	NaN
0.0014039	NaN
0.001481	NaN
0.0015616	NaN
0.0016452	NaN
0.0017313	NaN
0.0018195	NaN
0.0019093	NaN
0.0020004	NaN
0.0020923	NaN
0.0021845	NaN
0.0022764	NaN
0.0023671	NaN
0.0024561	NaN
0.0025426	NaN
0.002626	NaN
0.0027054	NaN
0.0027803	NaN
0.0028502	NaN
0.002915	NaN
0.0029751	NaN
0.0030305	NaN
0.0030816	NaN
0.0031285	NaN
0.0031713	NaN
0.0032104	NaN
0.003246	NaN
0.0032793	NaN
0.0033116	NaN
0.003344	NaN
0.0033778	NaN
0.0034142	NaN
0.0034545	NaN
0.0035	NaN
0.0035516	NaN
0.0036094	NaN
0.0036733	NaN
0.0037431	NaN
0.0038186	NaN
0.0038997	NaN
0.0039862	NaN
0.004078	NaN
0.0041746	NaN
0.0042743	NaN
0.0043749	NaN
0.0044744	NaN
0.0045705	NaN
0.0046611	NaN
0.0047441	NaN
0.0048173	NaN
0.0048788	NaN
0.004928	NaN
0.0049648	NaN
0.0049889	NaN
0.0050003	NaN
0.0049988	NaN
0.0049842	NaN
0.0049565	NaN
0.0049154	NaN
0.0048613	NaN
0.0047944	NaN
0.0047152	NaN
0.004624	NaN
0.0045211	NaN
0.0044068	NaN
0.0042816	NaN
0.0041459	NaN
0.0040003	NaN
0.0038456	NaN
0.0036828	NaN
0.0035126	NaN
0.0033359	NaN
0.0031535	NaN
0.0029664	NaN
0.0027753	NaN
0.0025817	NaN
0.0023871	NaN
0.0021931	NaN
0.0020015	NaN
0.0018137	NaN
0.0016314	NaN
0.0014563	NaN
0.0012899	NaN
0.0011332	NaN
0.00098696	NaN
0.00085192	NaN
0.00072874	NaN
0.00061815	NaN
0.00052084	NaN
0.00043751	NaN
0.00036883	NaN
0.000315	NaN
0.00027581	NaN
0.00025105	NaN
0.00024052	NaN
0.000244	NaN
0.00026131	NaN
0.00029221	NaN
0.00033648	NaN
0.00039311	NaN
0.00046041	NaN
0.0005367	NaN
0.00062028	NaN
0.00070943	NaN
0.00080247	NaN
0.00089769	NaN
0.00099341	NaN
0.0010881	NaN
0.0011803	NaN
0.0012686	NaN
0.0013518	NaN
0.0014283	NaN
0.0014968	NaN
0.0015559	NaN
0.0016043	NaN
0.0016413	NaN
0.0016674	NaN
0.0016831	NaN
0.0016887	NaN
0.0016847	NaN
0.0016715	NaN
0.0016497	NaN
0.0016196	NaN
0.0015819	NaN
0.0015376	NaN
0.0014877	NaN
0.0014331	NaN
0.0013748	NaN
0.0013138	NaN
0.001251	NaN
0.0011876	NaN
0.0011241	NaN
0.0010613	NaN
0.00099965	NaN
0.00093967	NaN
0.00088189	NaN
0.00082685	NaN
0.00077509	NaN
0.00072713	NaN
0.00068328	NaN
0.00064345	NaN
0.00060748	NaN
0.00057523	NaN
0.00054657	NaN
0.00052134	NaN
0.00049941	NaN
0.00048062	NaN
0.00046474	NaN
0.00045133	NaN
0.00043992	NaN
0.00043004	NaN
0.00042122	NaN
0.00041299	NaN
0.00040489	NaN
0.00039644	NaN
0.00038729	NaN
0.00037735	NaN
0.00036659	NaN
0.00035495	NaN
0.00034241	NaN
0.00032891	NaN
0.00031442	NaN
0.0002989	NaN
0.00028236	NaN
0.00026499	NaN
0.00024701	NaN
0.00022865	NaN
0.00021011	NaN
0.00019164	NaN
0.00017343	NaN
0.00015572	NaN
0.0001387	NaN
0.00012245	NaN
0.00010706	NaN
9.2598e-05	NaN
7.9134e-05	NaN
6.6744e-05	NaN
5.5499e-05	NaN
4.5474e-05	NaN
3.6716e-05	NaN
2.9163e-05	NaN
2.2727e-05	NaN
1.732e-05	NaN
1.2854e-05	NaN
9.2397e-06	NaN
6.3891e-06	NaN
4.2139e-06	NaN
2.6286e-06	NaN
1.5616e-06	NaN
9.4567e-07	NaN
7.1333e-07	NaN
7.9727e-07	NaN
1.1301e-06	NaN
1.6446e-06	NaN
2.2732e-06	NaN
2.9548e-06	NaN
3.662e-06	NaN
4.3802e-06	NaN
5.0943e-06	NaN
5.7895e-06	NaN
6.4509e-06	NaN
7.0635e-06	NaN
7.6125e-06	NaN
8.0839e-06	NaN
8.4712e-06	NaN
8.7704e-06	NaN
8.9778e-06	NaN
9.0897e-06	NaN
9.1022e-06	NaN
9.0115e-06	NaN
8.8139e-06	NaN
8.5072e-06	NaN
8.103e-06	NaN
7.6192e-06	NaN
7.0738e-06	NaN
6.485e-06	NaN
5.8707e-06	NaN
5.249e-06	NaN
4.6381e-06	NaN
4.0549e-06	NaN
3.5076e-06	NaN
2.9991e-06	NaN
2.5324e-06	NaN
2.1103e-06	NaN
1.7358e-06	NaN
1.4118e-06	NaN
1.1412e-06	NaN
9.2643e-07	NaN
7.6399e-07	NaN
6.4664e-07	NaN
5.6703e-07	NaN
5.1782e-07	NaN
4.9166e-07	NaN
4.8121e-07	NaN
4.7911e-07	NaN
4.7831e-07	NaN
4.7557e-07	NaN
4.7063e-07	NaN
4.6327e-07	NaN
4.5328e-07	NaN
4.4045e-07	NaN
4.2458e-07	NaN
4.0546e-07	NaN
3.829e-07	NaN
3.5735e-07	NaN
3.2975e-07	NaN
3.011e-07	NaN
2.7235e-07	NaN
2.4449e-07	NaN
2.1851e-07	NaN
1.9536e-07	NaN
1.7601e-07	NaN
1.6056e-07	NaN
1.4834e-07	NaN
1.386e-07	NaN
1.3062e-07	NaN
1.2366e-07	NaN
1.1699e-07	NaN
1.0988e-07	NaN
1.0162e-07	NaN
9.2016e-08	NaN
8.1507e-08	NaN
7.0563e-08	NaN
5.9653e-08	NaN
4.9249e-08	NaN
3.9819e-08	NaN
3.1833e-08	NaN
2.5754e-08	NaN
2.1743e-08	NaN
1.955e-08	NaN
1.89e-08	NaN
1.9515e-08	NaN
2.1119e-08	NaN
2.3435e-08	NaN
2.6185e-08	NaN
2.9095e-08	NaN
3.1963e-08	NaN
3.4707e-08	NaN
3.7252e-08	NaN
3.9526e-08	NaN
4.1455e-08	NaN
4.2966e-08	NaN
4.3986e-08	NaN
4.4442e-08	NaN
4.4438e-08	NaN
4.439e-08	NaN
4.4749e-08	NaN
4.5966e-08	NaN
4.849e-08	NaN
5.2772e-08	NaN
5.9263e-08	NaN
6.8409e-08	NaN
8.019e-08	NaN
9.3597e-08	NaN
1.0749e-07	NaN
1.2075e-07	NaN
1.3223e-07	NaN
1.4079e-07	NaN
1.4531e-07	NaN
1.4466e-07	NaN
1.3844e-07	NaN
1.2815e-07	NaN
1.1554e-07	NaN
1.0237e-07	NaN
9.0393e-08	NaN
8.1373e-08	NaN
7.7065e-08	NaN
7.9228e-08	NaN
8.8918e-08	NaN
1.0517e-07	NaN
1.2665e-07	NaN
1.5203e-07	NaN
1.7998e-07	NaN
2.0917e-07	NaN
2.3828e-07	NaN
2.6596e-07	NaN
2.909e-07	NaN
3.1177e-07	NaN
3.2723e-07	NaN
3.3595e-07	NaN
3.3662e-07	NaN
3.2788e-07	NaN
3.0842e-07	NaN
2.7692e-07	NaN
6.759e-08	NaN
4.6974e-08	NaN
