6.637e-07	NaN
7.0279e-07	NaN
6.5283e-07	NaN
6.0149e-07	NaN
5.4935e-07	NaN
4.9702e-07	NaN
4.4507e-07	NaN
3.9412e-07	NaN
3.4475e-07	NaN
2.9755e-07	NaN
2.5312e-07	NaN
2.1206e-07	NaN
1.7495e-07	NaN
1.424e-07	NaN
1.15e-07	NaN
9.3332e-08	NaN
7.8001e-08	NaN
6.9599e-08	NaN
6.8535e-08	NaN
7.4182e-08	NaN
8.5557e-08	NaN
1.0168e-07	NaN
1.2155e-07	NaN
1.4421e-07	NaN
1.6865e-07	NaN
1.939e-07	NaN
2.1905e-07	NaN
2.4371e-07	NaN
2.6771e-07	NaN
2.9088e-07	NaN
3.1304e-07	NaN
3.3401e-07	NaN
3.5363e-07	NaN
3.7172e-07	NaN
3.8816e-07	NaN
4.0334e-07	NaN
4.1787e-07	NaN
4.3239e-07	NaN
4.475e-07	NaN
4.6382e-07	NaN
4.8197e-07	NaN
5.0258e-07	NaN
5.262e-07	NaN
5.5282e-07	NaN
5.8214e-07	NaN
6.1382e-07	NaN
6.4755e-07	NaN
6.83e-07	NaN
7.1986e-07	NaN
7.5781e-07	NaN
7.9653e-07	NaN
8.3587e-07	NaN
8.7576e-07	NaN
9.1613e-07	NaN
9.5693e-07	NaN
9.981e-07	NaN
1.0396e-06	NaN
1.0813e-06	NaN
1.1231e-06	NaN
1.1646e-06	NaN
1.2051e-06	NaN
1.2439e-06	NaN
1.2802e-06	NaN
1.3134e-06	NaN
1.3426e-06	NaN
1.3672e-06	NaN
1.3865e-06	NaN
1.4012e-06	NaN
1.413e-06	NaN
1.4237e-06	NaN
1.4352e-06	NaN
1.4491e-06	NaN
1.4674e-06	NaN
1.4918e-06	NaN
1.5241e-06	NaN
1.5645e-06	NaN
1.6124e-06	NaN
1.6666e-06	NaN
1.7261e-06	NaN
1.7902e-06	NaN
1.8576e-06	NaN
1.9276e-06	NaN
1.9991e-06	NaN
2.0724e-06	NaN
2.1489e-06	NaN
2.2301e-06	NaN
2.3176e-06	NaN
2.4129e-06	NaN
2.5175e-06	NaN
2.6329e-06	NaN
2.7607e-06	NaN
2.9012e-06	NaN
3.0536e-06	NaN
3.2168e-06	NaN
3.3896e-06	NaN
3.5711e-06	NaN
3.7603e-06	NaN
3.9559e-06	NaN
4.1571e-06	NaN
4.3642e-06	NaN
4.58e-06	NaN
4.8076e-06	NaN
5.0497e-06	NaN
5.3095e-06	NaN
5.5898e-06	NaN
5.8935e-06	NaN
6.2237e-06	NaN
6.5818e-06	NaN
6.9667e-06	NaN
7.3769e-06	NaN
7.8113e-06	NaN
8.2682e-06	NaN
8.7465e-06	NaN
9.2446e-06	NaN
9.7614e-06	NaN
1.0302e-05	NaN
1.0887e-05	NaN
1.1537e-05	NaN
1.2274e-05	NaN
1.3119e-05	NaN
1.4094e-05	NaN
1.5221e-05	NaN
1.652e-05	NaN
1.8009e-05	NaN
1.969e-05	NaN
2.1567e-05	NaN
2.364e-05	NaN
2.5913e-05	NaN
2.8387e-05	NaN
3.1064e-05	NaN
3.3946e-05	NaN
3.7042e-05	NaN
4.0373e-05	NaN
4.3966e-05	NaN
4.7848e-05	NaN
5.2044e-05	NaN
5.658e-05	NaN
6.1482e-05	NaN
6.6776e-05	NaN
7.2508e-05	NaN
7.8788e-05	NaN
8.574e-05	NaN
9.3489e-05	NaN
0.00010216	NaN
0.00011187	NaN
0.00012275	NaN
0.00013492	NaN
0.0001485	NaN
0.00016354	NaN
0.00018008	NaN
0.00019817	NaN
0.00021786	NaN
0.0002392	NaN
0.00026221	NaN
0.00028697	NaN
0.00031346	NaN
0.00034153	NaN
0.00037099	NaN
0.00040161	NaN
0.0004332	NaN
0.00046555	NaN
0.00049846	NaN
0.00053171	NaN
0.00056509	NaN
0.00059833	NaN
0.00063115	NaN
0.00066325	NaN
0.00069435	NaN
0.00072417	NaN
0.00075241	NaN
0.00077879	NaN
0.00080304	NaN
0.00082502	NaN
0.00084465	NaN
0.00086185	NaN
0.00087652	NaN
0.00088858	NaN
0.00089795	NaN
0.00090454	NaN
0.00090827	NaN
0.00090907	NaN
0.00090687	NaN
0.00090161	NaN
0.00089322	NaN
0.00088165	NaN
0.00086682	NaN
0.00084867	NaN
0.00082716	NaN
0.00080246	NaN
0.00077485	NaN
0.00074462	NaN
0.00071204	NaN
0.0006774	NaN
0.00064099	NaN
0.00060308	NaN
0.00056397	NaN
0.00052414	NaN
0.00048417	NaN
0.00044463	NaN
0.00040611	NaN
0.00036919	NaN
0.00033445	NaN
0.00030247	NaN
0.00027383	NaN
0.00024892	NaN
0.00022805	NaN
0.0002115	NaN
0.00019955	NaN
0.0001925	NaN
0.00019064	NaN
0.00019425	NaN
0.00020363	NaN
0.0002191	NaN
0.00024105	NaN
0.00026985	NaN
0.00030587	NaN
0.00034949	NaN
0.00040108	NaN
0.00046101	NaN
0.00052963	NaN
0.0006067	NaN
0.00069138	NaN
0.00078283	NaN
0.00088018	NaN
0.0009826	NaN
0.0010892	NaN
0.0011992	NaN
0.0013117	NaN
0.0014262	NaN
0.0015426	NaN
0.0016607	NaN
0.0017806	NaN
0.0019019	NaN
0.0020247	NaN
0.0021488	NaN
0.0022741	NaN
0.0024006	NaN
0.0025284	NaN
0.0026578	NaN
0.0027887	NaN
0.0029215	NaN
0.0030561	NaN
0.0031929	NaN
0.0033318	NaN
0.0034729	NaN
0.0036159	NaN
0.0037606	NaN
0.0039068	NaN
0.004054	NaN
0.0042021	NaN
0.0043508	NaN
0.0044998	NaN
0.0046487	NaN
0.0047969	NaN
0.0049437	NaN
0.0050884	NaN
0.0052304	NaN
0.0053689	NaN
0.0055032	NaN
0.0056328	NaN
0.0057567	NaN
0.0058732	NaN
0.0059807	NaN
0.0060776	NaN
0.0061623	NaN
0.006233	NaN
0.0062881	NaN
0.0063261	NaN
0.0063455	NaN
0.0063461	NaN
0.0063276	NaN
0.0062897	NaN
0.0062322	NaN
0.0061548	NaN
0.0060572	NaN
0.0059393	NaN
0.0058012	NaN
0.0056448	NaN
0.0054719	NaN
0.0052846	NaN
0.0050848	NaN
0.0048745	NaN
0.0046557	NaN
0.0044303	NaN
0.0042003	NaN
0.0039675	NaN
0.0037336	NaN
0.0035005	NaN
0.0032699	NaN
0.0030436	NaN
0.0028233	NaN
0.0026108	NaN
0.0024077	NaN
0.0022142	NaN
0.0020304	NaN
0.0018565	NaN
0.0016925	NaN
0.0015385	NaN
0.0013946	NaN
0.0012609	NaN
0.0011374	NaN
0.001024	NaN
0.00092039	NaN
0.00082638	NaN
0.00074173	NaN
0.00066623	NaN
0.00059965	NaN
0.00054176	NaN
0.00049225	NaN
0.00045047	NaN
0.00041558	NaN
0.00038681	NaN
0.00036332	NaN
0.00034433	NaN
0.00032903	NaN
0.0003166	NaN
0.00030634	NaN
0.00029809	NaN
0.0002919	NaN
0.00028784	NaN
0.00028596	NaN
0.00028633	NaN
0.00028901	NaN
0.00029405	NaN
0.00030147	NaN
0.00031106	NaN
0.00032243	NaN
0.00033524	NaN
0.00034912	NaN
0.00036372	NaN
0.00037868	NaN
0.00039364	NaN
0.00040826	NaN
0.00042228	NaN
0.00043552	NaN
0.00044779	NaN
0.0004589	NaN
0.00046867	NaN
0.0004769	NaN
0.0004834	NaN
0.00048802	NaN
0.00049094	NaN
0.00049255	NaN
0.00049324	NaN
0.00049341	NaN
0.00049345	NaN
0.00049375	NaN
0.00049472	NaN
0.00049669	NaN
0.00049953	NaN
0.00050273	NaN
0.00050578	NaN
0.00050815	NaN
0.00050935	NaN
0.00050884	NaN
0.00050612	NaN
0.0005007	NaN
0.00049248	NaN
0.00048166	NaN
0.00046849	NaN
0.0004532	NaN
0.000436	NaN
0.00041712	NaN
0.0003968	NaN
0.00037527	NaN
0.0003528	NaN
0.00032971	NaN
0.00030633	NaN
0.00028299	NaN
0.00026002	NaN
0.00023772	NaN
0.00021644	NaN
0.00019649	NaN
0.00017805	NaN
0.00016113	NaN
0.00014574	NaN
0.0001319	NaN
0.00011962	NaN
0.00010889	NaN
9.9749e-05	NaN
9.2188e-05	NaN
8.6182e-05	NaN
8.1656e-05	NaN
7.853e-05	NaN
7.6724e-05	NaN
7.616e-05	NaN
7.6757e-05	NaN
7.8437e-05	NaN
8.1122e-05	NaN
8.4845e-05	NaN
8.9799e-05	NaN
9.6189e-05	NaN
0.00010422	NaN
0.0001141	NaN
0.00012603	NaN
0.00014022	NaN
0.00015688	NaN
0.00017612	NaN
0.00019791	NaN
0.00022221	NaN
0.00024898	NaN
0.00027818	NaN
0.00030976	NaN
0.00034369	NaN
0.00037991	NaN
0.00041804	NaN
0.00045705	NaN
0.0004958	NaN
0.00053318	NaN
0.00056805	NaN
0.00059931	NaN
0.00062583	NaN
0.00064647	NaN
0.00066055	NaN
0.00066829	NaN
0.00067007	NaN
0.00066626	NaN
0.00065724	NaN
0.00064337	NaN
0.00062503	NaN
0.00060259	NaN
0.00057651	NaN
0.0005475	NaN
0.00051629	NaN
0.00048363	NaN
0.00045026	NaN
0.00041691	NaN
0.00038433	NaN
0.00035326	NaN
0.0003244	NaN
0.00029833	NaN
0.0002756	NaN
0.00025676	NaN
0.00024238	NaN
0.000233	NaN
0.00022918	NaN
0.00023147	NaN
0.00024186	NaN
0.00026765	NaN
0.00031742	NaN
0.00039972	NaN
0.0005231	NaN
0.00069613	NaN
0.00092736	NaN
0.0012253	NaN
0.0016013	NaN
0.0020783	NaN
0.0026826	NaN
0.0034404	NaN
0.004378	NaN
0.0055217	NaN
0.0068976	NaN
0.0085321	NaN
0.010452	NaN
0.012691	NaN
0.015281	NaN
0.018258	NaN
0.021655	NaN
0.025505	NaN
0.029844	NaN
0.034704	NaN
0.040122	NaN
0.046142	NaN
0.052811	NaN
0.060177	NaN
0.068289	NaN
0.077193	NaN
0.086938	NaN
0.097571	NaN
0.10914	-0.6688
0.12165	-0.65993
0.13511	-0.64999
0.14952	-0.63902
0.16488	-0.62709
0.18119	-0.61424
0.19846	-0.60054
0.21668	-0.58604
0.23586	-0.57081
0.25599	-0.55489
0.27705	-0.53834
0.29903	-0.52121
0.32192	-0.50355
0.3457	-0.48541
0.37035	-0.46685
0.39588	-0.44792
0.42225	-0.42866
0.44938	-0.40913
0.47712	-0.38935
0.50535	-0.36937
0.53393	-0.34922
0.56273	-0.32893
0.59161	-0.30855
0.62043	-0.2881
0.64907	-0.26762
0.67742	-0.24719
0.7054	-0.22686
0.73291	-0.20672
0.75989	-0.18686
0.78624	-0.16733
0.81188	-0.14823
0.83674	-0.12963
0.86071	-0.1116
0.88362	-0.094295
0.9052	-0.077882
0.92521	-0.062545
0.94337	-0.048468
0.95943	-0.03583
0.97312	-0.024815
0.98419	-0.015602
0.99238	-0.0083691
0.99762	-0.0031809
1	0
0.99961	0.001215
0.99654	0.00050556
0.99089	-0.0020869
0.98275	-0.0065209
0.97222	-0.012755
0.95939	-0.02075
0.94448	-0.030515
0.92784	-0.042113
0.9098	-0.05561
0.89072	-0.071071
0.87093	-0.088561
0.85078	-0.10815
0.83063	-0.12989
0.81081	-0.15386
0.79141	-0.18001
0.77226	-0.20819
0.75313	-0.23822
0.73382	-0.26993
0.71411	-0.30316
0.69379	-0.33773
0.67265	-0.37348
0.65049	-0.41024
0.6272	-0.44814
0.60284	-0.48776
0.57749	-0.52971
0.55123	-0.57457
0.52413	-0.62297
0.49627	-0.67549
0.46771	-0.73274
0.43854	-0.79531
0.4089	-0.86272
0.37909	-0.9327
0.34939	-1.0028
0.32011	-1.0707
0.29153	-1.1338
0.26395	-1.1899
0.23768	-1.2363
0.21299	-1.2708
0.19009	-1.2946
0.16898	-1.3163
0.14965	-1.3451
0.13208	-1.3903
0.11625	-1.4612
0.10214	-1.5671
0.089745	NaN
0.079041	NaN
0.069982	NaN
0.062456	NaN
0.056339	NaN
0.05151	NaN
0.047845	NaN
0.045223	NaN
0.043522	NaN
0.042618	NaN
0.042403	NaN
0.042804	NaN
0.043753	NaN
0.045184	NaN
0.047028	NaN
0.04922	NaN
0.051691	NaN
0.054374	NaN
0.057203	NaN
0.060109	NaN
0.063026	NaN
0.065888	NaN
0.068627	NaN
0.071176	NaN
0.073468	NaN
0.075437	NaN
0.077026	NaN
0.078218	NaN
0.079003	NaN
0.079375	NaN
0.079323	NaN
0.078839	NaN
0.077916	NaN
0.076543	NaN
0.074722	NaN
0.072489	NaN
0.069893	NaN
0.06698	NaN
0.063798	NaN
0.060394	NaN
0.056816	NaN
0.053111	NaN
0.049325	NaN
0.045499	NaN
0.041671	NaN
0.037881	NaN
0.034165	NaN
0.030564	NaN
0.027116	NaN
0.023859	NaN
0.020827	NaN
0.018034	NaN
0.015481	NaN
0.013173	NaN
0.011112	NaN
0.0093016	NaN
0.0077449	NaN
0.0064451	NaN
0.0054036	NaN
0.0046087	NaN
0.004043	NaN
0.0036891	NaN
0.0035296	NaN
0.0035472	NaN
0.0037244	NaN
0.0040437	NaN
0.0044881	NaN
0.0050422	NaN
0.0056915	NaN
0.0064217	NaN
0.0072184	NaN
0.0080671	NaN
0.0089535	NaN
0.0098632	NaN
0.010782	NaN
0.0117	NaN
0.012608	NaN
0.013498	NaN
0.014363	NaN
0.015193	NaN
0.01598	NaN
0.016716	NaN
0.017394	NaN
0.018008	NaN
0.018555	NaN
0.019033	NaN
0.019439	NaN
0.019771	NaN
0.020025	NaN
0.0202	NaN
0.020293	NaN
0.020306	NaN
0.020246	NaN
0.020121	NaN
0.019936	NaN
0.019699	NaN
0.019417	NaN
0.019097	NaN
0.018744	NaN
0.018364	NaN
0.017957	NaN
0.017524	NaN
0.017066	NaN
0.016585	NaN
0.016081	NaN
0.015556	NaN
0.015011	NaN
0.014448	NaN
0.013874	NaN
0.013294	NaN
0.012713	NaN
0.012138	NaN
0.011572	NaN
0.011023	NaN
0.010495	NaN
0.0099927	NaN
0.0095159	NaN
0.0090661	NaN
0.0086441	NaN
0.0082509	NaN
0.0078875	NaN
0.0075548	NaN
0.0072535	NaN
0.0069831	NaN
0.00674	NaN
0.006521	NaN
0.0063226	NaN
0.0061413	NaN
0.0059737	NaN
0.0058163	NaN
0.0056658	NaN
0.0055197	NaN
0.0053775	NaN
0.0052389	NaN
0.0051034	NaN
0.0049707	NaN
0.0048402	NaN
0.0047117	NaN
0.0045847	NaN
0.0044589	NaN
0.0043344	NaN
0.0042112	NaN
0.0040891	NaN
0.0039682	NaN
0.0038486	NaN
0.0037302	NaN
0.003613	NaN
0.0034969	NaN
0.0033818	NaN
0.0032673	NaN
0.0031533	NaN
0.0030394	NaN
0.0029255	NaN
0.0028114	NaN
0.0026967	NaN
0.0025814	NaN
0.0024654	NaN
0.0023491	NaN
0.0022325	NaN
0.0021157	NaN
0.0019989	NaN
0.0018822	NaN
0.0017658	NaN
0.0016498	NaN
0.0015349	NaN
0.0014216	NaN
0.0013106	NaN
0.0012023	NaN
0.0010974	NaN
0.00099657	NaN
0.00090027	NaN
0.00080907	NaN
0.0007232	NaN
0.00064281	NaN
0.00056807	NaN
0.00049915	NaN
0.00043621	NaN
0.00037943	NaN
0.00032895	NaN
0.00028484	NaN
0.00024663	NaN
0.00021376	NaN
0.00018563	NaN
0.00016168	NaN
0.00014131	NaN
0.00012395	NaN
0.00010901	NaN
9.5983e-05	NaN
8.4588e-05	NaN
7.4645e-05	NaN
6.5972e-05	NaN
5.8387e-05	NaN
5.1704e-05	NaN
4.5743e-05	NaN
4.0318e-05	NaN
3.527e-05	NaN
3.0561e-05	NaN
2.6204e-05	NaN
2.2208e-05	NaN
1.8583e-05	NaN
1.5341e-05	NaN
1.2491e-05	NaN
1.0044e-05	NaN
8.0061e-06	NaN
6.3471e-06	NaN
5.0231e-06	NaN
3.9896e-06	NaN
3.2026e-06	NaN
2.6175e-06	NaN
2.1903e-06	NaN
1.8765e-06	NaN
1.6359e-06	NaN
1.4619e-06	NaN
1.3644e-06	NaN
1.3535e-06	NaN
1.4393e-06	NaN
1.6318e-06	NaN
1.9413e-06	NaN
2.3777e-06	NaN
2.9482e-06	NaN
3.631e-06	NaN
4.3875e-06	NaN
5.1789e-06	NaN
5.9663e-06	NaN
6.711e-06	NaN
7.3742e-06	NaN
7.917e-06	NaN
8.3034e-06	NaN
8.5292e-06	NaN
8.6122e-06	NaN
8.5701e-06	NaN
8.421e-06	NaN
8.1827e-06	NaN
7.8733e-06	NaN
7.5106e-06	NaN
7.1125e-06	NaN
6.6952e-06	NaN
6.274e-06	NaN
5.864e-06	NaN
5.4801e-06	NaN
5.1375e-06	NaN
4.8513e-06	NaN
4.6367e-06	NaN
4.508e-06	NaN
4.4688e-06	NaN
4.5125e-06	NaN
4.6325e-06	NaN
4.8217e-06	NaN
5.0735e-06	NaN
5.3811e-06	NaN
5.7375e-06	NaN
6.1359e-06	NaN
6.564e-06	NaN
7.0048e-06	NaN
7.4407e-06	NaN
7.8543e-06	NaN
8.228e-06	NaN
8.5444e-06	NaN
8.786e-06	NaN
8.9358e-06	NaN
8.9892e-06	NaN
8.9572e-06	NaN
8.8512e-06	NaN
8.683e-06	NaN
8.4641e-06	NaN
8.2063e-06	NaN
7.921e-06	NaN
7.62e-06	NaN
7.3137e-06	NaN
7.0111e-06	NaN
6.7211e-06	NaN
6.4525e-06	NaN
6.2141e-06	NaN
6.0149e-06	NaN
5.8637e-06	NaN
5.7692e-06	NaN
5.7331e-06	NaN
5.7453e-06	NaN
5.7951e-06	NaN
5.8714e-06	NaN
5.9633e-06	NaN
6.0599e-06	NaN
6.1503e-06	NaN
6.2235e-06	NaN
6.2718e-06	NaN
6.2929e-06	NaN
6.2853e-06	NaN
6.2472e-06	NaN
6.1773e-06	NaN
6.0738e-06	NaN
5.9351e-06	NaN
5.7598e-06	NaN
5.5488e-06	NaN
5.3088e-06	NaN
5.047e-06	NaN
4.7707e-06	NaN
4.4874e-06	NaN
4.2044e-06	NaN
3.9289e-06	NaN
3.6684e-06	NaN
3.4293e-06	NaN
3.2161e-06	NaN
3.0329e-06	NaN
2.884e-06	NaN
2.7735e-06	NaN
2.7054e-06	NaN
2.6841e-06	NaN
2.7136e-06	NaN
2.7972e-06	NaN
2.9354e-06	NaN
3.128e-06	NaN
3.3752e-06	NaN
3.6769e-06	NaN
4.0331e-06	NaN
4.4437e-06	NaN
4.9088e-06	NaN
5.4263e-06	NaN
5.9877e-06	NaN
6.5826e-06	NaN
7.2011e-06	NaN
7.8329e-06	NaN
8.4679e-06	NaN
9.096e-06	NaN
9.707e-06	NaN
1.029e-05	NaN
1.0832e-05	NaN
1.132e-05	NaN
1.1739e-05	NaN
1.2076e-05	NaN
1.2316e-05	NaN
1.2448e-05	NaN
1.2455e-05	NaN
1.233e-05	NaN
1.2079e-05	NaN
1.1716e-05	NaN
1.1256e-05	NaN
1.071e-05	NaN
1.0094e-05	NaN
9.4212e-06	NaN
8.7043e-06	NaN
7.9576e-06	NaN
7.1955e-06	NaN
6.433e-06	NaN
5.6848e-06	NaN
4.966e-06	NaN
4.2912e-06	NaN
3.6754e-06	NaN
3.1334e-06	NaN
2.6779e-06	NaN
2.3068e-06	NaN
2.0118e-06	NaN
1.7847e-06	NaN
1.6172e-06	NaN
1.5011e-06	NaN
1.428e-06	NaN
1.3898e-06	NaN
1.3782e-06	NaN
1.3865e-06	NaN
1.4084e-06	NaN
1.4378e-06	NaN
1.4685e-06	NaN
1.4941e-06	NaN
1.5086e-06	NaN
1.5058e-06	NaN
1.48e-06	NaN
1.432e-06	NaN
1.3658e-06	NaN
1.2857e-06	NaN
1.1959e-06	NaN
1.1005e-06	NaN
1.0038e-06	NaN
9.1001e-07	NaN
8.2305e-07	NaN
7.4443e-07	NaN
6.7401e-07	NaN
6.1163e-07	NaN
5.5712e-07	NaN
5.1031e-07	NaN
4.7102e-07	NaN
4.3909e-07	NaN
4.1431e-07	NaN
3.9578e-07	NaN
3.821e-07	NaN
3.7186e-07	NaN
3.6363e-07	NaN
3.5602e-07	NaN
3.476e-07	NaN
3.3695e-07	NaN
3.2274e-07	NaN
3.0489e-07	NaN
2.8444e-07	NaN
2.6248e-07	NaN
2.4007e-07	NaN
2.1831e-07	NaN
1.9826e-07	NaN
1.8102e-07	NaN
1.6763e-07	NaN
1.583e-07	NaN
1.5244e-07	NaN
1.4941e-07	NaN
1.4856e-07	NaN
1.4926e-07	NaN
1.5087e-07	NaN
1.5274e-07	NaN
1.5425e-07	NaN
1.5508e-07	NaN
1.5525e-07	NaN
1.5483e-07	NaN
1.5387e-07	NaN
1.5242e-07	NaN
1.5054e-07	NaN
1.4829e-07	NaN
1.4571e-07	NaN
1.4297e-07	NaN
1.403e-07	NaN
1.38e-07	NaN
1.3631e-07	NaN
1.3552e-07	NaN
1.3588e-07	NaN
1.3768e-07	NaN
1.4117e-07	NaN
1.4679e-07	NaN
1.5518e-07	NaN
1.6702e-07	NaN
1.8299e-07	NaN
2.0375e-07	NaN
2.2999e-07	NaN
2.6238e-07	NaN
3.0158e-07	NaN
3.4754e-07	NaN
3.9894e-07	NaN
4.543e-07	NaN
5.1215e-07	NaN
5.7101e-07	NaN
6.2941e-07	NaN
6.8588e-07	NaN
7.3894e-07	NaN
7.872e-07	NaN
8.2945e-07	NaN
8.6447e-07	NaN
8.9108e-07	NaN
9.0806e-07	NaN
9.1422e-07	NaN
9.0836e-07	NaN
8.8928e-07	NaN
8.5684e-07	NaN
8.1351e-07	NaN
7.6215e-07	NaN
7.0563e-07	NaN
6.468e-07	NaN
5.8854e-07	NaN
5.337e-07	NaN
4.8514e-07	NaN
4.45e-07	NaN
4.1331e-07	NaN
3.8973e-07	NaN
3.739e-07	NaN
3.6549e-07	NaN
3.6415e-07	NaN
3.6953e-07	NaN
3.813e-07	NaN
3.9909e-07	NaN
4.2258e-07	NaN
4.5142e-07	NaN
4.8525e-07	NaN
5.2374e-07	NaN
5.6654e-07	NaN
6.1331e-07	NaN
