1.0316e-07	NaN
1.0203e-07	NaN
9.8088e-08	NaN
9.1025e-08	NaN
5.148e-08	NaN
5.1231e-08	NaN
5.169e-08	NaN
5.2748e-08	NaN
5.4294e-08	NaN
5.6219e-08	NaN
5.8414e-08	NaN
6.0768e-08	NaN
6.3173e-08	NaN
6.5519e-08	NaN
6.7695e-08	NaN
6.9594e-08	NaN
7.1104e-08	NaN
7.2116e-08	NaN
7.2521e-08	NaN
7.2209e-08	NaN
7.1071e-08	NaN
6.9034e-08	NaN
6.6229e-08	NaN
6.2861e-08	NaN
5.9132e-08	NaN
5.5247e-08	NaN
5.1409e-08	NaN
4.782e-08	NaN
4.4685e-08	NaN
4.2175e-08	NaN
4.0245e-08	NaN
3.8761e-08	NaN
3.7593e-08	NaN
3.6606e-08	NaN
3.5669e-08	NaN
3.4649e-08	NaN
3.3413e-08	NaN
3.1839e-08	NaN
2.9886e-08	NaN
2.7554e-08	NaN
2.4841e-08	NaN
2.1745e-08	NaN
1.8267e-08	NaN
1.4404e-08	NaN
1.0156e-08	NaN
5.586e-09	NaN
1.3703e-09	NaN
1.476e-09	NaN
1.9346e-09	NaN
1.0129e-09	NaN
8.3851e-09	NaN
2.12e-08	NaN
4.0477e-08	NaN
6.7227e-08	NaN
1.0239e-07	NaN
1.4686e-07	NaN
2.0152e-07	NaN
2.6728e-07	NaN
3.4501e-07	NaN
4.3562e-07	NaN
5.3999e-07	NaN
6.5893e-07	NaN
7.9186e-07	NaN
9.3722e-07	NaN
1.0934e-06	NaN
1.2589e-06	NaN
1.432e-06	NaN
1.6111e-06	NaN
1.7947e-06	NaN
1.9813e-06	NaN
2.1699e-06	NaN
2.3605e-06	NaN
2.5529e-06	NaN
2.7469e-06	NaN
2.9424e-06	NaN
3.1392e-06	NaN
3.3372e-06	NaN
3.5362e-06	NaN
3.7369e-06	NaN
3.9404e-06	NaN
4.1482e-06	NaN
4.3615e-06	NaN
4.5815e-06	NaN
4.8097e-06	NaN
5.0472e-06	NaN
5.2955e-06	NaN
5.5581e-06	NaN
5.841e-06	NaN
6.1503e-06	NaN
6.4922e-06	NaN
6.8728e-06	NaN
7.2982e-06	NaN
7.7746e-06	NaN
8.308e-06	NaN
8.9007e-06	NaN
9.55e-06	NaN
1.0253e-05	NaN
1.1007e-05	NaN
1.1808e-05	NaN
1.2654e-05	NaN
1.3541e-05	NaN
1.4467e-05	NaN
1.5425e-05	NaN
1.6405e-05	NaN
1.7395e-05	NaN
1.8383e-05	NaN
1.9358e-05	NaN
2.0309e-05	NaN
2.1225e-05	NaN
2.2093e-05	NaN
2.2907e-05	NaN
2.3669e-05	NaN
2.438e-05	NaN
2.5042e-05	NaN
2.5658e-05	NaN
2.6229e-05	NaN
2.6758e-05	NaN
2.7246e-05	NaN
2.7694e-05	NaN
2.81e-05	NaN
2.846e-05	NaN
2.8772e-05	NaN
2.9033e-05	NaN
2.924e-05	NaN
2.939e-05	NaN
2.948e-05	NaN
2.9513e-05	NaN
2.9498e-05	NaN
2.9448e-05	NaN
2.9377e-05	NaN
2.9296e-05	NaN
2.9219e-05	NaN
2.9158e-05	NaN
2.9126e-05	NaN
2.9133e-05	NaN
2.9184e-05	NaN
2.9282e-05	NaN
2.9431e-05	NaN
2.9635e-05	NaN
2.9897e-05	NaN
3.0221e-05	NaN
3.061e-05	NaN
3.1062e-05	NaN
3.1558e-05	NaN
3.2073e-05	NaN
3.2586e-05	NaN
3.3073e-05	NaN
3.3509e-05	NaN
3.3872e-05	NaN
3.4138e-05	NaN
3.4288e-05	NaN
3.4324e-05	NaN
3.4251e-05	NaN
3.4074e-05	NaN
3.3798e-05	NaN
3.3428e-05	NaN
3.2971e-05	NaN
3.243e-05	NaN
3.1813e-05	NaN
3.1131e-05	NaN
3.0396e-05	NaN
2.9621e-05	NaN
2.8817e-05	NaN
2.7999e-05	NaN
2.7177e-05	NaN
2.6365e-05	NaN
2.5573e-05	NaN
2.4803e-05	NaN
2.4049e-05	NaN
2.3311e-05	NaN
2.2585e-05	NaN
2.1868e-05	NaN
2.1157e-05	NaN
2.0449e-05	NaN
1.9741e-05	NaN
1.9031e-05	NaN
1.8315e-05	NaN
1.7592e-05	NaN
1.6859e-05	NaN
1.6112e-05	NaN
1.535e-05	NaN
1.4569e-05	NaN
1.3769e-05	NaN
1.2953e-05	NaN
1.213e-05	NaN
1.1308e-05	NaN
1.0494e-05	NaN
9.6979e-06	NaN
8.9262e-06	NaN
8.1874e-06	NaN
7.4888e-06	NaN
6.8317e-06	NaN
6.214e-06	NaN
5.6338e-06	NaN
5.0891e-06	NaN
4.5777e-06	NaN
4.0977e-06	NaN
3.647e-06	NaN
3.224e-06	NaN
2.8314e-06	NaN
2.4745e-06	NaN
2.1588e-06	NaN
1.8897e-06	NaN
1.6726e-06	NaN
1.5131e-06	NaN
1.4165e-06	NaN
1.3892e-06	NaN
1.4514e-06	NaN
1.6333e-06	NaN
1.9652e-06	NaN
2.4774e-06	NaN
3.2004e-06	NaN
4.1644e-06	NaN
5.3999e-06	NaN
6.9356e-06	NaN
8.773e-06	NaN
1.0891e-05	NaN
1.3267e-05	NaN
1.5879e-05	NaN
1.8706e-05	NaN
2.1724e-05	NaN
2.4913e-05	NaN
2.8249e-05	NaN
3.1686e-05	NaN
3.5158e-05	NaN
3.8595e-05	NaN
4.1931e-05	NaN
4.5098e-05	NaN
4.8026e-05	NaN
5.0648e-05	NaN
5.2898e-05	NaN
5.4754e-05	NaN
5.6249e-05	NaN
5.7414e-05	NaN
5.8283e-05	NaN
5.889e-05	NaN
5.9269e-05	NaN
5.9451e-05	NaN
5.9472e-05	NaN
5.9361e-05	NaN
5.9151e-05	NaN
5.8869e-05	NaN
5.8546e-05	NaN
5.8211e-05	NaN
5.7895e-05	NaN
5.7626e-05	NaN
5.7435e-05	NaN
5.7334e-05	NaN
5.7317e-05	NaN
5.7373e-05	NaN
5.749e-05	NaN
5.766e-05	NaN
5.7871e-05	NaN
5.8114e-05	NaN
5.8378e-05	NaN
5.8647e-05	NaN
5.8901e-05	NaN
5.9114e-05	NaN
5.9265e-05	NaN
5.9329e-05	NaN
5.9283e-05	NaN
5.9104e-05	NaN
5.8769e-05	NaN
5.8271e-05	NaN
5.7639e-05	NaN
5.6904e-05	NaN
5.61e-05	NaN
5.5259e-05	NaN
5.4412e-05	NaN
5.3593e-05	NaN
5.2834e-05	NaN
5.2171e-05	NaN
5.165e-05	NaN
5.1319e-05	NaN
5.1225e-05	NaN
5.1416e-05	NaN
5.1939e-05	NaN
5.2843e-05	NaN
5.4173e-05	NaN
5.5948e-05	NaN
5.8097e-05	NaN
6.0536e-05	NaN
6.3182e-05	NaN
6.5951e-05	NaN
6.8759e-05	NaN
7.1523e-05	NaN
7.4157e-05	NaN
7.6581e-05	NaN
7.872e-05	NaN
8.0503e-05	NaN
8.1855e-05	NaN
8.2706e-05	NaN
8.2981e-05	NaN
8.2609e-05	NaN
8.1517e-05	NaN
7.9672e-05	NaN
7.7189e-05	NaN
7.4221e-05	NaN
7.0919e-05	NaN
6.7436e-05	NaN
6.3923e-05	NaN
6.0533e-05	NaN
5.7417e-05	NaN
5.473e-05	NaN
5.2641e-05	NaN
5.1323e-05	NaN
5.0949e-05	NaN
5.1692e-05	NaN
5.3724e-05	NaN
5.7219e-05	NaN
6.2349e-05	NaN
6.9232e-05	NaN
7.7695e-05	NaN
8.7469e-05	NaN
9.8285e-05	NaN
0.00010987	NaN
0.00012196	NaN
0.00013429	NaN
0.00014657	NaN
0.00015858	NaN
0.00017019	NaN
0.00018138	NaN
0.00019208	NaN
0.00020225	NaN
0.00021184	NaN
0.00022081	NaN
0.00022911	NaN
0.0002367	NaN
0.00024366	NaN
0.00025009	NaN
0.00025612	NaN
0.00026187	NaN
0.00026746	NaN
0.00027299	NaN
0.0002786	NaN
0.00028438	NaN
0.00029034	NaN
0.00029646	NaN
0.00030269	NaN
0.000309	NaN
0.00031534	NaN
0.00032168	NaN
0.00032798	NaN
0.0003342	NaN
0.00034033	NaN
0.00034637	NaN
0.0003523	NaN
0.00035813	NaN
0.00036385	NaN
0.00036946	NaN
0.00037496	NaN
0.00038034	NaN
0.00038558	NaN
0.00039066	NaN
0.00039555	NaN
0.00040024	NaN
0.00040469	NaN
0.00040888	NaN
0.00041279	NaN
0.00041637	NaN
0.00041943	NaN
0.00042158	NaN
0.00042248	NaN
0.00042176	NaN
0.00041904	NaN
0.00041396	NaN
0.00040616	NaN
0.0003953	NaN
0.0003814	NaN
0.00036486	NaN
0.0003461	NaN
0.00032553	NaN
0.00030356	NaN
0.0002806	NaN
0.00025707	NaN
0.00023337	NaN
0.00020983	NaN
0.00018665	NaN
0.00016405	NaN
0.00014224	NaN
0.00012142	NaN
0.00010181	NaN
8.3624e-05	NaN
6.7059e-05	NaN
5.2251e-05	NaN
3.9233e-05	NaN
2.8032e-05	NaN
1.8677e-05	NaN
1.1194e-05	NaN
5.6112e-06	NaN
1.9554e-06	NaN
2.5479e-07	NaN
5.6734e-07	NaN
2.9952e-06	NaN
7.6438e-06	NaN
1.4619e-05	NaN
2.4026e-05	NaN
3.5971e-05	NaN
5.0559e-05	NaN
6.7895e-05	NaN
8.805e-05	NaN
0.00011103	NaN
0.00013684	NaN
0.00016549	NaN
0.00019698	NaN
0.00023131	NaN
0.00026848	NaN
0.0003085	NaN
0.00035105	NaN
0.00039523	NaN
0.00044005	NaN
0.00048451	NaN
0.00052763	NaN
0.00056842	NaN
0.00060589	NaN
0.00063906	NaN
0.00066715	NaN
0.00068993	NaN
0.0007072	NaN
0.00071878	NaN
0.00072449	NaN
0.00072415	NaN
0.00071758	NaN
0.0007046	NaN
0.00068514	NaN
0.00065952	NaN
0.0006281	NaN
0.00059123	NaN
0.00054927	NaN
0.00050258	NaN
0.00045152	NaN
0.00039646	NaN
0.00033821	NaN
0.00027913	NaN
0.00022183	NaN
0.00016894	NaN
0.0001231	NaN
8.6937e-05	NaN
6.3074e-05	NaN
5.4143e-05	NaN
6.4428e-05	NaN
0.00010438	NaN
0.00018588	NaN
0.00032082	NaN
0.00052107	NaN
0.00079854	NaN
0.0011651	NaN
0.0016326	NaN
0.0022174	NaN
0.0029548	NaN
0.0038854	NaN
0.00505	NaN
0.0064893	NaN
0.0082437	NaN
0.010354	NaN
0.012861	NaN
0.015808	NaN
0.019252	NaN
0.023255	NaN
0.027878	NaN
0.033182	NaN
0.03923	NaN
0.046083	NaN
0.053803	NaN
0.062443	NaN
0.072014	NaN
0.082506	NaN
0.093912	NaN
0.10622	-0.62107
0.11943	-0.61857
0.13353	-0.6146
0.14851	-0.60925
0.16437	-0.60261
0.18112	-0.59472
0.19878	-0.58562
0.21737	-0.57534
0.23692	-0.56392
0.25745	-0.5514
0.27898	-0.53782
0.30154	-0.5232
0.32514	-0.5076
0.34971	-0.4911
0.37518	-0.47381
0.40145	-0.45583
0.42843	-0.43728
0.45602	-0.41827
0.48413	-0.3989
0.51266	-0.37929
0.54154	-0.35954
0.57064	-0.33971
0.59984	-0.31982
0.62903	-0.29989
0.65807	-0.27994
0.68686	-0.26001
0.71527	-0.24012
0.74318	-0.22028
0.77047	-0.20054
0.79698	-0.18098
0.82255	-0.16173
0.84702	-0.14295
0.87021	-0.12476
0.89196	-0.10731
0.9121	-0.090733
0.93047	-0.075169
0.9469	-0.060756
0.96127	-0.047602
0.97351	-0.035795
0.98353	-0.025422
0.99127	-0.016569
0.99665	-0.009323
0.99958	-0.0037712
1	0
0.99783	0.001906
0.99315	0.0019086
0.98614	1.2195e-05
0.97701	-0.003777
0.96595	-0.0094527
0.95318	-0.017009
0.93889	-0.026439
0.92329	-0.037738
0.90656	-0.050899
0.8889	-0.065926
0.87044	-0.082836
0.85136	-0.10164
0.83179	-0.12237
0.81189	-0.14502
0.79181	-0.16961
0.77171	-0.19617
0.75173	-0.22471
0.73191	-0.25517
0.71212	-0.28741
0.69225	-0.3213
0.67218	-0.3567
0.65179	-0.39346
0.63094	-0.43144
0.60952	-0.4705
0.5874	-0.51051
0.56454	-0.55162
0.54099	-0.5944
0.51679	-0.63944
0.49201	-0.68735
0.46669	-0.73873
0.44091	-0.79418
0.41471	-0.85429
0.38814	-0.91966
0.36134	-0.98986
0.33454	-1.0628
0.30797	-1.1362
0.28189	-1.2079
0.25653	-1.2755
0.23215	-1.3369
0.20898	-1.3897
0.18727	-1.4318
0.16718	-1.4644
0.14872	-1.4959
0.13189	-1.5351
0.11668	-1.591
0.10308	-1.6727
0.091099	NaN
0.080715	NaN
0.071929	NaN
0.064696	NaN
0.05889	NaN
0.054373	NaN
0.051008	NaN
0.048657	NaN
0.047181	NaN
0.046443	NaN
0.046306	NaN
0.046652	NaN
0.047421	NaN
0.048562	NaN
0.050023	NaN
0.051753	NaN
0.0537	NaN
0.055813	NaN
0.058041	NaN
0.06033	NaN
0.062624	NaN
0.064865	NaN
0.066994	NaN
0.068955	NaN
0.070689	NaN
0.072138	NaN
0.073244	NaN
0.073962	NaN
0.074286	NaN
0.074221	NaN
0.073773	NaN
0.072944	NaN
0.071742	NaN
0.070169	NaN
0.068231	NaN
0.06594	NaN
0.063335	NaN
0.060464	NaN
0.057375	NaN
0.054115	NaN
0.050732	NaN
0.047273	NaN
0.043786	NaN
0.040317	NaN
0.036893	NaN
0.03354	NaN
0.030282	NaN
0.027143	NaN
0.024149	NaN
0.021322	NaN
0.018689	NaN
0.01627	NaN
0.014072	NaN
0.012095	NaN
0.010339	NaN
0.0088056	NaN
0.007494	NaN
0.006405	NaN
0.0055388	NaN
0.0048943	NaN
0.0044605	NaN
0.004222	NaN
0.0041634	NaN
0.0042692	NaN
0.0045241	NaN
0.0049127	NaN
0.0054195	NaN
0.0060289	NaN
0.0067245	NaN
0.0074892	NaN
0.0083059	NaN
0.0091575	NaN
0.010027	NaN
0.010897	NaN
0.011751	NaN
0.012573	NaN
0.013354	NaN
0.014091	NaN
0.014782	NaN
0.015423	NaN
0.016012	NaN
0.016544	NaN
0.017019	NaN
0.017431	NaN
0.017783	NaN
0.018075	NaN
0.018308	NaN
0.018487	NaN
0.018611	NaN
0.018683	NaN
0.018704	NaN
0.018678	NaN
0.018606	NaN
0.018491	NaN
0.018337	NaN
0.018148	NaN
0.017926	NaN
0.017674	NaN
0.017396	NaN
0.017096	NaN
0.016776	NaN
0.016439	NaN
0.016089	NaN
0.015729	NaN
0.015362	NaN
0.01499	NaN
0.014618	NaN
0.014248	NaN
0.013881	NaN
0.013517	NaN
0.013154	NaN
0.012793	NaN
0.012431	NaN
0.012069	NaN
0.011706	NaN
0.011339	NaN
0.01097	NaN
0.010599	NaN
0.010224	NaN
0.0098482	NaN
0.0094701	NaN
0.0090903	NaN
0.0087091	NaN
0.0083267	NaN
0.0079436	NaN
0.0075606	NaN
0.0071787	NaN
0.0067986	NaN
0.0064212	NaN
0.0060475	NaN
0.0056782	NaN
0.0053142	NaN
0.0049566	NaN
0.004607	NaN
0.004267	NaN
0.0039381	NaN
0.0036219	NaN
0.00332	NaN
0.0030339	NaN
0.0027653	NaN
0.0025155	NaN
0.0022856	NaN
0.0020766	NaN
0.0018894	NaN
0.0017252	NaN
0.0015848	NaN
0.0014693	NaN
0.0013797	NaN
0.0013164	NaN
0.0012784	NaN
0.0012645	NaN
0.0012736	NaN
0.0013044	NaN
0.001356	NaN
0.0014269	NaN
0.0015162	NaN
0.0016223	NaN
0.0017432	NaN
0.0018765	NaN
0.0020201	NaN
0.0021716	NaN
0.0023288	NaN
0.0024896	NaN
0.0026515	NaN
0.0028128	NaN
0.0029727	NaN
0.0031304	NaN
0.0032856	NaN
0.0034375	NaN
0.0035857	NaN
0.0037294	NaN
0.0038682	NaN
0.0040016	NaN
0.0041301	NaN
0.0042542	NaN
0.0043747	NaN
0.0044921	NaN
0.004607	NaN
0.0047201	NaN
0.0048319	NaN
0.0049429	NaN
0.0050528	NaN
0.0051611	NaN
0.0052676	NaN
0.0053716	NaN
0.0054728	NaN
0.0055707	NaN
0.005665	NaN
0.0057549	NaN
0.0058391	NaN
0.0059162	NaN
0.0059845	NaN
0.0060425	NaN
0.0060887	NaN
0.0061214	NaN
0.0061392	NaN
0.0061406	NaN
0.0061252	NaN
0.006093	NaN
0.006044	NaN
0.0059781	NaN
0.0058952	NaN
0.0057953	NaN
0.0056785	NaN
0.0055447	NaN
0.0053954	NaN
0.0052322	NaN
0.005057	NaN
0.0048715	NaN
0.0046776	NaN
0.0044771	NaN
0.0042717	NaN
0.0040631	NaN
0.0038525	NaN
0.0036407	NaN
0.0034285	NaN
0.0032169	NaN
0.0030065	NaN
0.0027983	NaN
0.0025932	NaN
0.0023918	NaN
0.002195	NaN
0.0020034	NaN
0.0018178	NaN
0.0016388	NaN
0.0014672	NaN
0.0013036	NaN
0.0011486	NaN
0.0010031	NaN
0.00086735	NaN
0.00074167	NaN
0.00062631	NaN
0.00052153	NaN
0.00042758	NaN
0.00034472	NaN
0.00027322	NaN
0.0002133	NaN
0.00016507	NaN
0.0001285	NaN
0.00010355	NaN
9.0193e-05	NaN
8.8393e-05	NaN
9.8119e-05	NaN
0.00011934	NaN
0.000152	NaN
0.00019568	NaN
0.00024963	NaN
0.00031309	NaN
0.0003853	NaN
0.0004655	NaN
0.00055292	NaN
0.00064681	NaN
0.0007464	NaN
0.00085063	NaN
0.00095821	NaN
0.0010678	NaN
0.0011781	NaN
0.0012877	NaN
0.0013954	NaN
0.0014998	NaN
0.0015997	NaN
0.0016939	NaN
0.0017822	NaN
0.0018639	NaN
0.0019387	NaN
0.0020061	NaN
0.0020656	NaN
0.0021167	NaN
0.002159	NaN
0.0021921	NaN
0.0022157	NaN
0.0022296	NaN
0.0022333	NaN
0.0022267	NaN
0.0022094	NaN
0.0021812	NaN
0.0021417	NaN
0.0020913	NaN
0.0020309	NaN
0.0019616	NaN
0.0018846	NaN
0.0018008	NaN
0.0017115	NaN
0.0016177	NaN
0.0015206	NaN
0.0014212	NaN
0.0013207	NaN
0.0012202	NaN
0.0011209	NaN
0.0010239	NaN
0.00093044	NaN
0.0008416	NaN
0.00075854	NaN
0.00068202	NaN
0.00061194	NaN
0.00054813	NaN
0.00049037	NaN
0.00043847	NaN
0.00039224	NaN
0.00035148	NaN
0.00031599	NaN
0.00028551	NaN
0.00025962	NaN
0.00023787	NaN
0.0002198	NaN
0.00020497	NaN
0.00019293	NaN
0.00018323	NaN
0.00017541	NaN
0.00016908	NaN
0.00016398	NaN
0.00015986	NaN
0.00015648	NaN
0.00015362	NaN
0.00015103	NaN
0.00014848	NaN
0.00014572	NaN
0.00014257	NaN
0.00013897	NaN
0.00013494	NaN
0.00013045	NaN
0.00012549	NaN
0.00012007	NaN
0.00011417	NaN
0.00010778	NaN
0.00010092	NaN
9.3687e-05	NaN
8.622e-05	NaN
7.8644e-05	NaN
7.1088e-05	NaN
6.3682e-05	NaN
5.6554e-05	NaN
4.9833e-05	NaN
4.3629e-05	NaN
3.7954e-05	NaN
3.279e-05	NaN
2.8122e-05	NaN
2.3931e-05	NaN
2.02e-05	NaN
1.6914e-05	NaN
1.4054e-05	NaN
1.1601e-05	NaN
9.5221e-06	NaN
7.78e-06	NaN
6.3364e-06	NaN
5.1535e-06	NaN
4.1936e-06	NaN
3.4188e-06	NaN
2.7912e-06	NaN
2.2756e-06	NaN
1.8541e-06	NaN
1.5157e-06	NaN
1.2499e-06	NaN
1.0459e-06	NaN
8.929e-07	NaN
7.8021e-07	NaN
6.9707e-07	NaN
6.3349e-07	NaN
5.8556e-07	NaN
5.523e-07	NaN
5.3274e-07	NaN
5.2591e-07	NaN
5.3087e-07	NaN
5.4665e-07	NaN
5.7229e-07	NaN
6.0672e-07	NaN
6.4781e-07	NaN
6.9284e-07	NaN
7.3909e-07	NaN
7.8383e-07	NaN
8.2433e-07	NaN
8.5786e-07	NaN
8.817e-07	NaN
8.9337e-07	NaN
8.9329e-07	NaN
8.8382e-07	NaN
8.6732e-07	NaN
8.4616e-07	NaN
8.2273e-07	NaN
7.994e-07	NaN
7.7854e-07	NaN
7.6246e-07	NaN
7.5259e-07	NaN
7.4965e-07	NaN
7.5437e-07	NaN
7.6748e-07	NaN
7.8968e-07	NaN
8.2172e-07	NaN
8.6429e-07	NaN
9.1803e-07	NaN
9.8147e-07	NaN
1.0514e-06	NaN
1.1245e-06	NaN
1.1975e-06	NaN
1.2671e-06	NaN
1.3301e-06	NaN
1.383e-06	NaN
1.4227e-06	NaN
1.4478e-06	NaN
1.4586e-06	NaN
1.4555e-06	NaN
1.4389e-06	NaN
1.4092e-06	NaN
1.367e-06	NaN
1.3125e-06	NaN
1.2463e-06	NaN
1.1695e-06	NaN
1.0844e-06	NaN
9.9328e-07	NaN
8.9825e-07	NaN
8.0161e-07	NaN
7.0557e-07	NaN
6.1239e-07	NaN
5.2427e-07	NaN
4.4284e-07	NaN
3.6888e-07	NaN
3.0315e-07	NaN
2.4639e-07	NaN
1.9932e-07	NaN
1.627e-07	NaN
1.3726e-07	NaN
1.2373e-07	NaN
1.2159e-07	NaN
1.2845e-07	NaN
1.4172e-07	NaN
1.5884e-07	NaN
1.7722e-07	NaN
1.943e-07	NaN
2.0749e-07	NaN
2.1424e-07	NaN
2.1328e-07	NaN
2.0568e-07	NaN
1.9275e-07	NaN
1.7581e-07	NaN
1.5617e-07	NaN
1.3517e-07	NaN
1.141e-07	NaN
9.4293e-08	NaN
7.6624e-08	NaN
6.1071e-08	NaN
4.7495e-08	NaN
3.5755e-08	NaN
2.5714e-08	NaN
1.7231e-08	NaN
1.0168e-08	NaN
4.3857e-09	NaN
2.041e-10	NaN
3.563e-09	NaN
5.6337e-09	NaN
6.3589e-09	NaN
5.6814e-09	NaN
3.5438e-09	NaN
1.1105e-10	NaN
5.3404e-09	NaN
1.2117e-08	NaN
2.017e-08	NaN
2.9186e-08	NaN
3.8851e-08	NaN
4.8849e-08	NaN
5.8867e-08	NaN
6.8591e-08	NaN
7.7707e-08	NaN
8.59e-08	NaN
9.2856e-08	NaN
9.8261e-08	NaN
1.018e-07	NaN
