1.7517e-07	NaN
1.5505e-07	NaN
1.2806e-07	NaN
3.2782e-08	NaN
3.1499e-08	NaN
3.0679e-08	NaN
3.0287e-08	NaN
3.0285e-08	NaN
3.0638e-08	NaN
3.1309e-08	NaN
3.2262e-08	NaN
3.3461e-08	NaN
3.4869e-08	NaN
3.645e-08	NaN
3.8167e-08	NaN
3.9985e-08	NaN
4.1867e-08	NaN
4.3777e-08	NaN
4.5678e-08	NaN
4.7534e-08	NaN
4.9334e-08	NaN
5.1207e-08	NaN
5.333e-08	NaN
5.5881e-08	NaN
5.9038e-08	NaN
6.2979e-08	NaN
6.7881e-08	NaN
7.3921e-08	NaN
8.1255e-08	NaN
8.9894e-08	NaN
9.9787e-08	NaN
1.1089e-07	NaN
1.2314e-07	NaN
1.365e-07	NaN
1.5092e-07	NaN
1.6634e-07	NaN
1.8275e-07	NaN
2.0028e-07	NaN
2.1916e-07	NaN
2.3963e-07	NaN
2.619e-07	NaN
2.8622e-07	NaN
3.1279e-07	NaN
3.4187e-07	NaN
3.737e-07	NaN
4.0886e-07	NaN
4.481e-07	NaN
4.9219e-07	NaN
5.4186e-07	NaN
5.9787e-07	NaN
6.6098e-07	NaN
7.3193e-07	NaN
8.1132e-07	NaN
8.9783e-07	NaN
9.8896e-07	NaN
1.0821e-06	NaN
1.1748e-06	NaN
1.2645e-06	NaN
1.3487e-06	NaN
1.4247e-06	NaN
1.4901e-06	NaN
1.5437e-06	NaN
1.5849e-06	NaN
1.6132e-06	NaN
1.6283e-06	NaN
1.6295e-06	NaN
1.6165e-06	NaN
1.5889e-06	NaN
1.5461e-06	NaN
1.4893e-06	NaN
1.4206e-06	NaN
1.3424e-06	NaN
1.2569e-06	NaN
1.1663e-06	NaN
1.073e-06	NaN
9.7915e-07	NaN
8.8708e-07	NaN
7.9849e-07	NaN
7.146e-07	NaN
6.3662e-07	NaN
5.6574e-07	NaN
5.0316e-07	NaN
4.5009e-07	NaN
4.0772e-07	NaN
3.7725e-07	NaN
3.5945e-07	NaN
3.5465e-07	NaN
3.6315e-07	NaN
3.8525e-07	NaN
4.2124e-07	NaN
4.7142e-07	NaN
5.361e-07	NaN
6.1558e-07	NaN
7.1038e-07	NaN
8.2135e-07	NaN
9.4933e-07	NaN
1.0952e-06	NaN
1.2598e-06	NaN
1.4439e-06	NaN
1.6485e-06	NaN
1.8744e-06	NaN
2.1216e-06	NaN
2.3891e-06	NaN
2.6757e-06	NaN
2.9803e-06	NaN
3.3017e-06	NaN
3.6386e-06	NaN
3.9901e-06	NaN
4.3548e-06	NaN
4.7341e-06	NaN
5.1336e-06	NaN
5.5591e-06	NaN
6.0167e-06	NaN
6.5124e-06	NaN
7.052e-06	NaN
7.6417e-06	NaN
8.2874e-06	NaN
8.991e-06	NaN
9.7466e-06	NaN
1.0547e-05	NaN
1.1385e-05	NaN
1.2255e-05	NaN
1.3148e-05	NaN
1.4058e-05	NaN
1.4977e-05	NaN
1.5896e-05	NaN
1.6797e-05	NaN
1.7661e-05	NaN
1.8469e-05	NaN
1.9201e-05	NaN
1.984e-05	NaN
2.0366e-05	NaN
2.076e-05	NaN
2.101e-05	NaN
2.1125e-05	NaN
2.1114e-05	NaN
2.0989e-05	NaN
2.076e-05	NaN
2.044e-05	NaN
2.0038e-05	NaN
1.9566e-05	NaN
1.904e-05	NaN
1.8495e-05	NaN
1.7968e-05	NaN
1.7498e-05	NaN
1.7122e-05	NaN
1.688e-05	NaN
1.6808e-05	NaN
1.6945e-05	NaN
1.7336e-05	NaN
1.8053e-05	NaN
1.9176e-05	NaN
2.0783e-05	NaN
2.2953e-05	NaN
2.5765e-05	NaN
2.9299e-05	NaN
3.3632e-05	NaN
3.8843e-05	NaN
4.5001e-05	NaN
5.2171e-05	NaN
6.042e-05	NaN
6.9816e-05	NaN
8.0424e-05	NaN
9.2311e-05	NaN
0.00010554	NaN
0.00012019	NaN
0.00013631	NaN
0.00015399	NaN
0.00017327	NaN
0.00019424	NaN
0.00021695	NaN
0.00024149	NaN
0.0002679	NaN
0.00029623	NaN
0.00032626	NaN
0.00035769	NaN
0.00039021	NaN
0.00042351	NaN
0.00045729	NaN
0.00049123	NaN
0.00052504	NaN
0.00055841	NaN
0.00059106	NaN
0.00062271	NaN
0.00065308	NaN
0.0006819	NaN
0.00070891	NaN
0.00073381	NaN
0.00075634	NaN
0.00077626	NaN
0.00079366	NaN
0.00080884	NaN
0.00082207	NaN
0.00083363	NaN
0.00084382	NaN
0.00085291	NaN
0.00086118	NaN
0.00086891	NaN
0.00087626	NaN
0.00088331	NaN
0.00089014	NaN
0.00089683	NaN
0.00090347	NaN
0.00091015	NaN
0.00091693	NaN
0.00092391	NaN
0.00093101	NaN
0.0009381	NaN
0.00094503	NaN
0.00095165	NaN
0.0009578	NaN
0.00096334	NaN
0.00096811	NaN
0.00097199	NaN
0.00097499	NaN
0.00097727	NaN
0.00097901	NaN
0.00098037	NaN
0.00098151	NaN
0.0009826	NaN
0.00098382	NaN
0.00098531	NaN
0.00098721	NaN
0.0009896	NaN
0.00099254	NaN
0.00099611	NaN
0.0010004	NaN
0.0010055	NaN
0.0010114	NaN
0.0010183	NaN
0.0010261	NaN
0.0010347	NaN
0.001044	NaN
0.001054	NaN
0.0010644	NaN
0.0010753	NaN
0.0010864	NaN
0.0010978	NaN
0.0011092	NaN
0.0011205	NaN
0.0011315	NaN
0.0011421	NaN
0.0011521	NaN
0.0011612	NaN
0.0011694	NaN
0.0011765	NaN
0.0011823	NaN
0.0011866	NaN
0.0011893	NaN
0.0011902	NaN
0.001189	NaN
0.0011857	NaN
0.0011801	NaN
0.0011719	NaN
0.0011612	NaN
0.0011479	NaN
0.0011324	NaN
0.0011146	NaN
0.0010948	NaN
0.001073	NaN
0.0010494	NaN
0.001024	NaN
0.00099723	NaN
0.00096928	NaN
0.00094054	NaN
0.00091139	NaN
0.00088218	NaN
0.00085327	NaN
0.00082504	NaN
0.00079784	NaN
0.00077188	NaN
0.00074705	NaN
0.00072316	NaN
0.00070003	NaN
0.00067749	NaN
0.00065536	NaN
0.00063347	NaN
0.00061163	NaN
0.00058973	NaN
0.00056778	NaN
0.00054584	NaN
0.00052395	NaN
0.00050216	NaN
0.00048052	NaN
0.00045908	NaN
0.00043789	NaN
0.00041705	NaN
0.00039685	NaN
0.0003776	NaN
0.00035961	NaN
0.00034321	NaN
0.00032872	NaN
0.00031644	NaN
0.00030671	NaN
0.00029973	NaN
0.00029536	NaN
0.00029334	NaN
0.00029344	NaN
0.0002954	NaN
0.00029899	NaN
0.00030395	NaN
0.00031005	NaN
0.00031703	NaN
0.0003246	NaN
0.00033247	NaN
0.00034034	NaN
0.00034791	NaN
0.0003549	NaN
0.000361	NaN
0.00036591	NaN
0.00036941	NaN
0.00037156	NaN
0.00037256	NaN
0.00037259	NaN
0.00037184	NaN
0.00037048	NaN
0.0003687	NaN
0.00036669	NaN
0.00036461	NaN
0.0003626	NaN
0.00036073	NaN
0.00035909	NaN
0.00035777	NaN
0.00035687	NaN
0.00035647	NaN
0.00035666	NaN
0.00035752	NaN
0.00035906	NaN
0.00036125	NaN
0.00036406	NaN
0.00036748	NaN
0.00037146	NaN
0.00037599	NaN
0.00038104	NaN
0.00038658	NaN
0.00039254	NaN
0.00039882	NaN
0.00040533	NaN
0.00041199	NaN
0.0004187	NaN
0.00042536	NaN
0.00043189	NaN
0.00043819	NaN
0.0004441	NaN
0.00044943	NaN
0.00045399	NaN
0.00045757	NaN
0.00045999	NaN
0.00046105	NaN
0.00046055	NaN
0.00045832	NaN
0.00045436	NaN
0.00044877	NaN
0.0004417	NaN
0.00043326	NaN
0.00042358	NaN
0.00041278	NaN
0.00040099	NaN
0.00038834	NaN
0.00037497	NaN
0.00036102	NaN
0.00034664	NaN
0.000332	NaN
0.00031722	NaN
0.00030248	NaN
0.00028791	NaN
0.00027367	NaN
0.00025974	NaN
0.00024599	NaN
0.00023227	NaN
0.00021843	NaN
0.00020433	NaN
0.00018982	NaN
0.00017475	NaN
0.00015898	NaN
0.00014259	NaN
0.00012589	NaN
0.00010918	NaN
9.2793e-05	NaN
7.7041e-05	NaN
6.2243e-05	NaN
4.8717e-05	NaN
3.6777e-05	NaN
2.6618e-05	NaN
1.8285e-05	NaN
1.1813e-05	NaN
7.2341e-06	NaN
4.5841e-06	NaN
3.897e-06	NaN
5.2071e-06	NaN
8.5467e-06	NaN
1.385e-05	NaN
2.0904e-05	NaN
2.9488e-05	NaN
3.9377e-05	NaN
5.035e-05	NaN
6.2183e-05	NaN
7.4653e-05	NaN
8.754e-05	NaN
0.00010074	NaN
0.00011437	NaN
0.00012856	NaN
0.00014342	NaN
0.0001591	NaN
0.00017572	NaN
0.00019341	NaN
0.0002123	NaN
0.00023253	NaN
0.00025426	NaN
0.00027769	NaN
0.00030297	NaN
0.00033028	NaN
0.0003598	NaN
0.00039169	NaN
0.00042613	NaN
0.00046281	NaN
0.0005003	NaN
0.00053704	NaN
0.00057144	NaN
0.00060192	NaN
0.00062692	NaN
0.00064484	NaN
0.00065413	NaN
0.00065389	NaN
0.00064506	NaN
0.00062889	NaN
0.00060664	NaN
0.00057957	NaN
0.00054892	NaN
0.00051595	NaN
0.00048191	NaN
0.00044872	NaN
0.00042045	NaN
0.00040156	NaN
0.00039654	NaN
0.00040985	NaN
0.00044597	NaN
0.00050937	NaN
0.00060453	NaN
0.00073671	NaN
0.00091411	NaN
0.0011456	NaN
0.0014401	NaN
0.0018065	NaN
0.0022536	NaN
0.0027903	NaN
0.0034255	NaN
0.0041714	NaN
0.005054	NaN
0.0061034	NaN
0.0073498	NaN
0.0088231	NaN
0.010553	NaN
0.012571	NaN
0.014905	NaN
0.017589	NaN
0.020669	NaN
0.024195	NaN
0.028217	NaN
0.032786	NaN
0.037952	NaN
0.043765	NaN
0.050276	NaN
0.05753	NaN
0.065541	NaN
0.074312	NaN
0.083846	NaN
0.094145	NaN
0.10521	-0.59854
0.11705	-0.5978
0.12966	-0.5954
0.14306	-0.59144
0.15724	-0.586
0.17225	-0.57915
0.1881	-0.57096
0.20483	-0.56151
0.22244	-0.55086
0.24097	-0.53909
0.26045	-0.52627
0.28088	-0.51246
0.30226	-0.49777
0.32453	-0.4823
0.34765	-0.46615
0.37157	-0.44942
0.39627	-0.43222
0.42168	-0.41465
0.44777	-0.39681
0.47449	-0.3788
0.50175	-0.36065
0.52945	-0.34236
0.55747	-0.32393
0.58572	-0.30534
0.61408	-0.28658
0.64245	-0.26766
0.67071	-0.24857
0.69875	-0.2293
0.72646	-0.20994
0.75371	-0.19062
0.78036	-0.17149
0.80628	-0.15268
0.83134	-0.13434
0.85541	-0.11659
0.87836	-0.099593
0.90005	-0.083472
0.92028	-0.068355
0.93881	-0.054354
0.95537	-0.041579
0.96973	-0.030142
0.98162	-0.020154
0.9908	-0.011728
0.997	-0.0049733
1	0
0.99979	0.0031321
0.9966	0.0044084
0.99065	0.0038161
0.9822	0.0013423
0.97146	-0.0030259
0.95868	-0.0093013
0.94408	-0.017497
0.9279	-0.027625
0.91037	-0.039706
0.89172	-0.053764
0.87217	-0.069826
0.85195	-0.087917
0.83128	-0.10806
0.8104	-0.13029
0.78951	-0.15462
0.76885	-0.18108
0.74847	-0.20962
0.72822	-0.24006
0.70794	-0.27223
0.68746	-0.30598
0.66663	-0.34112
0.64527	-0.3775
0.62322	-0.41493
0.60033	-0.45326
0.57653	-0.49264
0.55193	-0.53368
0.52661	-0.57704
0.5007	-0.62336
0.47429	-0.67328
0.44749	-0.72746
0.42039	-0.78653
0.39312	-0.85115
0.3658	-0.92089
0.33864	-0.99363
0.31186	-1.0671
0.28566	-1.1389
0.26024	-1.2069
0.23583	-1.2687
0.21263	-1.322
0.19084	-1.3646
0.17062	-1.3978
0.15197	-1.4297
0.13492	-1.4696
0.11946	-1.5263
0.10559	-1.609
0.093329	NaN
0.082676	NaN
0.073636	NaN
0.066171	NaN
0.060148	NaN
0.055421	NaN
0.051842	NaN
0.049263	NaN
0.04754	NaN
0.046524	NaN
0.046068	NaN
0.046053	NaN
0.046429	NaN
0.047158	NaN
0.048202	NaN
0.049523	NaN
0.051083	NaN
0.052843	NaN
0.054767	NaN
0.056811	NaN
0.058925	NaN
0.061055	NaN
0.063146	NaN
0.065144	NaN
0.066996	NaN
0.068648	NaN
0.070046	NaN
0.071144	NaN
0.071925	NaN
0.072381	NaN
0.072502	NaN
0.072278	NaN
0.071701	NaN
0.07076	NaN
0.069446	NaN
0.067757	NaN
0.065727	NaN
0.063398	NaN
0.060812	NaN
0.05801	NaN
0.055035	NaN
0.051929	NaN
0.048734	NaN
0.045489	NaN
0.042223	NaN
0.038959	NaN
0.03572	NaN
0.032531	NaN
0.029416	NaN
0.026397	NaN
0.023498	NaN
0.020743	NaN
0.018149	NaN
0.015731	NaN
0.013505	NaN
0.011484	NaN
0.009686	NaN
0.0081246	NaN
0.0068154	NaN
0.0057707	NaN
0.0049817	NaN
0.0044302	NaN
0.0040982	NaN
0.0039674	NaN
0.0040198	NaN
0.0042373	NaN
0.0046017	NaN
0.0050949	NaN
0.0056991	NaN
0.0063967	NaN
0.00717	NaN
0.0080013	NaN
0.0088731	NaN
0.0097675	NaN
0.010667	NaN
0.011555	NaN
0.01242	NaN
0.013256	NaN
0.014058	NaN
0.014817	NaN
0.015529	NaN
0.016185	NaN
0.016781	NaN
0.01731	NaN
0.01777	NaN
0.018162	NaN
0.018486	NaN
0.018745	NaN
0.018939	NaN
0.01907	NaN
0.019137	NaN
0.019143	NaN
0.01909	NaN
0.018981	NaN
0.01882	NaN
0.01861	NaN
0.018355	NaN
0.018058	NaN
0.017723	NaN
0.017353	NaN
0.016952	NaN
0.016524	NaN
0.016072	NaN
0.015601	NaN
0.015116	NaN
0.014618	NaN
0.014114	NaN
0.013606	NaN
0.013098	NaN
0.01259	NaN
0.012085	NaN
0.011584	NaN
0.011089	NaN
0.0106	NaN
0.010121	NaN
0.0096509	NaN
0.0091921	NaN
0.0087443	NaN
0.0083076	NaN
0.0078818	NaN
0.0074671	NaN
0.0070635	NaN
0.0066709	NaN
0.0062894	NaN
0.005919	NaN
0.0055592	NaN
0.00521	NaN
0.004871	NaN
0.004542	NaN
0.0042227	NaN
0.0039128	NaN
0.0036122	NaN
0.0033212	NaN
0.0030413	NaN
0.0027742	NaN
0.0025215	NaN
0.0022847	NaN
0.0020656	NaN
0.0018657	NaN
0.0016866	NaN
0.00153	NaN
0.0013972	NaN
0.0012899	NaN
0.0012094	NaN
0.0011573	NaN
0.001135	NaN
0.0011441	NaN
0.0011859	NaN
0.0012608	NaN
0.0013664	NaN
0.0015	NaN
0.0016586	NaN
0.0018397	NaN
0.0020405	NaN
0.0022582	NaN
0.0024901	NaN
0.002733	NaN
0.0029834	NaN
0.0032373	NaN
0.0034908	NaN
0.00374	NaN
0.0039811	NaN
0.0042103	NaN
0.0044236	NaN
0.0046179	NaN
0.0047923	NaN
0.0049463	NaN
0.0050795	NaN
0.0051913	NaN
0.0052812	NaN
0.0053489	NaN
0.0053937	NaN
0.0054156	NaN
0.0054163	NaN
0.0053974	NaN
0.0053609	NaN
0.0053086	NaN
0.0052425	NaN
0.0051642	NaN
0.0050758	NaN
0.0049788	NaN
0.0048745	NaN
0.0047637	NaN
0.0046473	NaN
0.0045263	NaN
0.0044016	NaN
0.0042741	NaN
0.0041447	NaN
0.0040144	NaN
0.0038837	NaN
0.0037531	NaN
0.0036233	NaN
0.0034947	NaN
0.0033679	NaN
0.0032434	NaN
0.0031219	NaN
0.0030037	NaN
0.0028891	NaN
0.0027783	NaN
0.0026714	NaN
0.0025685	NaN
0.0024698	NaN
0.0023755	NaN
0.0022856	NaN
0.0022003	NaN
0.0021196	NaN
0.0020432	NaN
0.0019712	NaN
0.0019033	NaN
0.0018394	NaN
0.0017794	NaN
0.0017232	NaN
0.0016706	NaN
0.0016212	NaN
0.0015745	NaN
0.0015301	NaN
0.0014873	NaN
0.0014459	NaN
0.0014051	NaN
0.0013645	NaN
0.0013237	NaN
0.0012824	NaN
0.0012405	NaN
0.0011978	NaN
0.0011542	NaN
0.0011096	NaN
0.001064	NaN
0.0010171	NaN
0.00096883	NaN
0.00091962	NaN
0.00087007	NaN
0.00082078	NaN
0.00077239	NaN
0.00072552	NaN
0.00068081	NaN
0.00063888	NaN
0.00060034	NaN
0.00056546	NaN
0.00053425	NaN
0.00050673	NaN
0.0004829	NaN
0.00046278	NaN
0.00044637	NaN
0.00043368	NaN
0.00042471	NaN
0.00041924	NaN
0.00041686	NaN
0.00041715	NaN
0.00041969	NaN
0.00042406	NaN
0.00042984	NaN
0.00043662	NaN
0.00044397	NaN
0.00045165	NaN
0.00045955	NaN
0.00046761	NaN
0.00047573	NaN
0.00048383	NaN
0.00049182	NaN
0.00049963	NaN
0.00050717	NaN
0.00051442	NaN
0.00052146	NaN
0.00052835	NaN
0.00053517	NaN
0.00054198	NaN
0.00054888	NaN
0.00055591	NaN
0.00056316	NaN
0.00057063	NaN
0.00057821	NaN
0.0005858	NaN
0.00059328	NaN
0.00060057	NaN
0.00060754	NaN
0.00061409	NaN
0.00062011	NaN
0.00062544	NaN
0.00062985	NaN
0.00063308	NaN
0.00063488	NaN
0.000635	NaN
0.0006332	NaN
0.00062922	NaN
0.00062282	NaN
0.00061389	NaN
0.00060257	NaN
0.00058904	NaN
0.00057348	NaN
0.00055607	NaN
0.00053697	NaN
0.00051637	NaN
0.00049443	NaN
0.0004714	NaN
0.00044759	NaN
0.00042337	NaN
0.00039906	NaN
0.00037504	NaN
0.00035163	NaN
0.0003292	NaN
0.00030808	NaN
0.00028853	NaN
0.00027051	NaN
0.00025396	NaN
0.00023882	NaN
0.00022502	NaN
0.0002125	NaN
0.00020119	NaN
0.00019103	NaN
0.00018193	NaN
0.00017377	NaN
0.00016642	NaN
0.00015973	NaN
0.00015357	NaN
0.00014781	NaN
0.0001423	NaN
0.00013691	NaN
0.00013155	NaN
0.0001262	NaN
0.00012091	NaN
0.0001157	NaN
0.0001106	NaN
0.00010565	NaN
0.00010086	NaN
9.628e-05	NaN
9.1919e-05	NaN
8.7756e-05	NaN
8.3757e-05	NaN
7.9888e-05	NaN
7.6114e-05	NaN
7.2401e-05	NaN
6.8716e-05	NaN
6.5024e-05	NaN
6.1298e-05	NaN
5.7541e-05	NaN
5.3767e-05	NaN
4.999e-05	NaN
4.6223e-05	NaN
4.2479e-05	NaN
3.8773e-05	NaN
3.5117e-05	NaN
3.1527e-05	NaN
2.8031e-05	NaN
2.4658e-05	NaN
2.1441e-05	NaN
1.841e-05	NaN
1.5596e-05	NaN
1.303e-05	NaN
1.0742e-05	NaN
8.7599e-06	NaN
7.0697e-06	NaN
5.6442e-06	NaN
4.4556e-06	NaN
3.476e-06	NaN
2.6777e-06	NaN
2.0329e-06	NaN
1.5138e-06	NaN
1.0941e-06	NaN
7.5976e-07	NaN
5.0287e-07	NaN
3.1538e-07	NaN
1.8931e-07	NaN
1.1668e-07	NaN
8.9491e-08	NaN
9.9758e-08	NaN
1.3973e-07	NaN
2.0402e-07	NaN
2.8856e-07	NaN
3.8929e-07	NaN
5.0216e-07	NaN
6.2312e-07	NaN
7.4812e-07	NaN
8.7309e-07	NaN
9.9416e-07	NaN
1.1094e-06	NaN
1.2181e-06	NaN
1.3198e-06	NaN
1.4137e-06	NaN
1.4992e-06	NaN
1.5757e-06	NaN
1.6426e-06	NaN
1.6992e-06	NaN
1.7452e-06	NaN
1.7802e-06	NaN
1.8038e-06	NaN
1.8159e-06	NaN
1.816e-06	NaN
1.8039e-06	NaN
1.7793e-06	NaN
1.7419e-06	NaN
1.6924e-06	NaN
1.6324e-06	NaN
1.5636e-06	NaN
1.4876e-06	NaN
1.406e-06	NaN
1.3204e-06	NaN
1.2324e-06	NaN
1.1437e-06	NaN
1.0556e-06	NaN
9.6941e-07	NaN
8.8625e-07	NaN
8.0735e-07	NaN
7.3387e-07	NaN
6.6703e-07	NaN
6.0801e-07	NaN
5.5797e-07	NaN
5.169e-07	NaN
4.8346e-07	NaN
4.5621e-07	NaN
4.3374e-07	NaN
4.1461e-07	NaN
3.9739e-07	NaN
3.8067e-07	NaN
3.6305e-07	NaN
3.4455e-07	NaN
3.271e-07	NaN
3.1277e-07	NaN
3.0362e-07	NaN
3.0173e-07	NaN
3.0917e-07	NaN
3.2799e-07	NaN
3.6024e-07	NaN
4.0588e-07	NaN
4.6166e-07	NaN
5.2407e-07	NaN
5.8956e-07	NaN
6.5462e-07	NaN
7.1571e-07	NaN
7.6931e-07	NaN
8.119e-07	NaN
8.4139e-07	NaN
8.5825e-07	NaN
8.632e-07	NaN
8.5698e-07	NaN
8.4034e-07	NaN
8.1399e-07	NaN
7.7869e-07	NaN
7.3516e-07	NaN
6.8449e-07	NaN
6.2848e-07	NaN
5.6903e-07	NaN
5.0802e-07	NaN
4.4736e-07	NaN
3.8894e-07	NaN
3.3465e-07	NaN
2.8639e-07	NaN
2.4543e-07	NaN
2.1153e-07	NaN
1.8421e-07	NaN
1.6299e-07	NaN
1.474e-07	NaN
1.3696e-07	NaN
1.312e-07	NaN
1.2964e-07	NaN
1.3176e-07	NaN
1.3687e-07	NaN
1.4427e-07	NaN
1.5326e-07	NaN
1.6312e-07	NaN
1.7317e-07	NaN
1.8268e-07	NaN
1.9095e-07	NaN
1.9729e-07	NaN
2.0098e-07	NaN
2.0132e-07	NaN
1.976e-07	NaN
1.8912e-07	NaN
