3.0917e-07	NaN
3.2266e-07	NaN
3.3384e-07	NaN
3.4262e-07	NaN
3.4893e-07	NaN
3.5267e-07	NaN
3.5377e-07	NaN
3.5214e-07	NaN
3.4769e-07	NaN
3.4035e-07	NaN
3.3002e-07	NaN
3.1662e-07	NaN
3.0007e-07	NaN
2.8029e-07	NaN
2.5719e-07	NaN
2.3084e-07	NaN
2.0213e-07	NaN
1.7225e-07	NaN
1.4239e-07	NaN
1.1375e-07	NaN
8.749e-08	NaN
6.4817e-08	NaN
4.6915e-08	NaN
3.476e-08	NaN
2.7946e-08	NaN
2.5498e-08	NaN
2.6443e-08	NaN
2.9808e-08	NaN
3.4618e-08	NaN
3.99e-08	NaN
4.4679e-08	NaN
4.8091e-08	NaN
5.0137e-08	NaN
5.1226e-08	NaN
5.1773e-08	NaN
5.2189e-08	NaN
5.2889e-08	NaN
5.4285e-08	NaN
5.679e-08	NaN
6.0746e-08	NaN
6.5818e-08	NaN
7.1296e-08	NaN
7.6468e-08	NaN
8.0621e-08	NaN
8.3041e-08	NaN
8.3016e-08	NaN
7.9832e-08	NaN
7.2886e-08	NaN
6.2838e-08	NaN
5.1155e-08	NaN
3.932e-08	NaN
2.8815e-08	NaN
2.112e-08	NaN
1.7717e-08	NaN
2.0089e-08	NaN
2.9663e-08	NaN
4.7122e-08	NaN
7.2592e-08	NaN
1.0619e-07	NaN
1.4802e-07	NaN
1.9821e-07	NaN
2.5687e-07	NaN
3.241e-07	NaN
3.9996e-07	NaN
4.8304e-07	NaN
5.7077e-07	NaN
6.6049e-07	NaN
7.4958e-07	NaN
8.3541e-07	NaN
9.1533e-07	NaN
9.8671e-07	NaN
1.047e-06	NaN
1.0952e-06	NaN
1.1321e-06	NaN
1.1584e-06	NaN
1.1747e-06	NaN
1.1819e-06	NaN
1.1807e-06	NaN
1.1719e-06	NaN
1.1561e-06	NaN
1.1353e-06	NaN
1.1123e-06	NaN
1.0903e-06	NaN
1.0721e-06	NaN
1.0609e-06	NaN
1.0597e-06	NaN
1.0715e-06	NaN
1.0994e-06	NaN
1.1466e-06	NaN
1.2167e-06	NaN
1.3134e-06	NaN
1.4403e-06	NaN
1.6011e-06	NaN
1.7994e-06	NaN
2.0388e-06	NaN
2.3231e-06	NaN
2.6553e-06	NaN
3.0381e-06	NaN
3.474e-06	NaN
3.9656e-06	NaN
4.5153e-06	NaN
5.1258e-06	NaN
5.7996e-06	NaN
6.5393e-06	NaN
7.3502e-06	NaN
8.2429e-06	NaN
9.2285e-06	NaN
1.0318e-05	NaN
1.1523e-05	NaN
1.2853e-05	NaN
1.4321e-05	NaN
1.5937e-05	NaN
1.7713e-05	NaN
1.9664e-05	NaN
2.1804e-05	NaN
2.4148e-05	NaN
2.671e-05	NaN
2.9505e-05	NaN
3.2547e-05	NaN
3.5852e-05	NaN
3.9435e-05	NaN
4.3319e-05	NaN
4.7525e-05	NaN
5.2076e-05	NaN
5.6994e-05	NaN
6.2301e-05	NaN
6.802e-05	NaN
7.4172e-05	NaN
8.0775e-05	NaN
8.783e-05	NaN
9.5335e-05	NaN
0.00010329	NaN
0.00011169	NaN
0.00012055	NaN
0.00012984	NaN
0.00013959	NaN
0.00014977	NaN
0.00016035	NaN
0.0001713	NaN
0.00018257	NaN
0.00019412	NaN
0.00020593	NaN
0.00021794	NaN
0.00023013	NaN
0.00024244	NaN
0.00025485	NaN
0.00026731	NaN
0.00027978	NaN
0.00029223	NaN
0.00030462	NaN
0.0003169	NaN
0.00032904	NaN
0.00034098	NaN
0.00035259	NaN
0.00036368	NaN
0.0003741	NaN
0.00038368	NaN
0.00039224	NaN
0.00039964	NaN
0.00040569	NaN
0.00041026	NaN
0.00041341	NaN
0.00041524	NaN
0.00041586	NaN
0.00041539	NaN
0.00041393	NaN
0.00041159	NaN
0.00040849	NaN
0.00040473	NaN
0.00040038	NaN
0.00039552	NaN
0.00039019	NaN
0.00038446	NaN
0.0003784	NaN
0.00037206	NaN
0.00036552	NaN
0.00035884	NaN
0.00035211	NaN
0.00034545	NaN
0.00033898	NaN
0.00033281	NaN
0.00032706	NaN
0.00032183	NaN
0.00031726	NaN
0.00031344	NaN
0.00031048	NaN
0.00030845	NaN
0.00030744	NaN
0.00030755	NaN
0.00030884	NaN
0.00031141	NaN
0.00031534	NaN
0.00032072	NaN
0.00032757	NaN
0.00033591	NaN
0.00034576	NaN
0.00035711	NaN
0.00036998	NaN
0.00038439	NaN
0.00040033	NaN
0.00041783	NaN
0.000437	NaN
0.00045803	NaN
0.00048109	NaN
0.00050639	NaN
0.0005341	NaN
0.0005644	NaN
0.0005975	NaN
0.00063356	NaN
0.00067279	NaN
0.00071538	NaN
0.00076154	NaN
0.00081145	NaN
0.00086533	NaN
0.00092336	NaN
0.00098574	NaN
0.0010527	NaN
0.0011241	NaN
0.0011997	NaN
0.0012793	NaN
0.0013624	NaN
0.0014489	NaN
0.0015384	NaN
0.0016307	NaN
0.0017254	NaN
0.0018222	NaN
0.0019206	NaN
0.0020201	NaN
0.0021204	NaN
0.0022208	NaN
0.002321	NaN
0.0024204	NaN
0.0025187	NaN
0.0026154	NaN
0.00271	NaN
0.0028022	NaN
0.0028915	NaN
0.0029776	NaN
0.0030599	NaN
0.0031382	NaN
0.003212	NaN
0.0032811	NaN
0.0033456	NaN
0.0034055	NaN
0.003461	NaN
0.0035122	NaN
0.0035591	NaN
0.0036019	NaN
0.0036406	NaN
0.0036756	NaN
0.0037072	NaN
0.0037362	NaN
0.003763	NaN
0.0037881	NaN
0.0038121	NaN
0.0038355	NaN
0.0038589	NaN
0.0038827	NaN
0.0039071	NaN
0.003932	NaN
0.0039578	NaN
0.0039843	NaN
0.0040119	NaN
0.0040406	NaN
0.0040704	NaN
0.0041017	NaN
0.0041348	NaN
0.0041701	NaN
0.0042082	NaN
0.0042494	NaN
0.0042943	NaN
0.0043432	NaN
0.0043965	NaN
0.0044546	NaN
0.0045166	NaN
0.0045819	NaN
0.0046498	NaN
0.0047193	NaN
0.0047898	NaN
0.0048605	NaN
0.0049307	NaN
0.0049995	NaN
0.005066	NaN
0.0051293	NaN
0.0051884	NaN
0.0052425	NaN
0.0052906	NaN
0.0053318	NaN
0.0053651	NaN
0.0053897	NaN
0.0054054	NaN
0.0054123	NaN
0.0054101	NaN
0.0053989	NaN
0.0053786	NaN
0.005349	NaN
0.0053102	NaN
0.0052622	NaN
0.0052052	NaN
0.0051396	NaN
0.0050658	NaN
0.0049841	NaN
0.004895	NaN
0.0047988	NaN
0.0046959	NaN
0.0045868	NaN
0.0044726	NaN
0.0043546	NaN
0.0042341	NaN
0.0041125	NaN
0.003991	NaN
0.003871	NaN
0.0037538	NaN
0.0036405	NaN
0.0035315	NaN
0.0034268	NaN
0.0033263	NaN
0.0032301	NaN
0.0031381	NaN
0.0030503	NaN
0.0029667	NaN
0.0028873	NaN
0.0028123	NaN
0.0027418	NaN
0.0026761	NaN
0.0026154	NaN
0.0025598	NaN
0.0025096	NaN
0.002465	NaN
0.0024261	NaN
0.0023928	NaN
0.0023646	NaN
0.0023412	NaN
0.0023222	NaN
0.0023072	NaN
0.0022958	NaN
0.0022876	NaN
0.0022821	NaN
0.0022786	NaN
0.0022756	NaN
0.0022721	NaN
0.0022668	NaN
0.0022586	NaN
0.0022461	NaN
0.0022282	NaN
0.0022037	NaN
0.0021722	NaN
0.0021337	NaN
0.0020883	NaN
0.002036	NaN
0.001977	NaN
0.0019111	NaN
0.0018386	NaN
0.0017595	NaN
0.0016746	NaN
0.0015852	NaN
0.0014927	NaN
0.0013985	NaN
0.0013038	NaN
0.00121	NaN
0.0011186	NaN
0.0010307	NaN
0.00094701	NaN
0.00086747	NaN
0.00079199	NaN
0.00072045	NaN
0.00065277	NaN
0.00058886	NaN
0.00052861	NaN
0.00047193	NaN
0.00041877	NaN
0.00036908	NaN
0.00032283	NaN
0.00027999	NaN
0.00024052	NaN
0.00020439	NaN
0.00017156	NaN
0.00014201	NaN
0.00011567	NaN
9.2416e-05	NaN
7.2146e-05	NaN
5.4744e-05	NaN
4.0097e-05	NaN
2.8093e-05	NaN
1.8618e-05	NaN
1.1562e-05	NaN
6.9311e-06	NaN
4.902e-06	NaN
5.6655e-06	NaN
9.4123e-06	NaN
1.6333e-05	NaN
2.6619e-05	NaN
4.046e-05	NaN
5.8043e-05	NaN
7.9297e-05	NaN
0.00010371	NaN
0.00013071	NaN
0.00015975	NaN
0.00019027	NaN
0.00022172	NaN
0.00025353	NaN
0.00028514	NaN
0.000316	NaN
0.00034556	NaN
0.00037325	NaN
0.00039851	NaN
0.0004208	NaN
0.00043956	NaN
0.00045422	NaN
0.00046424	NaN
0.00046924	NaN
0.00046929	NaN
0.00046449	NaN
0.00045496	NaN
0.00044083	NaN
0.0004222	NaN
0.00039919	NaN
0.00037193	NaN
0.00034071	NaN
0.00030634	NaN
0.00026971	NaN
0.00023172	NaN
0.00019325	NaN
0.00015521	NaN
0.00011846	NaN
8.3922e-05	NaN
5.2659e-05	NaN
2.6347e-05	NaN
6.7755e-06	NaN
4.2661e-06	NaN
4.9884e-06	NaN
6.3981e-06	NaN
3.1683e-05	NaN
7.2655e-05	NaN
0.00013158	NaN
0.0002125	NaN
0.00031987	NaN
0.00045815	NaN
0.00063178	NaN
0.00084523	NaN
0.001103	NaN
0.0014094	NaN
0.0017724	NaN
0.0022145	NaN
0.0027623	NaN
0.0034425	NaN
0.0042817	NaN
0.0053064	NaN
0.0065435	NaN
0.0080194	NaN
0.0097624	NaN
0.011809	NaN
0.014197	NaN
0.016967	NaN
0.020157	NaN
0.023805	NaN
0.027952	NaN
0.032635	NaN
0.037893	NaN
0.043749	NaN
0.050225	NaN
0.057341	NaN
0.065119	NaN
0.073578	NaN
0.08274	NaN
0.092625	NaN
0.10326	-0.68716
0.11468	-0.67864
0.12694	-0.66897
0.1401	-0.6582
0.15421	-0.64639
0.16931	-0.63359
0.18546	-0.61985
0.20272	-0.60523
0.22113	-0.58977
0.24069	-0.57358
0.2614	-0.55679
0.28325	-0.53952
0.30623	-0.52189
0.33032	-0.50404
0.35551	-0.48608
0.38179	-0.46814
0.40914	-0.45033
0.4374	-0.43267
0.46633	-0.41509
0.49571	-0.39753
0.52528	-0.37993
0.55482	-0.36222
0.5841	-0.34436
0.61286	-0.32627
0.64089	-0.3079
0.66811	-0.28926
0.69453	-0.27038
0.72019	-0.25131
0.74511	-0.2321
0.7693	-0.21279
0.79279	-0.19342
0.81562	-0.17405
0.83778	-0.15471
0.85921	-0.13556
0.87973	-0.11683
0.89919	-0.09877
0.91741	-0.081602
0.93424	-0.065565
0.9495	-0.050895
0.96303	-0.037827
0.97466	-0.026593
0.98427	-0.017311
0.99172	-0.0099987
0.9969	-0.0046675
0.9997	-0.0013304
1	0
0.99768	-0.0006889
0.99263	-0.0034096
0.98474	-0.008175
0.97413	-0.015004
0.96114	-0.02392
0.94613	-0.03495
0.92949	-0.048118
0.91155	-0.063449
0.8927	-0.080968
0.87329	-0.1007
0.85369	-0.12267
0.83406	-0.14681
0.81436	-0.17294
0.79451	-0.20088
0.77446	-0.23045
0.75413	-0.26146
0.73345	-0.29374
0.71236	-0.32709
0.69079	-0.36134
0.66869	-0.39662
0.64599	-0.43351
0.62265	-0.47262
0.59863	-0.51455
0.57386	-0.55992
0.54831	-0.60933
0.52192	-0.6634
0.49464	-0.72271
0.46653	-0.78677
0.43782	-0.85323
0.40876	-0.91958
0.37959	-0.98331
0.35057	-1.0419
0.32194	-1.0929
0.29395	-1.1337
0.26685	-1.1619
0.24085	-1.1788
0.21607	-1.193
0.19265	-1.2143
0.17071	-1.2519
0.15037	-1.3156
0.13177	-1.4147
0.11503	-1.5589
0.10027	-1.7576
0.087543	NaN
0.076728	NaN
0.067682	NaN
0.06026	NaN
0.054319	NaN
0.049716	NaN
0.046306	NaN
0.043946	NaN
0.042507	NaN
0.041897	NaN
0.042033	NaN
0.042829	NaN
0.044201	NaN
0.046064	NaN
0.048333	NaN
0.050924	NaN
0.053753	NaN
0.056734	NaN
0.059783	NaN
0.062817	NaN
0.065749	NaN
0.068497	NaN
0.070976	NaN
0.0731	NaN
0.0748	NaN
0.076057	NaN
0.076861	NaN
0.077205	NaN
0.077082	NaN
0.076482	NaN
0.075398	NaN
0.073822	NaN
0.071756	NaN
0.069252	NaN
0.066371	NaN
0.063177	NaN
0.059733	NaN
0.0561	NaN
0.052343	NaN
0.048524	NaN
0.044701	NaN
0.040911	NaN
0.037183	NaN
0.033546	NaN
0.03003	NaN
0.026665	NaN
0.023478	NaN
0.0205	NaN
0.017758	NaN
0.015261	NaN
0.013015	NaN
0.011023	NaN
0.0092901	NaN
0.0078211	NaN
0.0066202	NaN
0.0056918	NaN
0.0050386	NaN
0.0046501	NaN
0.0045101	NaN
0.0046024	NaN
0.0049107	NaN
0.0054189	NaN
0.0061107	NaN
0.0069699	NaN
0.0079794	NaN
0.0091153	NaN
0.01035	NaN
0.011656	NaN
0.013006	NaN
0.014371	NaN
0.015726	NaN
0.017041	NaN
0.018291	NaN
0.019459	NaN
0.020537	NaN
0.021515	NaN
0.022384	NaN
0.023134	NaN
0.023757	NaN
0.024244	NaN
0.024584	NaN
0.024781	NaN
0.024842	NaN
0.024775	NaN
0.024588	NaN
0.024289	NaN
0.023886	NaN
0.023388	NaN
0.022802	NaN
0.022138	NaN
0.021404	NaN
0.020611	NaN
0.019767	NaN
0.018882	NaN
0.017966	NaN
0.017028	NaN
0.016077	NaN
0.015122	NaN
0.01417	NaN
0.013229	NaN
0.012304	NaN
0.011405	NaN
0.010538	NaN
0.0097104	NaN
0.0089295	NaN
0.0081986	NaN
0.0075176	NaN
0.006886	NaN
0.0063031	NaN
0.0057686	NaN
0.0052818	NaN
0.0048424	NaN
0.0044497	NaN
0.0041021	NaN
0.0037965	NaN
0.0035298	NaN
0.0032987	NaN
0.0031001	NaN
0.0029308	NaN
0.0027876	NaN
0.0026675	NaN
0.0025672	NaN
0.002484	NaN
0.0024149	NaN
0.002357	NaN
0.0023074	NaN
0.0022632	NaN
0.0022216	NaN
0.0021796	NaN
0.0021354	NaN
0.0020893	NaN
0.0020414	NaN
0.0019921	NaN
0.0019415	NaN
0.0018899	NaN
0.0018377	NaN
0.001785	NaN
0.0017322	NaN
0.0016794	NaN
0.0016269	NaN
0.0015748	NaN
0.0015235	NaN
0.0014732	NaN
0.0014239	NaN
0.0013761	NaN
0.0013298	NaN
0.0012846	NaN
0.0012402	NaN
0.0011964	NaN
0.0011528	NaN
0.0011091	NaN
0.001065	NaN
0.0010201	NaN
0.00097425	NaN
0.00092741	NaN
0.00087964	NaN
0.00083101	NaN
0.00078155	NaN
0.00073131	NaN
0.00068035	NaN
0.00062871	NaN
0.00057655	NaN
0.00052437	NaN
0.00047274	NaN
0.00042221	NaN
0.00037334	NaN
0.0003267	NaN
0.00028286	NaN
0.00024236	NaN
0.00020565	NaN
0.00017271	NaN
0.00014342	NaN
0.00011765	NaN
9.5283e-05	NaN
7.6206e-05	NaN
6.0294e-05	NaN
4.7429e-05	NaN
3.746e-05	NaN
3.0119e-05	NaN
2.5105e-05	NaN
2.2118e-05	NaN
2.0857e-05	NaN
2.1022e-05	NaN
2.2313e-05	NaN
2.4428e-05	NaN
2.7092e-05	NaN
3.015e-05	NaN
3.3486e-05	NaN
3.6982e-05	NaN
4.0523e-05	NaN
4.399e-05	NaN
4.7268e-05	NaN
5.0239e-05	NaN
5.2796e-05	NaN
5.4883e-05	NaN
5.6465e-05	NaN
5.7506e-05	NaN
5.7971e-05	NaN
5.7824e-05	NaN
5.7029e-05	NaN
5.555e-05	NaN
5.3365e-05	NaN
5.0534e-05	NaN
4.7157e-05	NaN
4.3331e-05	NaN
3.9155e-05	NaN
3.4728e-05	NaN
3.0147e-05	NaN
2.5512e-05	NaN
2.0928e-05	NaN
1.6568e-05	NaN
1.2638e-05	NaN
9.3431e-06	NaN
6.8888e-06	NaN
5.481e-06	NaN
5.3253e-06	NaN
6.6275e-06	NaN
9.5699e-06	NaN
1.4103e-05	NaN
2.0044e-05	NaN
2.7207e-05	NaN
3.5408e-05	NaN
4.4461e-05	NaN
5.4183e-05	NaN
6.4387e-05	NaN
7.4886e-05	NaN
8.5453e-05	NaN
9.5831e-05	NaN
0.00010577	NaN
0.00011501	NaN
0.00012329	NaN
0.00013037	NaN
0.00013598	NaN
0.00013989	NaN
0.00014205	NaN
0.00014258	NaN
0.00014157	NaN
0.00013916	NaN
0.00013545	NaN
0.00013056	NaN
0.0001246	NaN
0.00011769	NaN
0.00010998	NaN
0.00010166	NaN
9.2922e-05	NaN
8.3956e-05	NaN
7.4953e-05	NaN
6.6102e-05	NaN
5.7595e-05	NaN
4.9619e-05	NaN
4.2277e-05	NaN
3.5592e-05	NaN
2.9579e-05	NaN
2.4255e-05	NaN
1.9637e-05	NaN
1.5741e-05	NaN
1.2584e-05	NaN
1.0182e-05	NaN
8.5227e-06	NaN
7.559e-06	NaN
7.2432e-06	NaN
7.527e-06	NaN
8.3624e-06	NaN
9.701e-06	NaN
1.1495e-05	NaN
1.3695e-05	NaN
1.6236e-05	NaN
1.9025e-05	NaN
2.1969e-05	NaN
2.4976e-05	NaN
2.7953e-05	NaN
3.0806e-05	NaN
3.3442e-05	NaN
3.5768e-05	NaN
3.7729e-05	NaN
3.9325e-05	NaN
4.0563e-05	NaN
4.145e-05	NaN
4.1991e-05	NaN
4.2194e-05	NaN
4.2065e-05	NaN
4.161e-05	NaN
4.0847e-05	NaN
3.9812e-05	NaN
3.8544e-05	NaN
3.7082e-05	NaN
3.5464e-05	NaN
3.373e-05	NaN
3.1919e-05	NaN
3.0068e-05	NaN
2.8209e-05	NaN
2.6355e-05	NaN
2.4518e-05	NaN
2.2706e-05	NaN
2.0933e-05	NaN
1.9209e-05	NaN
1.7544e-05	NaN
1.5951e-05	NaN
1.4436e-05	NaN
1.3004e-05	NaN
1.1657e-05	NaN
1.0396e-05	NaN
9.2235e-06	NaN
8.1416e-06	NaN
7.1522e-06	NaN
6.2575e-06	NaN
5.4585e-06	NaN
4.7536e-06	NaN
4.1406e-06	NaN
3.6175e-06	NaN
3.1821e-06	NaN
2.8323e-06	NaN
2.5659e-06	NaN
2.3807e-06	NaN
2.2744e-06	NaN
2.2426e-06	NaN
2.2809e-06	NaN
2.3849e-06	NaN
2.5501e-06	NaN
2.772e-06	NaN
3.0462e-06	NaN
3.3681e-06	NaN
3.7328e-06	NaN
4.1331e-06	NaN
4.5612e-06	NaN
5.0093e-06	NaN
5.4698e-06	NaN
5.9347e-06	NaN
6.3964e-06	NaN
6.8471e-06	NaN
7.2794e-06	NaN
7.6878e-06	NaN
8.0672e-06	NaN
8.4126e-06	NaN
8.7191e-06	NaN
8.9816e-06	NaN
9.1951e-06	NaN
9.3547e-06	NaN
9.4558e-06	NaN
9.4968e-06	NaN
9.4773e-06	NaN
9.3966e-06	NaN
9.2541e-06	NaN
9.0495e-06	NaN
8.782e-06	NaN
8.4511e-06	NaN
8.0574e-06	NaN
7.609e-06	NaN
7.1169e-06	NaN
6.5923e-06	NaN
6.0463e-06	NaN
5.4901e-06	NaN
4.9349e-06	NaN
4.3918e-06	NaN
3.8712e-06	NaN
3.3781e-06	NaN
2.9144e-06	NaN
2.4823e-06	NaN
2.084e-06	NaN
1.7215e-06	NaN
1.3969e-06	NaN
1.1124e-06	NaN
8.6967e-07	NaN
6.6708e-07	NaN
5.0109e-07	NaN
3.6815e-07	NaN
2.6467e-07	NaN
1.8709e-07	NaN
1.3184e-07	NaN
9.5341e-08	NaN
7.4101e-08	NaN
6.5387e-08	NaN
6.6979e-08	NaN
7.6666e-08	NaN
9.2237e-08	NaN
1.1148e-07	NaN
1.3219e-07	NaN
1.5214e-07	NaN
1.6923e-07	NaN
1.826e-07	NaN
1.9239e-07	NaN
1.9876e-07	NaN
2.0187e-07	NaN
2.0188e-07	NaN
1.9893e-07	NaN
1.932e-07	NaN
1.8485e-07	NaN
1.7455e-07	NaN
1.6337e-07	NaN
1.5239e-07	NaN
1.4268e-07	NaN
1.3534e-07	NaN
1.3144e-07	NaN
1.3206e-07	NaN
1.3825e-07	NaN
1.5014e-07	NaN
1.6693e-07	NaN
1.8779e-07	NaN
2.1188e-07	NaN
2.3836e-07	NaN
2.6641e-07	NaN
2.9518e-07	NaN
3.2384e-07	NaN
3.5171e-07	NaN
3.7828e-07	NaN
4.0304e-07	NaN
4.255e-07	NaN
4.4514e-07	NaN
4.6147e-07	NaN
4.7399e-07	NaN
4.822e-07	NaN
4.8592e-07	NaN
4.8537e-07	NaN
4.8084e-07	NaN
4.7257e-07	NaN
4.6084e-07	NaN
4.4591e-07	NaN
4.2805e-07	NaN
4.0752e-07	NaN
3.8474e-07	NaN
3.6036e-07	NaN
3.3505e-07	NaN
3.0948e-07	NaN
2.8432e-07	NaN
2.6024e-07	NaN
2.3791e-07	NaN
2.18e-07	NaN
2.0117e-07	NaN
1.8807e-07	NaN
1.7935e-07	NaN
1.7566e-07	NaN
1.7764e-07	NaN
1.8595e-07	NaN
2.0123e-07	NaN
2.2412e-07	NaN
2.5488e-07	NaN
2.9291e-07	NaN
3.3751e-07	NaN
3.8797e-07	NaN
4.436e-07	NaN
5.0369e-07	NaN
5.6755e-07	NaN
6.3446e-07	NaN
7.0362e-07	NaN
7.7394e-07	NaN
8.4429e-07	NaN
9.1355e-07	NaN
9.8058e-07	NaN
1.0443e-06	NaN
1.1035e-06	NaN
1.1571e-06	NaN
1.204e-06	NaN
1.2436e-06	NaN
1.2753e-06	NaN
1.2983e-06	NaN
1.3121e-06	NaN
1.3159e-06	NaN
1.3092e-06	NaN
1.2912e-06	NaN
1.2614e-06	NaN
1.2191e-06	NaN
1.1636e-06	NaN
1.0944e-06	NaN
1.0106e-06	NaN
9.1183e-07	NaN
7.9728e-07	NaN
6.6633e-07	NaN
2.7559e-07	NaN
2.9345e-07	NaN
