1.3293e-07	NaN
1.2644e-07	NaN
1.2049e-07	NaN
1.1521e-07	NaN
1.1074e-07	NaN
1.0722e-07	NaN
1.0478e-07	NaN
1.0357e-07	NaN
1.0371e-07	NaN
1.0536e-07	NaN
1.0863e-07	NaN
1.1369e-07	NaN
1.2065e-07	NaN
1.2966e-07	NaN
1.4085e-07	NaN
1.5432e-07	NaN
1.7018e-07	NaN
1.8851e-07	NaN
2.0941e-07	NaN
2.3297e-07	NaN
2.593e-07	NaN
2.8847e-07	NaN
3.2049e-07	NaN
3.5465e-07	NaN
3.8995e-07	NaN
4.254e-07	NaN
4.6e-07	NaN
4.9278e-07	NaN
5.2273e-07	NaN
5.4885e-07	NaN
5.7028e-07	NaN
5.8703e-07	NaN
5.9954e-07	NaN
6.0826e-07	NaN
6.1363e-07	NaN
6.161e-07	NaN
6.1611e-07	NaN
6.1411e-07	NaN
6.105e-07	NaN
6.0515e-07	NaN
5.9768e-07	NaN
5.8769e-07	NaN
5.7479e-07	NaN
5.5859e-07	NaN
5.3869e-07	NaN
5.1469e-07	NaN
4.8626e-07	NaN
4.5363e-07	NaN
4.1742e-07	NaN
3.7827e-07	NaN
3.368e-07	NaN
2.9363e-07	NaN
2.4938e-07	NaN
2.047e-07	NaN
1.6027e-07	NaN
1.1805e-07	NaN
8.0881e-08	NaN
5.1619e-08	NaN
3.3135e-08	NaN
2.8291e-08	NaN
3.9955e-08	NaN
7.0991e-08	NaN
1.2403e-07	NaN
1.9764e-07	NaN
2.8687e-07	NaN
3.8669e-07	NaN
4.9203e-07	NaN
5.9786e-07	NaN
6.9911e-07	NaN
7.9075e-07	NaN
8.6783e-07	NaN
9.28e-07	NaN
9.7142e-07	NaN
9.9841e-07	NaN
1.0092e-06	NaN
1.0042e-06	NaN
9.8356e-07	NaN
9.4765e-07	NaN
8.968e-07	NaN
8.3283e-07	NaN
7.5934e-07	NaN
6.7996e-07	NaN
5.9837e-07	NaN
5.1822e-07	NaN
4.4317e-07	NaN
3.7689e-07	NaN
3.2297e-07	NaN
2.8282e-07	NaN
2.5492e-07	NaN
2.3754e-07	NaN
2.2898e-07	NaN
2.2751e-07	NaN
2.3142e-07	NaN
2.3899e-07	NaN
2.4855e-07	NaN
2.6104e-07	NaN
2.8143e-07	NaN
3.1502e-07	NaN
3.6709e-07	NaN
4.4295e-07	NaN
5.479e-07	NaN
6.8722e-07	NaN
8.6625e-07	NaN
1.0925e-06	NaN
1.3775e-06	NaN
1.7331e-06	NaN
2.1712e-06	NaN
2.7037e-06	NaN
3.3425e-06	NaN
4.0993e-06	NaN
4.9862e-06	NaN
6.0145e-06	NaN
7.1945e-06	NaN
8.5363e-06	NaN
1.005e-05	NaN
1.1746e-05	NaN
1.3634e-05	NaN
1.5725e-05	NaN
1.8029e-05	NaN
2.0553e-05	NaN
2.33e-05	NaN
2.6273e-05	NaN
2.9473e-05	NaN
3.2903e-05	NaN
3.6565e-05	NaN
4.046e-05	NaN
4.4591e-05	NaN
4.8963e-05	NaN
5.3592e-05	NaN
5.8498e-05	NaN
6.3698e-05	NaN
6.921e-05	NaN
7.5052e-05	NaN
8.1242e-05	NaN
8.7799e-05	NaN
9.4739e-05	NaN
0.00010207	NaN
0.0001098	NaN
0.00011793	NaN
0.00012647	NaN
0.00013542	NaN
0.0001448	NaN
0.00015461	NaN
0.00016487	NaN
0.00017562	NaN
0.00018694	NaN
0.00019887	NaN
0.00021149	NaN
0.00022486	NaN
0.00023903	NaN
0.00025407	NaN
0.00027003	NaN
0.00028686	NaN
0.00030453	NaN
0.00032297	NaN
0.00034212	NaN
0.00036195	NaN
0.00038238	NaN
0.00040337	NaN
0.00042488	NaN
0.000447	NaN
0.00046983	NaN
0.00049349	NaN
0.0005181	NaN
0.00054377	NaN
0.00057061	NaN
0.00059875	NaN
0.00062826	NaN
0.00065904	NaN
0.0006909	NaN
0.00072364	NaN
0.00075709	NaN
0.00079104	NaN
0.00082531	NaN
0.00085971	NaN
0.00089406	NaN
0.00092816	NaN
0.00096184	NaN
0.0009949	NaN
0.0010272	NaN
0.0010584	NaN
0.0010886	NaN
0.0011173	NaN
0.0011445	NaN
0.0011701	NaN
0.0011939	NaN
0.0012158	NaN
0.0012357	NaN
0.0012536	NaN
0.0012692	NaN
0.0012825	NaN
0.0012934	NaN
0.0013017	NaN
0.0013075	NaN
0.0013106	NaN
0.0013109	NaN
0.0013083	NaN
0.0013028	NaN
0.0012942	NaN
0.0012825	NaN
0.0012677	NaN
0.0012499	NaN
0.0012292	NaN
0.0012055	NaN
0.0011791	NaN
0.00115	NaN
0.0011182	NaN
0.0010839	NaN
0.0010475	NaN
0.0010095	NaN
0.00097072	NaN
0.00093168	NaN
0.00089306	NaN
0.00085548	NaN
0.00081959	NaN
0.00078603	NaN
0.00075547	NaN
0.00072864	NaN
0.00070625	NaN
0.000689	NaN
0.00067761	NaN
0.00067281	NaN
0.00067529	NaN
0.00068578	NaN
0.00070488	NaN
0.00073309	NaN
0.00077089	NaN
0.00081878	NaN
0.00087725	NaN
0.00094679	NaN
0.0010279	NaN
0.001121	NaN
0.0012262	NaN
0.0013426	NaN
0.0014697	NaN
0.0016067	NaN
0.0017529	NaN
0.0019075	NaN
0.0020699	NaN
0.0022392	NaN
0.0024144	NaN
0.0025932	NaN
0.0027736	NaN
0.0029535	NaN
0.0031308	NaN
0.0033033	NaN
0.0034689	NaN
0.0036256	NaN
0.0037718	NaN
0.0039072	NaN
0.0040314	NaN
0.0041444	NaN
0.0042456	NaN
0.004335	NaN
0.0044121	NaN
0.0044768	NaN
0.004529	NaN
0.0045687	NaN
0.0045961	NaN
0.0046115	NaN
0.0046149	NaN
0.0046067	NaN
0.004587	NaN
0.0045559	NaN
0.0045137	NaN
0.0044611	NaN
0.0043984	NaN
0.0043262	NaN
0.0042451	NaN
0.0041556	NaN
0.0040583	NaN
0.0039537	NaN
0.0038425	NaN
0.0037257	NaN
0.0036045	NaN
0.0034801	NaN
0.0033535	NaN
0.003226	NaN
0.0030987	NaN
0.0029727	NaN
0.0028492	NaN
0.0027301	NaN
0.0026169	NaN
0.0025114	NaN
0.0024153	NaN
0.0023305	NaN
0.0022586	NaN
0.0022014	NaN
0.0021601	NaN
0.0021347	NaN
0.0021245	NaN
0.002129	NaN
0.0021476	NaN
0.0021798	NaN
0.0022249	NaN
0.0022825	NaN
0.0023517	NaN
0.0024314	NaN
0.0025202	NaN
0.0026166	NaN
0.0027192	NaN
0.0028266	NaN
0.0029373	NaN
0.0030499	NaN
0.0031634	NaN
0.0032786	NaN
0.0033967	NaN
0.0035193	NaN
0.0036476	NaN
0.003783	NaN
0.003927	NaN
0.0040809	NaN
0.0042459	NaN
0.0044214	NaN
0.0046066	NaN
0.0048002	NaN
0.0050014	NaN
0.005209	NaN
0.005422	NaN
0.0056393	NaN
0.0058599	NaN
0.0060824	NaN
0.0063049	NaN
0.0065259	NaN
0.0067437	NaN
0.0069567	NaN
0.0071631	NaN
0.0073614	NaN
0.00755	NaN
0.007729	NaN
0.0078996	NaN
0.0080627	NaN
0.0082194	NaN
0.0083706	NaN
0.0085174	NaN
0.0086608	NaN
0.0088017	NaN
0.0089399	NaN
0.0090742	NaN
0.0092037	NaN
0.0093273	NaN
0.0094439	NaN
0.0095526	NaN
0.0096522	NaN
0.0097416	NaN
0.0098195	NaN
0.0098839	NaN
0.009933	NaN
0.009965	NaN
0.009978	NaN
0.0099704	NaN
0.0099401	NaN
0.0098854	NaN
0.0098054	NaN
0.0096994	NaN
0.009567	NaN
0.0094077	NaN
0.009221	NaN
0.0090066	NaN
0.0087638	NaN
0.0084924	NaN
0.008194	NaN
0.0078724	NaN
0.0075315	NaN
0.0071749	NaN
0.0068065	NaN
0.0064302	NaN
0.0060497	NaN
0.0056689	NaN
0.0052905	NaN
0.0049163	NaN
0.0045482	NaN
0.0041879	NaN
0.0038371	NaN
0.0034977	NaN
0.0031714	NaN
0.0028598	NaN
0.0025643	NaN
0.0022851	NaN
0.0020225	NaN
0.0017769	NaN
0.0015487	NaN
0.001338	NaN
0.0011453	NaN
0.00097093	NaN
0.00081463	NaN
0.00067563	NaN
0.00055305	NaN
0.00044601	NaN
0.00035365	NaN
0.00027507	NaN
0.00020942	NaN
0.00015581	NaN
0.00011331	NaN
8.0895e-05	NaN
5.7537e-05	NaN
4.2201e-05	NaN
3.3854e-05	NaN
3.1462e-05	NaN
3.3994e-05	NaN
4.0418e-05	NaN
4.9876e-05	NaN
6.1851e-05	NaN
7.5869e-05	NaN
9.1453e-05	NaN
0.00010813	NaN
0.00012542	NaN
0.00014285	NaN
0.00015994	NaN
0.00017612	NaN
0.00019057	NaN
0.00020245	NaN
0.00021092	NaN
0.00021512	NaN
0.00021421	NaN
0.00020736	NaN
0.00019371	NaN
0.00017316	NaN
0.00014766	NaN
0.00011947	NaN
9.0839e-05	NaN
6.4046e-05	NaN
4.1353e-05	NaN
2.5023e-05	NaN
1.7322e-05	NaN
2.0262e-05	NaN
3.5049e-05	NaN
6.2733e-05	NaN
0.00010436	NaN
0.00016099	NaN
0.00023365	NaN
0.00032341	NaN
0.00043132	NaN
0.00055845	NaN
0.00070605	NaN
0.00087539	NaN
0.0010677	NaN
0.0012844	NaN
0.0015266	NaN
0.0017956	NaN
0.0020926	NaN
0.0024214	NaN
0.0027953	NaN
0.0032308	NaN
0.003744	NaN
0.0043515	NaN
0.0050693	NaN
0.0059139	NaN
0.0069016	NaN
0.0080521	NaN
0.009403	NaN
0.010998	NaN
0.012879	NaN
0.015092	NaN
0.017678	NaN
0.020681	NaN
0.024145	NaN
0.028114	NaN
0.03263	NaN
0.037737	NaN
0.043481	NaN
0.049905	NaN
0.057053	NaN
0.064969	NaN
0.073697	NaN
0.083278	NaN
0.093735	NaN
0.10508	-0.58101
0.11733	-0.58015
0.13049	-0.57819
0.14459	-0.57514
0.15962	-0.57096
0.17562	-0.56565
0.19258	-0.55918
0.21049	-0.55158
0.22933	-0.54286
0.24908	-0.53305
0.2697	-0.52216
0.29118	-0.51022
0.31349	-0.49726
0.3366	-0.48329
0.36048	-0.46835
0.38511	-0.45249
0.41045	-0.43581
0.43646	-0.41839
0.4631	-0.40034
0.49034	-0.38173
0.51814	-0.36266
0.54647	-0.34322
0.57527	-0.3235
0.60442	-0.30358
0.63372	-0.28354
0.66295	-0.26347
0.69193	-0.24345
0.72045	-0.22355
0.7483	-0.20386
0.77529	-0.18446
0.80122	-0.16544
0.82595	-0.14688
0.84941	-0.12891
0.87152	-0.11164
0.8922	-0.09519
0.91136	-0.079671
0.92894	-0.0652
0.94486	-0.051891
0.95902	-0.039859
0.97133	-0.029209
0.98164	-0.020036
0.9898	-0.012434
0.99568	-0.006498
0.99913	-0.0023218
1	0
0.99816	0.00037282
0.99346	-0.0012947
0.98599	-0.0050123
0.97606	-0.010703
0.964	-0.018283
0.95013	-0.027672
0.93477	-0.038788
0.91824	-0.051549
0.90088	-0.065872
0.883	-0.081678
0.86478	-0.098968
0.84624	-0.11785
0.82738	-0.13842
0.80822	-0.16081
0.78876	-0.18511
0.769	-0.21143
0.74895	-0.2399
0.72861	-0.2706
0.70793	-0.30355
0.68677	-0.33859
0.66496	-0.37555
0.64238	-0.41428
0.61886	-0.45461
0.59425	-0.49637
0.56841	-0.53939
0.54119	-0.58353
0.51261	-0.62888
0.48296	-0.67603
0.45258	-0.7256
0.42178	-0.7782
0.39089	-0.83444
0.36024	-0.89495
0.33014	-0.96034
0.30093	-1.0312
0.27287	-1.1073
0.24611	-1.1868
0.22077	-1.2674
0.19701	-1.3471
0.17495	-1.4238
0.15473	-1.4953
0.13648	-1.5595
0.12035	-1.6144
0.10638	-1.6607
0.094423	NaN
0.084318	NaN
0.07589	NaN
0.068971	NaN
0.06339	NaN
0.058979	NaN
0.055566	NaN
0.053007	NaN
0.051218	NaN
0.050127	NaN
0.049662	NaN
0.049751	NaN
0.05032	NaN
0.051298	NaN
0.052612	NaN
0.054195	NaN
0.055996	NaN
0.057968	NaN
0.060064	NaN
0.062236	NaN
0.064437	NaN
0.06662	NaN
0.068737	NaN
0.07074	NaN
0.07258	NaN
0.074206	NaN
0.075569	NaN
0.076619	NaN
0.077305	NaN
0.077578	NaN
0.077388	NaN
0.076698	NaN
0.075532	NaN
0.073931	NaN
0.071935	NaN
0.069583	NaN
0.066915	NaN
0.063973	NaN
0.060795	NaN
0.057422	NaN
0.053895	NaN
0.050254	NaN
0.046541	NaN
0.042797	NaN
0.039063	NaN
0.03538	NaN
0.031788	NaN
0.028327	NaN
0.025023	NaN
0.021895	NaN
0.018966	NaN
0.016255	NaN
0.013784	NaN
0.011573	NaN
0.0096434	NaN
0.0080128	NaN
0.0066798	NaN
0.0056345	NaN
0.004867	NaN
0.0043671	NaN
0.004125	NaN
0.0041305	NaN
0.0043737	NaN
0.0048427	NaN
0.0055088	NaN
0.006335	NaN
0.0072843	NaN
0.0083194	NaN
0.0094033	NaN
0.010499	NaN
0.011569	NaN
0.012578	NaN
0.013506	NaN
0.014339	NaN
0.015065	NaN
0.015673	NaN
0.016151	NaN
0.016485	NaN
0.016665	NaN
0.016678	NaN
0.01653	NaN
0.016234	NaN
0.015804	NaN
0.015256	NaN
0.014602	NaN
0.013859	NaN
0.013039	NaN
0.012159	NaN
0.011232	NaN
0.010274	NaN
0.0093032	NaN
0.0083339	NaN
0.0073827	NaN
0.0064654	NaN
0.0055983	NaN
0.0047968	NaN
0.0040681	NaN
0.0034117	NaN
0.0028266	NaN
0.0023119	NaN
0.0018668	NaN
0.0014904	NaN
0.0011818	NaN
0.00094006	NaN
0.00076132	NaN
0.00063896	NaN
0.00056615	NaN
0.00053608	NaN
0.00054194	NaN
0.0005769	NaN
0.00063415	NaN
0.00070692	NaN
0.00078971	NaN
0.0008786	NaN
0.00096977	NaN
0.0010594	NaN
0.0011436	NaN
0.0012186	NaN
0.0012806	NaN
0.0013258	NaN
0.0013525	NaN
0.0013622	NaN
0.0013565	NaN
0.0013371	NaN
0.0013057	NaN
0.0012638	NaN
0.0012132	NaN
0.0011554	NaN
0.0010921	NaN
0.0010245	NaN
0.00095409	NaN
0.00088212	NaN
0.00080996	NaN
0.00073894	NaN
0.00067043	NaN
0.00060575	NaN
0.00054575	NaN
0.00049035	NaN
0.00043938	NaN
0.00039266	NaN
0.00035	NaN
0.00031122	NaN
0.00027615	NaN
0.00024461	NaN
0.00021641	NaN
0.00019136	NaN
0.00016928	NaN
0.00014998	NaN
0.00013327	NaN
0.00011896	NaN
0.00010687	NaN
9.6796e-05	NaN
8.8548e-05	NaN
8.1886e-05	NaN
7.6568e-05	NaN
7.2352e-05	NaN
6.8996e-05	NaN
6.6258e-05	NaN
6.3896e-05	NaN
6.1666e-05	NaN
5.939e-05	NaN
5.7067e-05	NaN
5.4736e-05	NaN
5.2433e-05	NaN
5.0194e-05	NaN
4.8057e-05	NaN
4.6059e-05	NaN
4.4235e-05	NaN
4.2611e-05	NaN
4.1161e-05	NaN
3.9852e-05	NaN
3.8651e-05	NaN
3.7524e-05	NaN
3.6436e-05	NaN
3.5354e-05	NaN
3.4243e-05	NaN
3.3091e-05	NaN
3.1964e-05	NaN
3.0954e-05	NaN
3.0151e-05	NaN
2.9646e-05	NaN
2.9527e-05	NaN
2.9887e-05	NaN
3.0815e-05	NaN
3.2394e-05	NaN
3.4667e-05	NaN
3.7666e-05	NaN
4.1425e-05	NaN
4.5973e-05	NaN
5.1344e-05	NaN
5.7569e-05	NaN
6.468e-05	NaN
7.2709e-05	NaN
8.1678e-05	NaN
9.1609e-05	NaN
0.00010253	NaN
0.00011445	NaN
0.0001274	NaN
0.00014139	NaN
0.00015646	NaN
0.00017259	NaN
0.00018953	NaN
0.00020693	NaN
0.00022445	NaN
0.00024175	NaN
0.00025847	NaN
0.00027426	NaN
0.00028879	NaN
0.00030173	NaN
0.00031293	NaN
0.00032234	NaN
0.00032992	NaN
0.00033562	NaN
0.00033938	NaN
0.00034116	NaN
0.0003409	NaN
0.00033858	NaN
0.0003343	NaN
0.00032824	NaN
0.00032061	NaN
0.0003116	NaN
0.00030139	NaN
0.00029018	NaN
0.00027815	NaN
0.00026551	NaN
0.0002524	NaN
0.00023897	NaN
0.00022533	NaN
0.00021164	NaN
0.00019802	NaN
0.00018461	NaN
0.00017155	NaN
0.00015896	NaN
0.00014691	NaN
0.00013543	NaN
0.00012453	NaN
0.00011425	NaN
0.0001046	NaN
9.5597e-05	NaN
8.7273e-05	NaN
7.9642e-05	NaN
7.2671e-05	NaN
6.6274e-05	NaN
6.0369e-05	NaN
5.4869e-05	NaN
4.9689e-05	NaN
4.4746e-05	NaN
3.9953e-05	NaN
3.523e-05	NaN
3.0566e-05	NaN
2.6025e-05	NaN
2.1677e-05	NaN
1.759e-05	NaN
1.383e-05	NaN
1.0468e-05	NaN
7.57e-06	NaN
5.2032e-06	NaN
3.376e-06	NaN
2.0278e-06	NaN
1.0939e-06	NaN
5.0975e-07	NaN
2.1073e-07	NaN
1.3222e-07	NaN
2.0963e-07	NaN
3.7883e-07	NaN
5.976e-07	NaN
8.5384e-07	NaN
1.1377e-06	NaN
1.4391e-06	NaN
1.7484e-06	NaN
2.0555e-06	NaN
2.3506e-06	NaN
2.6238e-06	NaN
2.8683e-06	NaN
3.0819e-06	NaN
3.2628e-06	NaN
3.4095e-06	NaN
3.5201e-06	NaN
3.593e-06	NaN
3.6265e-06	NaN
3.6189e-06	NaN
3.5703e-06	NaN
3.4843e-06	NaN
3.3648e-06	NaN
3.2157e-06	NaN
3.041e-06	NaN
2.8445e-06	NaN
2.6303e-06	NaN
2.4023e-06	NaN
2.1645e-06	NaN
1.9214e-06	NaN
1.6777e-06	NaN
1.438e-06	NaN
1.2068e-06	NaN
9.8858e-07	NaN
7.8806e-07	NaN
6.0976e-07	NaN
4.5714e-07	NaN
3.3083e-07	NaN
2.3105e-07	NaN
1.58e-07	NaN
1.119e-07	NaN
9.2937e-08	NaN
1.0133e-07	NaN
1.3729e-07	NaN
2.0156e-07	NaN
2.9646e-07	NaN
4.2459e-07	NaN
5.8858e-07	NaN
7.9102e-07	NaN
1.0345e-06	NaN
1.3217e-06	NaN
1.6552e-06	NaN
2.0338e-06	NaN
2.4431e-06	NaN
2.8657e-06	NaN
3.2843e-06	NaN
3.6818e-06	NaN
4.0406e-06	NaN
4.3437e-06	NaN
4.5735e-06	NaN
4.7167e-06	NaN
4.7746e-06	NaN
4.753e-06	NaN
4.6572e-06	NaN
4.4928e-06	NaN
4.2653e-06	NaN
3.9802e-06	NaN
3.6429e-06	NaN
3.2605e-06	NaN
2.8465e-06	NaN
2.4169e-06	NaN
1.9874e-06	NaN
1.5739e-06	NaN
1.1921e-06	NaN
8.5779e-07	NaN
5.8682e-07	NaN
3.9197e-07	NaN
2.6873e-07	NaN
2.0653e-07	NaN
1.9473e-07	NaN
2.2274e-07	NaN
2.7995e-07	NaN
3.5574e-07	NaN
4.395e-07	NaN
5.2188e-07	NaN
6.0208e-07	NaN
6.8283e-07	NaN
7.6687e-07	NaN
8.5698e-07	NaN
9.5588e-07	NaN
1.0663e-06	NaN
1.1911e-06	NaN
1.3326e-06	NaN
1.4902e-06	NaN
1.6622e-06	NaN
1.8465e-06	NaN
2.0412e-06	NaN
2.2445e-06	NaN
2.4543e-06	NaN
2.6689e-06	NaN
2.8859e-06	NaN
3.1008e-06	NaN
3.3075e-06	NaN
3.4999e-06	NaN
3.672e-06	NaN
3.8178e-06	NaN
3.931e-06	NaN
4.0058e-06	NaN
4.0365e-06	NaN
4.025e-06	NaN
3.9775e-06	NaN
3.9005e-06	NaN
3.8004e-06	NaN
3.6837e-06	NaN
3.5569e-06	NaN
3.4262e-06	NaN
3.298e-06	NaN
3.1757e-06	NaN
3.0605e-06	NaN
2.9535e-06	NaN
2.856e-06	NaN
2.7691e-06	NaN
2.694e-06	NaN
2.6318e-06	NaN
2.5837e-06	NaN
2.5499e-06	NaN
2.5303e-06	NaN
2.5243e-06	NaN
2.5315e-06	NaN
2.5516e-06	NaN
2.5842e-06	NaN
2.6288e-06	NaN
2.6852e-06	NaN
2.7516e-06	NaN
2.8254e-06	NaN
2.9038e-06	NaN
2.9843e-06	NaN
3.0639e-06	NaN
3.1401e-06	NaN
3.2099e-06	NaN
3.2708e-06	NaN
3.3198e-06	NaN
3.3535e-06	NaN
3.3687e-06	NaN
3.3621e-06	NaN
3.3305e-06	NaN
3.2705e-06	NaN
3.179e-06	NaN
3.0526e-06	NaN
2.8923e-06	NaN
2.704e-06	NaN
2.4943e-06	NaN
2.2697e-06	NaN
2.0366e-06	NaN
1.8015e-06	NaN
1.5709e-06	NaN
1.3512e-06	NaN
1.1467e-06	NaN
9.5828e-07	NaN
7.8654e-07	NaN
6.3205e-07	NaN
4.954e-07	NaN
3.7718e-07	NaN
2.7797e-07	NaN
1.9835e-07	NaN
1.3786e-07	NaN
9.4172e-08	NaN
6.4762e-08	NaN
4.7107e-08	NaN
3.8682e-08	NaN
3.6962e-08	NaN
3.9425e-08	NaN
4.3549e-08	NaN
4.7513e-08	NaN
5.0966e-08	NaN
5.3746e-08	NaN
5.5689e-08	NaN
5.663e-08	NaN
5.6407e-08	NaN
5.4855e-08	NaN
5.1811e-08	NaN
4.7251e-08	NaN
4.1491e-08	NaN
3.4898e-08	NaN
2.7841e-08	NaN
2.0687e-08	NaN
1.3803e-08	NaN
7.5586e-09	NaN
2.32e-09	NaN
1.6423e-09	NaN
4.3392e-09	NaN
5.8319e-09	NaN
6.1819e-09	NaN
5.4505e-09	NaN
3.6989e-09	NaN
9.8852e-10	NaN
2.6193e-09	NaN
7.0633e-09	NaN
1.2282e-08	NaN
1.8214e-08	NaN
2.4799e-08	NaN
3.1974e-08	NaN
3.9679e-08	NaN
4.7852e-08	NaN
5.6432e-08	NaN
1.5423e-07	NaN
1.4696e-07	NaN
1.3981e-07	NaN
