1.7181e-08	NaN
1.7714e-08	NaN
1.935e-08	NaN
2.2155e-08	NaN
2.62e-08	NaN
3.1553e-08	NaN
3.8284e-08	NaN
4.6432e-08	NaN
5.5886e-08	NaN
6.6478e-08	NaN
7.8041e-08	NaN
9.0409e-08	NaN
1.0341e-07	NaN
1.1689e-07	NaN
1.3067e-07	NaN
1.4459e-07	NaN
1.5857e-07	NaN
1.7256e-07	NaN
1.8648e-07	NaN
2.0028e-07	NaN
2.139e-07	NaN
2.2729e-07	NaN
2.4037e-07	NaN
2.5313e-07	NaN
2.6587e-07	NaN
2.7901e-07	NaN
2.93e-07	NaN
3.0828e-07	NaN
3.2529e-07	NaN
3.4446e-07	NaN
3.6624e-07	NaN
3.9101e-07	NaN
4.1856e-07	NaN
4.4838e-07	NaN
4.7996e-07	NaN
5.1277e-07	NaN
5.463e-07	NaN
5.8003e-07	NaN
6.1345e-07	NaN
6.4604e-07	NaN
6.7746e-07	NaN
7.0746e-07	NaN
7.3581e-07	NaN
7.6225e-07	NaN
7.8655e-07	NaN
8.0845e-07	NaN
8.2773e-07	NaN
8.4413e-07	NaN
8.576e-07	NaN
8.6817e-07	NaN
8.7589e-07	NaN
8.8081e-07	NaN
8.8297e-07	NaN
8.8242e-07	NaN
8.7922e-07	NaN
8.7339e-07	NaN
8.6503e-07	NaN
8.5421e-07	NaN
8.4103e-07	NaN
8.2558e-07	NaN
8.0796e-07	NaN
7.8824e-07	NaN
7.6653e-07	NaN
7.4291e-07	NaN
7.1759e-07	NaN
6.9085e-07	NaN
6.6299e-07	NaN
6.343e-07	NaN
6.0508e-07	NaN
5.7562e-07	NaN
5.4623e-07	NaN
5.1718e-07	NaN
4.8864e-07	NaN
4.6061e-07	NaN
4.3307e-07	NaN
4.0603e-07	NaN
3.7946e-07	NaN
3.5337e-07	NaN
3.2774e-07	NaN
3.0257e-07	NaN
2.7794e-07	NaN
2.5404e-07	NaN
2.3108e-07	NaN
2.0926e-07	NaN
1.8878e-07	NaN
1.6984e-07	NaN
1.5265e-07	NaN
1.374e-07	NaN
1.2414e-07	NaN
1.1267e-07	NaN
1.0276e-07	NaN
9.4205e-08	NaN
8.6775e-08	NaN
8.0253e-08	NaN
7.4419e-08	NaN
6.9081e-08	NaN
6.6475e-08	NaN
7.3137e-08	NaN
9.6049e-08	NaN
1.4219e-07	NaN
2.1854e-07	NaN
3.3208e-07	NaN
4.8979e-07	NaN
6.9864e-07	NaN
9.6554e-07	NaN
1.2972e-06	NaN
1.7003e-06	NaN
2.1816e-06	NaN
2.7477e-06	NaN
3.4054e-06	NaN
4.1614e-06	NaN
5.0222e-06	NaN
5.9851e-06	NaN
7.024e-06	NaN
8.1096e-06	NaN
9.2125e-06	NaN
1.0303e-05	NaN
1.1353e-05	NaN
1.2332e-05	NaN
1.321e-05	NaN
1.3965e-05	NaN
1.4588e-05	NaN
1.5076e-05	NaN
1.5423e-05	NaN
1.5624e-05	NaN
1.5676e-05	NaN
1.5572e-05	NaN
1.5309e-05	NaN
1.4887e-05	NaN
1.4324e-05	NaN
1.364e-05	NaN
1.2856e-05	NaN
1.1994e-05	NaN
1.1074e-05	NaN
1.0117e-05	NaN
9.1455e-06	NaN
8.1782e-06	NaN
7.2325e-06	NaN
6.3242e-06	NaN
5.4693e-06	NaN
4.6838e-06	NaN
3.9837e-06	NaN
3.385e-06	NaN
2.9036e-06	NaN
2.5514e-06	NaN
2.3202e-06	NaN
2.1964e-06	NaN
2.1663e-06	NaN
2.2162e-06	NaN
2.3324e-06	NaN
2.5012e-06	NaN
2.7089e-06	NaN
2.9416e-06	NaN
3.1836e-06	NaN
3.4188e-06	NaN
3.6309e-06	NaN
3.804e-06	NaN
3.9217e-06	NaN
3.968e-06	NaN
3.9267e-06	NaN
3.7854e-06	NaN
3.5567e-06	NaN
3.2628e-06	NaN
2.9259e-06	NaN
2.5685e-06	NaN
2.2128e-06	NaN
1.8811e-06	NaN
1.5958e-06	NaN
1.3796e-06	NaN
1.2593e-06	NaN
1.2637e-06	NaN
1.4213e-06	NaN
1.7609e-06	NaN
2.311e-06	NaN
3.1003e-06	NaN
4.1575e-06	NaN
5.5054e-06	NaN
7.1124e-06	NaN
8.9176e-06	NaN
1.086e-05	NaN
1.2878e-05	NaN
1.491e-05	NaN
1.6896e-05	NaN
1.8774e-05	NaN
2.0485e-05	NaN
2.1993e-05	NaN
2.3278e-05	NaN
2.4319e-05	NaN
2.5095e-05	NaN
2.5584e-05	NaN
2.5768e-05	NaN
2.5624e-05	NaN
2.5136e-05	NaN
2.4332e-05	NaN
2.3274e-05	NaN
2.2023e-05	NaN
2.0644e-05	NaN
1.9197e-05	NaN
1.7746e-05	NaN
1.6353e-05	NaN
1.5078e-05	NaN
1.3949e-05	NaN
1.2967e-05	NaN
1.213e-05	NaN
1.1437e-05	NaN
1.0887e-05	NaN
1.048e-05	NaN
1.0214e-05	NaN
1.0088e-05	NaN
1.0092e-05	NaN
1.0204e-05	NaN
1.0403e-05	NaN
1.0669e-05	NaN
1.0981e-05	NaN
1.1317e-05	NaN
1.1657e-05	NaN
1.1981e-05	NaN
1.2284e-05	NaN
1.2585e-05	NaN
1.2898e-05	NaN
1.3243e-05	NaN
1.3636e-05	NaN
1.4093e-05	NaN
1.4634e-05	NaN
1.5273e-05	NaN
1.6013e-05	NaN
1.6836e-05	NaN
1.7722e-05	NaN
1.8652e-05	NaN
1.9605e-05	NaN
2.0563e-05	NaN
2.1506e-05	NaN
2.2415e-05	NaN
2.3267e-05	NaN
2.4034e-05	NaN
2.4689e-05	NaN
2.5205e-05	NaN
2.5553e-05	NaN
2.5707e-05	NaN
2.5639e-05	NaN
2.5321e-05	NaN
2.4753e-05	NaN
2.3978e-05	NaN
2.3046e-05	NaN
2.2005e-05	NaN
2.0904e-05	NaN
1.9793e-05	NaN
1.872e-05	NaN
1.7733e-05	NaN
1.6871e-05	NaN
1.6148e-05	NaN
1.5575e-05	NaN
1.5165e-05	NaN
1.493e-05	NaN
1.4881e-05	NaN
1.503e-05	NaN
1.539e-05	NaN
1.5963e-05	NaN
1.6734e-05	NaN
1.7686e-05	NaN
1.8799e-05	NaN
2.0056e-05	NaN
2.1438e-05	NaN
2.2927e-05	NaN
2.4505e-05	NaN
2.6146e-05	NaN
2.7809e-05	NaN
2.9446e-05	NaN
3.1011e-05	NaN
3.2459e-05	NaN
3.3742e-05	NaN
3.4816e-05	NaN
3.5634e-05	NaN
3.6156e-05	NaN
3.6368e-05	NaN
3.6259e-05	NaN
3.5817e-05	NaN
3.5032e-05	NaN
3.3894e-05	NaN
3.2391e-05	NaN
3.0514e-05	NaN
2.8268e-05	NaN
2.5728e-05	NaN
2.2985e-05	NaN
2.0129e-05	NaN
1.7251e-05	NaN
1.4442e-05	NaN
1.1793e-05	NaN
9.3924e-06	NaN
7.3169e-06	NaN
5.5706e-06	NaN
4.138e-06	NaN
3.0037e-06	NaN
2.1523e-06	NaN
1.5685e-06	NaN
1.2368e-06	NaN
1.1419e-06	NaN
1.2987e-06	NaN
1.883e-06	NaN
3.1241e-06	NaN
5.2513e-06	NaN
8.4938e-06	NaN
1.3081e-05	NaN
1.9242e-05	NaN
2.7206e-05	NaN
3.7236e-05	NaN
4.9807e-05	NaN
6.5474e-05	NaN
8.4796e-05	NaN
0.00010833	NaN
0.00013663	NaN
0.00017025	NaN
0.00020976	NaN
0.0002557	NaN
0.00030861	NaN
0.00036904	NaN
0.0004375	NaN
0.00051454	NaN
0.00060069	NaN
0.00069648	NaN
0.00080245	NaN
0.00091914	NaN
0.0010474	NaN
0.0011881	NaN
0.0013423	NaN
0.0015108	NaN
0.0016947	NaN
0.0018949	NaN
0.0021122	NaN
0.0023477	NaN
0.0026011	NaN
0.002872	NaN
0.0031597	NaN
0.0034636	NaN
0.0037831	NaN
0.0041174	NaN
0.0044662	NaN
0.0048286	NaN
0.0052028	NaN
0.0055863	NaN
0.0059767	NaN
0.0063712	NaN
0.0067673	NaN
0.0071626	NaN
0.0075544	NaN
0.0079401	NaN
0.0083171	NaN
0.0086827	NaN
0.009034	NaN
0.0093684	NaN
0.0096829	NaN
0.009975	NaN
0.010242	NaN
0.010481	NaN
0.010691	NaN
0.010872	NaN
0.011026	NaN
0.011153	NaN
0.011253	NaN
0.011327	NaN
0.011376	NaN
0.011401	NaN
0.011403	NaN
0.011385	NaN
0.011349	NaN
0.0113	NaN
0.011239	NaN
0.01117	NaN
0.011095	NaN
0.011017	NaN
0.010937	NaN
0.010851	NaN
0.010758	NaN
0.010653	NaN
0.010535	NaN
0.010401	NaN
0.010247	NaN
0.01007	NaN
0.0098703	NaN
0.0096495	NaN
0.0094099	NaN
0.0091539	NaN
0.0088839	NaN
0.008602	NaN
0.0083108	NaN
0.0080124	NaN
0.0077104	NaN
0.0074095	NaN
0.0071151	NaN
0.0068323	NaN
0.0065663	NaN
0.0063222	NaN
0.0061051	NaN
0.0059203	NaN
0.0057718	NaN
0.0056613	NaN
0.0055903	NaN
0.0055602	NaN
0.0055726	NaN
0.0056288	NaN
0.0057305	NaN
0.005879	NaN
0.0060762	NaN
0.0063251	NaN
0.0066286	NaN
0.0069897	NaN
0.0074113	NaN
0.0078966	NaN
0.0084485	NaN
0.0090699	NaN
0.0097617	NaN
0.010518	NaN
0.011334	NaN
0.012201	NaN
0.013114	NaN
0.014066	NaN
0.015051	NaN
0.016063	NaN
0.017094	NaN
0.018135	NaN
0.019177	NaN
0.02021	NaN
0.021225	NaN
0.022212	NaN
0.023161	NaN
0.024062	NaN
0.024912	NaN
0.025718	NaN
0.026497	NaN
0.02726	NaN
0.028022	NaN
0.028798	NaN
0.0296	NaN
0.030442	NaN
0.03134	NaN
0.032312	NaN
0.033378	NaN
0.034559	NaN
0.035875	NaN
0.037345	NaN
0.038991	NaN
0.040832	NaN
0.042887	NaN
0.045164	NaN
0.047667	NaN
0.050402	NaN
0.053374	NaN
0.056587	NaN
0.060047	NaN
0.063758	NaN
0.067722	NaN
0.071921	NaN
0.076328	NaN
0.080916	NaN
0.085661	NaN
0.090535	NaN
0.095512	NaN
0.10057	-0.16181
0.10567	-0.18744
0.11084	-0.21231
0.11609	-0.23616
0.12144	-0.25875
0.12691	-0.27982
0.13252	-0.29914
0.13829	-0.31644
0.14423	-0.33149
0.15038	-0.34406
0.15678	-0.35415
0.16353	-0.36189
0.17069	-0.36739
0.17835	-0.37078
0.18659	-0.37217
0.19548	-0.37169
0.2051	-0.36947
0.21553	-0.36561
0.22681	-0.36024
0.23896	-0.3535
0.25201	-0.34551
0.26597	-0.33639
0.28087	-0.32627
0.29673	-0.31528
0.31357	-0.30355
0.33141	-0.29119
0.35029	-0.2783
0.37023	-0.26496
0.39126	-0.25124
0.41343	-0.2372
0.43676	-0.22293
0.46128	-0.2085
0.48703	-0.19397
0.51404	-0.17942
0.54221	-0.16493
0.57136	-0.15058
0.60131	-0.13644
0.63188	-0.1226
0.66289	-0.10913
0.69415	-0.096112
0.72548	-0.083629
0.75668	-0.071757
0.78749	-0.060564
0.81754	-0.050105
0.84647	-0.040436
0.8739	-0.031614
0.89947	-0.023693
0.92282	-0.016729
0.94358	-0.010778
0.96139	-0.0058968
0.976	-0.0021495
0.98728	0.00038902
0.99512	0.0016435
0.9994	0.0015389
1	0
0.9968	-0.0030484
0.98968	-0.0076814
0.97853	-0.013975
0.96342	-0.022021
0.94465	-0.031933
0.92253	-0.043827
0.89737	-0.057817
0.86951	-0.074019
0.83923	-0.092546
0.80687	-0.11351
0.77273	-0.13704
0.73712	-0.16312
0.70032	-0.19163
0.6626	-0.22241
0.62425	-0.2553
0.58553	-0.29017
0.54675	-0.32685
0.50816	-0.36519
0.47005	-0.40505
0.43267	-0.4466
0.39618	-0.49052
0.36076	-0.53758
0.32657	-0.58852
0.2938	-0.64408
0.2626	-0.705
0.23314	-0.77205
0.20561	-0.84596
0.18011	-0.92679
0.15669	-1.0133
0.13536	-1.1042
0.11614	-1.198
0.099065	NaN
0.084146	NaN
0.071408	NaN
0.060872	NaN
0.052485	NaN
0.046033	NaN
0.041276	NaN
0.037976	NaN
0.035893	NaN
0.034789	NaN
0.034425	NaN
0.034563	NaN
0.035006	NaN
0.035663	NaN
0.036466	NaN
0.037342	NaN
0.03822	NaN
0.039031	NaN
0.039702	NaN
0.040163	NaN
0.040361	NaN
0.0403	NaN
0.039992	NaN
0.039452	NaN
0.038695	NaN
0.037732	NaN
0.03658	NaN
0.035251	NaN
0.033761	NaN
0.03213	NaN
0.03038	NaN
0.028533	NaN
0.026611	NaN
0.024634	NaN
0.022626	NaN
0.020607	NaN
0.018598	NaN
0.016621	NaN
0.014694	NaN
0.012837	NaN
0.011069	NaN
0.0094102	NaN
0.0078801	NaN
0.0064982	NaN
0.0052802	NaN
0.0042224	NaN
0.0033152	NaN
0.0025489	NaN
0.0019135	NaN
0.0013995	NaN
0.00099711	NaN
0.00069652	NaN
0.00048792	NaN
0.0003609	NaN
0.00030479	NaN
0.00030897	NaN
0.00036278	NaN
0.00045557	NaN
0.0005767	NaN
0.00071553	NaN
0.00086197	NaN
0.00101	NaN
0.0011554	NaN
0.0012939	NaN
0.0014212	NaN
0.0015331	NaN
0.0016253	NaN
0.0016936	NaN
0.0017342	NaN
0.0017466	NaN
0.001732	NaN
0.0016917	NaN
0.0016271	NaN
0.0015393	NaN
0.0014298	NaN
0.0012997	NaN
0.0011507	NaN
0.00098809	NaN
0.00081911	NaN
0.00065116	NaN
0.00049162	NaN
0.00034786	NaN
0.00022724	NaN
0.00013714	NaN
8.4386e-05	NaN
6.9219e-05	NaN
8.7345e-05	NaN
0.00013439	NaN
0.00020597	NaN
0.00029772	NaN
0.00040527	NaN
0.00052422	NaN
0.00065025	NaN
0.0007795	NaN
0.00090851	NaN
0.0010338	NaN
0.001152	NaN
0.0012596	NaN
0.0013532	NaN
0.0014293	NaN
0.0014846	NaN
0.0015193	NaN
0.0015368	NaN
0.0015406	NaN
0.001534	NaN
0.0015205	NaN
0.0015036	NaN
0.0014867	NaN
0.0014733	NaN
0.001465	NaN
0.0014619	NaN
0.0014639	NaN
0.0014711	NaN
0.0014832	NaN
0.0015004	NaN
0.0015224	NaN
0.0015493	NaN
0.0015805	NaN
0.0016145	NaN
0.0016501	NaN
0.0016858	NaN
0.0017203	NaN
0.0017522	NaN
0.0017802	NaN
0.0018029	NaN
0.0018197	NaN
0.0018311	NaN
0.0018377	NaN
0.00184	NaN
0.0018386	NaN
0.0018342	NaN
0.0018272	NaN
0.0018182	NaN
0.001808	NaN
0.0017975	NaN
0.0017878	NaN
0.0017798	NaN
0.0017747	NaN
0.0017732	NaN
0.0017766	NaN
0.0017858	NaN
0.0018014	NaN
0.0018234	NaN
0.0018518	NaN
0.0018865	NaN
0.0019273	NaN
0.0019743	NaN
0.0020273	NaN
0.0020862	NaN
0.0021509	NaN
0.0022207	NaN
0.002295	NaN
0.0023731	NaN
0.0024545	NaN
0.0025385	NaN
0.0026244	NaN
0.0027117	NaN
0.0027998	NaN
0.0028883	NaN
0.0029771	NaN
0.0030657	NaN
0.003154	NaN
0.0032416	NaN
0.0033283	NaN
0.0034138	NaN
0.0034977	NaN
0.0035793	NaN
0.0036581	NaN
0.0037334	NaN
0.0038045	NaN
0.0038707	NaN
0.0039315	NaN
0.003986	NaN
0.0040338	NaN
0.004075	NaN
0.0041096	NaN
0.0041379	NaN
0.0041598	NaN
0.0041756	NaN
0.0041853	NaN
0.0041891	NaN
0.0041874	NaN
0.0041812	NaN
0.0041718	NaN
0.0041606	NaN
0.0041489	NaN
0.0041379	NaN
0.004129	NaN
0.0041235	NaN
0.0041225	NaN
0.0041258	NaN
0.0041328	NaN
0.0041432	NaN
0.0041564	NaN
0.0041718	NaN
0.0041889	NaN
0.0042073	NaN
0.0042263	NaN
0.0042452	NaN
0.0042633	NaN
0.0042796	NaN
0.0042934	NaN
0.0043039	NaN
0.0043102	NaN
0.0043115	NaN
0.004307	NaN
0.0042964	NaN
0.0042795	NaN
0.0042559	NaN
0.0042256	NaN
0.0041883	NaN
0.0041437	NaN
0.0040916	NaN
0.0040319	NaN
0.0039645	NaN
0.0038891	NaN
0.0038059	NaN
0.0037148	NaN
0.0036156	NaN
0.0035084	NaN
0.003393	NaN
0.0032695	NaN
0.0031384	NaN
0.0030006	NaN
0.0028569	NaN
0.0027082	NaN
0.0025555	NaN
0.0023994	NaN
0.002241	NaN
0.0020811	NaN
0.0019208	NaN
0.0017611	NaN
0.0016033	NaN
0.0014485	NaN
0.0012978	NaN
0.0011525	NaN
0.0010137	NaN
0.00088244	NaN
0.00075949	NaN
0.0006452	NaN
0.00053991	NaN
0.00044397	NaN
0.00035773	NaN
0.00028154	NaN
0.00021574	NaN
0.00016066	NaN
0.00011625	NaN
8.2117e-05	NaN
5.7849e-05	NaN
4.3041e-05	NaN
3.7286e-05	NaN
4.0177e-05	NaN
5.1307e-05	NaN
7.0265e-05	NaN
9.6523e-05	NaN
0.00012944	NaN
0.00016836	NaN
0.00021263	NaN
0.0002616	NaN
0.00031463	NaN
0.00037105	NaN
0.00043023	NaN
0.00049154	NaN
0.00055439	NaN
0.00061821	NaN
0.00068239	NaN
0.00074637	NaN
0.00080956	NaN
0.00087137	NaN
0.00093122	NaN
0.00098854	NaN
0.0010428	NaN
0.0010935	NaN
0.00114	NaN
0.0011819	NaN
0.0012186	NaN
0.0012496	NaN
0.0012743	NaN
0.0012924	NaN
0.0013041	NaN
0.0013094	NaN
0.0013084	NaN
0.0013012	NaN
0.001288	NaN
0.0012688	NaN
0.0012437	NaN
0.0012131	NaN
0.0011775	NaN
0.0011378	NaN
0.0010945	NaN
0.0010485	NaN
0.0010003	NaN
0.00095075	NaN
0.00090046	NaN
0.00085005	NaN
0.00079985	NaN
0.00075016	NaN
0.0007013	NaN
0.00065356	NaN
0.00060727	NaN
0.00056272	NaN
0.00052022	NaN
0.00048002	NaN
0.00044226	NaN
0.00040705	NaN
0.00037449	NaN
0.0003447	NaN
0.00031778	NaN
0.00029384	NaN
0.00027299	NaN
0.00025524	NaN
0.00024031	NaN
0.00022786	NaN
0.00021754	NaN
0.00020903	NaN
0.00020197	NaN
0.00019604	NaN
0.00019088	NaN
0.00018621	NaN
0.00018185	NaN
0.00017764	NaN
0.00017344	NaN
0.00016912	NaN
0.00016451	NaN
0.00015947	NaN
0.00015386	NaN
0.00014757	NaN
0.00014067	NaN
0.00013326	NaN
0.00012546	NaN
0.00011736	NaN
0.00010908	NaN
0.00010073	NaN
9.2406e-05	NaN
8.422e-05	NaN
7.6232e-05	NaN
6.8492e-05	NaN
6.1053e-05	NaN
5.3967e-05	NaN
4.7287e-05	NaN
4.1062e-05	NaN
3.5347e-05	NaN
3.0183e-05	NaN
2.556e-05	NaN
2.1449e-05	NaN
1.7822e-05	NaN
1.465e-05	NaN
1.1905e-05	NaN
9.5558e-06	NaN
7.5756e-06	NaN
5.9343e-06	NaN
4.5982e-06	NaN
3.5318e-06	NaN
2.6996e-06	NaN
2.0661e-06	NaN
1.5956e-06	NaN
1.2526e-06	NaN
1.0017e-06	NaN
8.0956e-07	NaN
6.6127e-07	NaN
5.5086e-07	NaN
4.7241e-07	NaN
4.1999e-07	NaN
3.8768e-07	NaN
3.6956e-07	NaN
3.5972e-07	NaN
3.5262e-07	NaN
3.468e-07	NaN
3.4301e-07	NaN
3.4208e-07	NaN
3.4479e-07	NaN
3.5195e-07	NaN
3.6436e-07	NaN
3.8284e-07	NaN
4.0801e-07	NaN
4.3867e-07	NaN
4.7237e-07	NaN
5.0665e-07	NaN
5.3906e-07	NaN
5.6713e-07	NaN
5.8841e-07	NaN
6.0042e-07	NaN
6.0088e-07	NaN
5.8981e-07	NaN
5.6898e-07	NaN
5.4023e-07	NaN
5.0537e-07	NaN
4.6624e-07	NaN
4.2466e-07	NaN
3.8246e-07	NaN
3.4144e-07	NaN
3.0302e-07	NaN
2.683e-07	NaN
2.3834e-07	NaN
2.1423e-07	NaN
1.9703e-07	NaN
1.8784e-07	NaN
1.8771e-07	NaN
1.9766e-07	NaN
2.1699e-07	NaN
2.4328e-07	NaN
2.7404e-07	NaN
3.0679e-07	NaN
3.3903e-07	NaN
3.6828e-07	NaN
3.9203e-07	NaN
4.0786e-07	NaN
4.1499e-07	NaN
4.1461e-07	NaN
4.08e-07	NaN
3.9644e-07	NaN
3.8123e-07	NaN
3.6366e-07	NaN
3.4501e-07	NaN
3.2655e-07	NaN
3.0903e-07	NaN
2.9247e-07	NaN
2.7683e-07	NaN
2.6208e-07	NaN
2.482e-07	NaN
2.3515e-07	NaN
2.2291e-07	NaN
2.1143e-07	NaN
2.0071e-07	NaN
1.9079e-07	NaN
1.8169e-07	NaN
1.7343e-07	NaN
1.6607e-07	NaN
1.5961e-07	NaN
1.541e-07	NaN
1.4957e-07	NaN
1.4613e-07	NaN
1.4407e-07	NaN
1.4368e-07	NaN
1.4526e-07	NaN
1.491e-07	NaN
1.5549e-07	NaN
1.6474e-07	NaN
1.7713e-07	NaN
1.9253e-07	NaN
2.0992e-07	NaN
2.2816e-07	NaN
2.4611e-07	NaN
2.6263e-07	NaN
2.7659e-07	NaN
2.8683e-07	NaN
2.9224e-07	NaN
2.9219e-07	NaN
2.8738e-07	NaN
2.7872e-07	NaN
2.671e-07	NaN
2.534e-07	NaN
2.3854e-07	NaN
2.2339e-07	NaN
2.0886e-07	NaN
1.9564e-07	NaN
1.8381e-07	NaN
1.7337e-07	NaN
1.643e-07	NaN
1.5659e-07	NaN
1.5022e-07	NaN
1.4519e-07	NaN
1.4149e-07	NaN
1.3909e-07	NaN
1.3798e-07	NaN
1.3816e-07	NaN
1.3961e-07	NaN
1.4231e-07	NaN
1.4626e-07	NaN
1.5144e-07	NaN
1.5784e-07	NaN
5.7249e-08	NaN
5.0561e-08	NaN
4.4286e-08	NaN
3.8491e-08	NaN
3.3245e-08	NaN
2.8619e-08	NaN
2.468e-08	NaN
2.1498e-08	NaN
1.9141e-08	NaN
1.7679e-08	NaN
