3.2094e-07	NaN
3.2223e-07	NaN
3.2236e-07	NaN
3.2154e-07	NaN
3.1995e-07	NaN
3.1778e-07	NaN
3.1522e-07	NaN
3.1247e-07	NaN
3.0963e-07	NaN
3.0638e-07	NaN
3.0222e-07	NaN
2.9667e-07	NaN
2.8925e-07	NaN
2.7945e-07	NaN
2.6681e-07	NaN
2.5082e-07	NaN
2.3115e-07	NaN
2.085e-07	NaN
1.8394e-07	NaN
1.5859e-07	NaN
1.3353e-07	NaN
1.0987e-07	NaN
8.8695e-08	NaN
7.1111e-08	NaN
5.8104e-08	NaN
4.9814e-08	NaN
4.5978e-08	NaN
4.6328e-08	NaN
5.0598e-08	NaN
5.8523e-08	NaN
6.9835e-08	NaN
8.4269e-08	NaN
1.0154e-07	NaN
1.2113e-07	NaN
1.4244e-07	NaN
1.6484e-07	NaN
1.8771e-07	NaN
2.1043e-07	NaN
2.3237e-07	NaN
2.5292e-07	NaN
2.7151e-07	NaN
2.8813e-07	NaN
3.0314e-07	NaN
3.1691e-07	NaN
3.2982e-07	NaN
3.4221e-07	NaN
3.5448e-07	NaN
3.6697e-07	NaN
3.8005e-07	NaN
3.9391e-07	NaN
4.0863e-07	NaN
4.243e-07	NaN
4.4097e-07	NaN
4.5873e-07	NaN
4.7765e-07	NaN
4.9781e-07	NaN
5.1926e-07	NaN
5.4163e-07	NaN
5.6417e-07	NaN
5.8614e-07	NaN
6.0679e-07	NaN
6.2537e-07	NaN
6.4113e-07	NaN
6.5333e-07	NaN
6.6121e-07	NaN
6.6409e-07	NaN
6.6135e-07	NaN
6.5237e-07	NaN
6.3652e-07	NaN
6.132e-07	NaN
5.8178e-07	NaN
5.4164e-07	NaN
4.9221e-07	NaN
4.3464e-07	NaN
3.7203e-07	NaN
3.0756e-07	NaN
2.4444e-07	NaN
1.8585e-07	NaN
1.3501e-07	NaN
9.5104e-08	NaN
6.9322e-08	NaN
6.0497e-08	NaN
7.0992e-08	NaN
1.0314e-07	NaN
1.5926e-07	NaN
2.417e-07	NaN
3.5277e-07	NaN
4.9482e-07	NaN
6.7013e-07	NaN
8.7884e-07	NaN
1.1178e-06	NaN
1.3835e-06	NaN
1.6725e-06	NaN
1.9813e-06	NaN
2.3066e-06	NaN
2.6448e-06	NaN
2.9926e-06	NaN
3.3474e-06	NaN
3.7085e-06	NaN
4.0753e-06	NaN
4.4474e-06	NaN
4.8241e-06	NaN
5.2049e-06	NaN
5.5892e-06	NaN
5.9766e-06	NaN
6.3676e-06	NaN
6.7654e-06	NaN
7.1737e-06	NaN
7.5958e-06	NaN
8.0353e-06	NaN
8.4958e-06	NaN
8.9807e-06	NaN
9.4935e-06	NaN
1.0044e-05	NaN
1.0657e-05	NaN
1.1358e-05	NaN
1.2176e-05	NaN
1.3135e-05	NaN
1.4263e-05	NaN
1.5588e-05	NaN
1.7134e-05	NaN
1.8942e-05	NaN
2.1084e-05	NaN
2.3638e-05	NaN
2.6683e-05	NaN
3.0297e-05	NaN
3.4559e-05	NaN
3.9548e-05	NaN
4.5342e-05	NaN
5.2004e-05	NaN
5.9544e-05	NaN
6.7962e-05	NaN
7.7257e-05	NaN
8.7427e-05	NaN
9.8474e-05	NaN
0.0001104	NaN
0.00012319	NaN
0.00013685	NaN
0.00015127	NaN
0.00016637	NaN
0.00018204	NaN
0.00019818	NaN
0.00021469	NaN
0.00023147	NaN
0.00024842	NaN
0.00026544	NaN
0.00028246	NaN
0.00029942	NaN
0.00031624	NaN
0.00033285	NaN
0.0003492	NaN
0.0003652	NaN
0.0003808	NaN
0.00039594	NaN
0.00041065	NaN
0.00042496	NaN
0.00043894	NaN
0.00045262	NaN
0.00046606	NaN
0.00047931	NaN
0.00049241	NaN
0.0005054	NaN
0.0005182	NaN
0.00053069	NaN
0.00054275	NaN
0.00055427	NaN
0.00056513	NaN
0.0005752	NaN
0.00058437	NaN
0.00059252	NaN
0.00059953	NaN
0.00060527	NaN
0.0006096	NaN
0.00061241	NaN
0.00061357	NaN
0.00061294	NaN
0.00061041	NaN
0.00060585	NaN
0.00059925	NaN
0.00059064	NaN
0.00058004	NaN
0.0005675	NaN
0.00055305	NaN
0.00053671	NaN
0.00051853	NaN
0.00049855	NaN
0.00047697	NaN
0.00045409	NaN
0.00043022	NaN
0.00040565	NaN
0.00038069	NaN
0.00035563	NaN
0.00033079	NaN
0.00030646	NaN
0.0002829	NaN
0.00026033	NaN
0.00023899	NaN
0.0002191	NaN
0.00020089	NaN
0.00018459	NaN
0.00017044	NaN
0.00015864	NaN
0.00014919	NaN
0.00014192	NaN
0.00013664	NaN
0.00013316	NaN
0.00013131	NaN
0.00013089	NaN
0.00013172	NaN
0.00013361	NaN
0.00013639	NaN
0.00013987	NaN
0.00014388	NaN
0.00014824	NaN
0.00015277	NaN
0.00015729	NaN
0.00016164	NaN
0.00016563	NaN
0.00016912	NaN
0.00017203	NaN
0.00017427	NaN
0.00017576	NaN
0.0001764	NaN
0.00017612	NaN
0.00017482	NaN
0.00017242	NaN
0.0001689	NaN
0.00016433	NaN
0.00015878	NaN
0.00015232	NaN
0.00014502	NaN
0.00013695	NaN
0.00012818	NaN
0.00011878	NaN
0.00010887	NaN
9.8639e-05	NaN
8.8263e-05	NaN
7.7933e-05	NaN
6.7836e-05	NaN
5.8159e-05	NaN
4.9089e-05	NaN
4.0812e-05	NaN
3.3455e-05	NaN
2.7036e-05	NaN
2.1565e-05	NaN
1.705e-05	NaN
1.35e-05	NaN
1.0924e-05	NaN
9.332e-06	NaN
8.7315e-06	NaN
9.0764e-06	NaN
1.0209e-05	NaN
1.196e-05	NaN
1.4157e-05	NaN
1.6631e-05	NaN
1.921e-05	NaN
2.1725e-05	NaN
2.4004e-05	NaN
2.5934e-05	NaN
2.7533e-05	NaN
2.8837e-05	NaN
2.9884e-05	NaN
3.071e-05	NaN
3.1354e-05	NaN
3.1851e-05	NaN
3.224e-05	NaN
3.2547e-05	NaN
3.278e-05	NaN
3.2939e-05	NaN
3.3026e-05	NaN
3.3041e-05	NaN
3.2986e-05	NaN
3.2863e-05	NaN
3.2673e-05	NaN
3.2409e-05	NaN
3.2041e-05	NaN
3.1534e-05	NaN
3.0851e-05	NaN
2.9959e-05	NaN
2.882e-05	NaN
2.74e-05	NaN
2.5662e-05	NaN
2.3597e-05	NaN
2.1286e-05	NaN
1.8832e-05	NaN
1.6341e-05	NaN
1.3916e-05	NaN
1.1661e-05	NaN
9.6813e-06	NaN
8.0797e-06	NaN
6.9511e-06	NaN
6.3463e-06	NaN
6.3037e-06	NaN
6.8618e-06	NaN
8.059e-06	NaN
9.9337e-06	NaN
1.2524e-05	NaN
1.587e-05	NaN
2.004e-05	NaN
2.5275e-05	NaN
3.1874e-05	NaN
4.0133e-05	NaN
5.0349e-05	NaN
6.282e-05	NaN
7.7843e-05	NaN
9.5716e-05	NaN
0.00011678	NaN
0.00014168	NaN
0.00017115	NaN
0.00020597	NaN
0.00024687	NaN
0.0002946	NaN
0.00034993	NaN
0.00041359	NaN
0.00048635	NaN
0.00056885	NaN
0.00066173	NaN
0.00076562	NaN
0.00088116	NaN
0.001009	NaN
0.0011497	NaN
0.001304	NaN
0.0014723	NaN
0.0016546	NaN
0.0018501	NaN
0.0020584	NaN
0.0022789	NaN
0.0025108	NaN
0.0027538	NaN
0.003007	NaN
0.0032701	NaN
0.0035425	NaN
0.0038236	NaN
0.0041129	NaN
0.00441	NaN
0.0047143	NaN
0.0050254	NaN
0.0053427	NaN
0.0056658	NaN
0.005994	NaN
0.0063269	NaN
0.0066637	NaN
0.007004	NaN
0.007347	NaN
0.0076923	NaN
0.0080392	NaN
0.0083871	NaN
0.0087344	NaN
0.0090788	NaN
0.0094179	NaN
0.0097495	NaN
0.010071	NaN
0.010381	NaN
0.010675	NaN
0.010953	NaN
0.011212	NaN
0.011447	NaN
0.011657	NaN
0.011838	NaN
0.011987	NaN
0.012101	NaN
0.012177	NaN
0.012212	NaN
0.012207	NaN
0.012164	NaN
0.012089	NaN
0.011984	NaN
0.011854	NaN
0.011703	NaN
0.011534	NaN
0.011352	NaN
0.011159	NaN
0.01096	NaN
0.010757	NaN
0.010553	NaN
0.010352	NaN
0.010157	NaN
0.0099708	NaN
0.0097967	NaN
0.0096364	NaN
0.0094899	NaN
0.0093567	NaN
0.0092365	NaN
0.009129	NaN
0.0090338	NaN
0.0089506	NaN
0.008879	NaN
0.0088194	NaN
0.0087732	NaN
0.0087418	NaN
0.0087268	NaN
0.0087297	NaN
0.008752	NaN
0.0087953	NaN
0.008861	NaN
0.0089505	NaN
0.0090648	NaN
0.009205	NaN
0.009372	NaN
0.0095668	NaN
0.0097905	NaN
0.010044	NaN
0.010328	NaN
0.010643	NaN
0.010986	NaN
0.011355	NaN
0.011746	NaN
0.012156	NaN
0.012583	NaN
0.013024	NaN
0.013476	NaN
0.013936	NaN
0.014403	NaN
0.014876	NaN
0.015353	NaN
0.015835	NaN
0.016319	NaN
0.016805	NaN
0.017291	NaN
0.017779	NaN
0.018275	NaN
0.01879	NaN
0.019331	NaN
0.019909	NaN
0.020531	NaN
0.021207	NaN
0.021945	NaN
0.022754	NaN
0.023637	NaN
0.024597	NaN
0.025636	NaN
0.026757	NaN
0.027962	NaN
0.029254	NaN
0.030636	NaN
0.032109	NaN
0.033668	NaN
0.035304	NaN
0.037013	NaN
0.038785	NaN
0.040615	NaN
0.042496	NaN
0.044419	NaN
0.046384	NaN
0.048408	NaN
0.050518	NaN
0.05274	NaN
0.055102	NaN
0.057629	NaN
0.060347	NaN
0.063283	NaN
0.066464	NaN
0.069918	NaN
0.073675	NaN
0.077764	NaN
0.082215	NaN
0.087056	NaN
0.092318	NaN
0.098029	NaN
0.10422	-0.35313
0.1109	-0.37492
0.11808	-0.3955
0.12578	-0.41479
0.13399	-0.43273
0.14273	-0.44924
0.15201	-0.46426
0.16184	-0.47771
0.17222	-0.48952
0.18316	-0.49963
0.19463	-0.50796
0.20662	-0.51445
0.21913	-0.51902
0.23213	-0.5216
0.24562	-0.52213
0.25958	-0.52052
0.27401	-0.51673
0.28893	-0.51077
0.30439	-0.50272
0.32044	-0.49263
0.33712	-0.48059
0.35449	-0.46667
0.3726	-0.45094
0.3915	-0.43346
0.41122	-0.41432
0.43181	-0.39369
0.45327	-0.37177
0.47561	-0.34881
0.49885	-0.32501
0.52299	-0.30061
0.54806	-0.27583
0.57405	-0.2509
0.60098	-0.22603
0.62872	-0.20143
0.65704	-0.1773
0.68572	-0.15383
0.71452	-0.1312
0.74321	-0.10961
0.77157	-0.089251
0.79936	-0.070314
0.82636	-0.052989
0.85232	-0.037402
0.87697	-0.023629
0.90006	-0.01174
0.92133	-0.0018065
0.9405	0.0061001
0.95733	0.011909
0.97154	0.015548
0.98289	0.016948
0.99129	0.016079
0.99687	0.012954
0.99973	0.0075894
1	0
0.9978	-0.0097986
0.99326	-0.021791
0.98649	-0.035962
0.97762	-0.052292
0.96672	-0.070653
0.95383	-0.090778
0.93898	-0.11239
0.92219	-0.13522
0.90349	-0.15898
0.88292	-0.18341
0.8605	-0.20823
0.83626	-0.23316
0.81023	-0.25835
0.78243	-0.28449
0.75291	-0.31232
0.72168	-0.34259
0.68877	-0.37605
0.65421	-0.41343
0.61804	-0.45548
0.58028	-0.50292
0.54112	-0.55538
0.50102	-0.61061
0.46046	-0.66618
0.41993	-0.71967
0.3799	-0.76866
0.34086	-0.81073
0.30329	-0.84346
0.26767	-0.86445
0.23435	-0.87542
0.20343	-0.88596
0.17496	-0.90655
0.149	-0.9477
0.12562	-1.0199
0.10489	-1.1337
0.086856	NaN
0.071591	NaN
0.059064	NaN
0.049041	NaN
0.041261	NaN
0.035462	NaN
0.031383	NaN
0.028763	NaN
0.027341	NaN
0.026855	NaN
0.027081	NaN
0.027897	NaN
0.029196	NaN
0.030869	NaN
0.032809	NaN
0.03491	NaN
0.037064	NaN
0.039164	NaN
0.041118	NaN
0.042883	NaN
0.044424	NaN
0.045709	NaN
0.046702	NaN
0.04737	NaN
0.047678	NaN
0.047593	NaN
0.047093	NaN
0.046204	NaN
0.044964	NaN
0.043409	NaN
0.041575	NaN
0.039499	NaN
0.037219	NaN
0.034771	NaN
0.032192	NaN
0.029525	NaN
0.026811	NaN
0.024093	NaN
0.021414	NaN
0.018816	NaN
0.016342	NaN
0.014035	NaN
0.01193	NaN
0.010032	NaN
0.0083337	NaN
0.0068301	NaN
0.0055146	NaN
0.004381	NaN
0.0034231	NaN
0.0026348	NaN
0.0020093	NaN
0.0015351	NaN
0.0011995	NaN
0.00098949	NaN
0.0008922	NaN
0.00089471	NaN
0.00098414	NaN
0.0011476	NaN
0.001372	NaN
0.0016439	NaN
0.0019493	NaN
0.0022744	NaN
0.0026053	NaN
0.0029282	NaN
0.0032291	NaN
0.0034943	NaN
0.0037107	NaN
0.0038735	NaN
0.0039817	NaN
0.0040345	NaN
0.004031	NaN
0.0039703	NaN
0.0038516	NaN
0.0036739	NaN
0.0034374	NaN
0.0031512	NaN
0.0028299	NaN
0.0024882	NaN
0.0021407	NaN
0.0018021	NaN
0.001487	NaN
0.0012102	NaN
0.00098569	NaN
0.00081923	NaN
0.00071114	NaN
0.00066156	NaN
0.00067068	NaN
0.00073863	NaN
0.00086559	NaN
0.0010517	NaN
0.0012967	NaN
0.0015925	NaN
0.0019253	NaN
0.0022809	NaN
0.0026451	NaN
0.0030039	NaN
0.0033431	NaN
0.0036485	NaN
0.0039065	NaN
0.0041105	NaN
0.0042603	NaN
0.0043563	NaN
0.0043986	NaN
0.0043875	NaN
0.0043232	NaN
0.0042059	NaN
0.0040359	NaN
0.0038183	NaN
0.0035626	NaN
0.0032789	NaN
0.002977	NaN
0.0026669	NaN
0.0023585	NaN
0.0020618	NaN
0.0017865	NaN
0.0015386	NaN
0.0013196	NaN
0.0011304	NaN
0.00097213	NaN
0.00084593	NaN
0.00075283	NaN
0.00069391	NaN
0.00067021	NaN
0.00068074	NaN
0.00072171	NaN
0.0007891	NaN
0.00087889	NaN
0.00098707	NaN
0.0011096	NaN
0.0012425	NaN
0.0013818	NaN
0.0015241	NaN
0.0016673	NaN
0.0018092	NaN
0.0019479	NaN
0.0020812	NaN
0.002207	NaN
0.0023234	NaN
0.0024281	NaN
0.0025203	NaN
0.0026012	NaN
0.0026723	NaN
0.002735	NaN
0.0027908	NaN
0.0028411	NaN
0.0028873	NaN
0.002931	NaN
0.0029736	NaN
0.0030162	NaN
0.0030602	NaN
0.0031068	NaN
0.0031573	NaN
0.0032129	NaN
0.0032749	NaN
0.0033445	NaN
0.0034222	NaN
0.0035064	NaN
0.0035953	NaN
0.003687	NaN
0.0037797	NaN
0.0038714	NaN
0.0039604	NaN
0.0040447	NaN
0.0041228	NaN
0.0041937	NaN
0.0042569	NaN
0.0043115	NaN
0.004357	NaN
0.0043925	NaN
0.0044175	NaN
0.0044311	NaN
0.004433	NaN
0.0044236	NaN
0.0044033	NaN
0.0043728	NaN
0.0043326	NaN
0.0042832	NaN
0.0042254	NaN
0.0041595	NaN
0.0040865	NaN
0.0040076	NaN
0.0039247	NaN
0.0038392	NaN
0.003753	NaN
0.0036677	NaN
0.0035848	NaN
0.0035061	NaN
0.0034331	NaN
0.0033667	NaN
0.0033073	NaN
0.0032556	NaN
0.0032122	NaN
0.0031776	NaN
0.0031526	NaN
0.0031376	NaN
0.0031331	NaN
0.0031389	NaN
0.0031541	NaN
0.0031781	NaN
0.0032103	NaN
0.0032499	NaN
0.0032965	NaN
0.0033491	NaN
0.0034073	NaN
0.00347	NaN
0.0035365	NaN
0.0036057	NaN
0.0036768	NaN
0.0037489	NaN
0.0038209	NaN
0.0038921	NaN
0.0039614	NaN
0.0040276	NaN
0.0040893	NaN
0.0041452	NaN
0.0041939	NaN
0.004234	NaN
0.0042642	NaN
0.004283	NaN
0.0042892	NaN
0.0042825	NaN
0.0042632	NaN
0.0042315	NaN
0.0041879	NaN
0.0041325	NaN
0.0040656	NaN
0.0039876	NaN
0.0038988	NaN
0.0037998	NaN
0.0036918	NaN
0.0035757	NaN
0.0034527	NaN
0.0033236	NaN
0.0031895	NaN
0.0030515	NaN
0.0029106	NaN
0.0027675	NaN
0.002623	NaN
0.0024775	NaN
0.0023319	NaN
0.0021867	NaN
0.0020425	NaN
0.0019	NaN
0.0017598	NaN
0.0016228	NaN
0.0014896	NaN
0.0013611	NaN
0.0012383	NaN
0.0011219	NaN
0.0010128	NaN
0.00091183	NaN
0.0008198	NaN
0.00073699	NaN
0.00066312	NaN
0.00059789	NaN
0.00054097	NaN
0.00049205	NaN
0.00045083	NaN
0.00041699	NaN
0.00039022	NaN
0.00036989	NaN
0.00035501	NaN
0.0003446	NaN
0.00033764	NaN
0.00033313	NaN
0.00033008	NaN
0.00032747	NaN
0.00032431	NaN
0.00031999	NaN
0.00031436	NaN
0.00030734	NaN
0.00029883	NaN
0.00028876	NaN
0.00027703	NaN
0.00026354	NaN
0.00024822	NaN
0.00023117	NaN
0.00021285	NaN
0.00019371	NaN
0.00017425	NaN
0.00015491	NaN
0.00013619	NaN
0.00011854	NaN
0.00010244	NaN
8.8164e-05	NaN
7.5614e-05	NaN
6.466e-05	NaN
5.5171e-05	NaN
4.7015e-05	NaN
4.0061e-05	NaN
3.4175e-05	NaN
2.9228e-05	NaN
2.5104e-05	NaN
2.1726e-05	NaN
1.9021e-05	NaN
1.6916e-05	NaN
1.534e-05	NaN
1.4218e-05	NaN
1.348e-05	NaN
1.3051e-05	NaN
1.2874e-05	NaN
1.293e-05	NaN
1.3204e-05	NaN
1.3682e-05	NaN
1.435e-05	NaN
1.5194e-05	NaN
1.6199e-05	NaN
1.7351e-05	NaN
1.8626e-05	NaN
1.9966e-05	NaN
2.1308e-05	NaN
2.2588e-05	NaN
2.3743e-05	NaN
2.4711e-05	NaN
2.5427e-05	NaN
2.5828e-05	NaN
2.587e-05	NaN
2.5571e-05	NaN
2.4962e-05	NaN
2.4075e-05	NaN
2.2942e-05	NaN
2.1595e-05	NaN
2.0065e-05	NaN
1.8386e-05	NaN
1.6589e-05	NaN
1.4719e-05	NaN
1.2818e-05	NaN
1.0931e-05	NaN
9.103e-06	NaN
7.3774e-06	NaN
5.7988e-06	NaN
4.4113e-06	NaN
3.251e-06	NaN
2.3136e-06	NaN
1.5827e-06	NaN
1.0418e-06	NaN
6.7459e-07	NaN
4.6463e-07	NaN
3.9552e-07	NaN
4.5084e-07	NaN
6.1376e-07	NaN
8.6502e-07	NaN
1.1845e-06	NaN
1.552e-06	NaN
1.9475e-06	NaN
2.3509e-06	NaN
2.7419e-06	NaN
3.1006e-06	NaN
3.4086e-06	NaN
3.6613e-06	NaN
3.8596e-06	NaN
4.0042e-06	NaN
4.096e-06	NaN
4.1359e-06	NaN
4.1247e-06	NaN
4.0632e-06	NaN
3.9529e-06	NaN
3.7991e-06	NaN
3.6094e-06	NaN
3.3914e-06	NaN
3.1524e-06	NaN
2.9001e-06	NaN
2.642e-06	NaN
2.3854e-06	NaN
2.138e-06	NaN
1.9059e-06	NaN
1.6949e-06	NaN
1.5109e-06	NaN
1.3594e-06	NaN
1.2462e-06	NaN
1.1771e-06	NaN
1.1578e-06	NaN
1.1934e-06	NaN
1.2803e-06	NaN
1.4096e-06	NaN
1.5722e-06	NaN
1.7591e-06	NaN
1.9611e-06	NaN
2.1691e-06	NaN
2.3742e-06	NaN
2.5674e-06	NaN
2.7433e-06	NaN
2.8992e-06	NaN
3.0323e-06	NaN
3.1399e-06	NaN
3.2192e-06	NaN
3.2675e-06	NaN
3.2821e-06	NaN
3.2604e-06	NaN
3.2042e-06	NaN
3.119e-06	NaN
3.0101e-06	NaN
2.8833e-06	NaN
2.744e-06	NaN
2.5978e-06	NaN
2.4502e-06	NaN
2.3067e-06	NaN
2.17e-06	NaN
2.04e-06	NaN
1.9167e-06	NaN
1.7998e-06	NaN
1.6894e-06	NaN
1.5851e-06	NaN
1.4869e-06	NaN
1.3946e-06	NaN
1.3081e-06	NaN
1.2273e-06	NaN
1.1521e-06	NaN
1.0825e-06	NaN
1.0182e-06	NaN
9.5916e-07	NaN
9.0533e-07	NaN
8.5657e-07	NaN
8.125e-07	NaN
7.7239e-07	NaN
7.3548e-07	NaN
7.01e-07	NaN
6.6819e-07	NaN
6.363e-07	NaN
6.0456e-07	NaN
5.7223e-07	NaN
5.3928e-07	NaN
5.0683e-07	NaN
4.761e-07	NaN
4.4831e-07	NaN
4.2467e-07	NaN
4.064e-07	NaN
3.9472e-07	NaN
3.9083e-07	NaN
3.9507e-07	NaN
4.0622e-07	NaN
4.2286e-07	NaN
4.4362e-07	NaN
4.6707e-07	NaN
4.9184e-07	NaN
5.1651e-07	NaN
5.397e-07	NaN
5.6023e-07	NaN
5.774e-07	NaN
5.9058e-07	NaN
5.9914e-07	NaN
6.0244e-07	NaN
5.9985e-07	NaN
5.9072e-07	NaN
5.7444e-07	NaN
5.5092e-07	NaN
5.2147e-07	NaN
4.8759e-07	NaN
4.5079e-07	NaN
4.1259e-07	NaN
3.745e-07	NaN
3.3801e-07	NaN
3.0465e-07	NaN
2.7553e-07	NaN
2.506e-07	NaN
2.2962e-07	NaN
2.1235e-07	NaN
1.9856e-07	NaN
1.8798e-07	NaN
1.8039e-07	NaN
1.7553e-07	NaN
1.7317e-07	NaN
1.7307e-07	NaN
1.7497e-07	NaN
1.7864e-07	NaN
1.8383e-07	NaN
1.903e-07	NaN
1.9781e-07	NaN
2.0612e-07	NaN
2.2583e-07	NaN
2.4611e-07	NaN
2.6352e-07	NaN
2.7825e-07	NaN
2.9048e-07	NaN
3.0041e-07	NaN
3.0823e-07	NaN
3.1413e-07	NaN
3.183e-07	NaN
