1.646e-07	NaN
1.7221e-07	NaN
1.7744e-07	NaN
1.7994e-07	NaN
1.1766e-07	NaN
1.084e-07	NaN
1.012e-07	NaN
9.592e-08	NaN
9.2373e-08	NaN
9.0398e-08	NaN
8.9828e-08	NaN
9.0496e-08	NaN
9.2235e-08	NaN
9.4878e-08	NaN
9.8258e-08	NaN
1.0221e-07	NaN
1.0656e-07	NaN
1.1115e-07	NaN
1.1581e-07	NaN
1.2038e-07	NaN
1.2467e-07	NaN
1.2856e-07	NaN
1.3203e-07	NaN
1.3512e-07	NaN
1.3784e-07	NaN
1.4025e-07	NaN
1.4237e-07	NaN
1.4423e-07	NaN
1.4587e-07	NaN
1.4732e-07	NaN
1.4864e-07	NaN
1.4992e-07	NaN
1.5122e-07	NaN
1.5261e-07	NaN
1.5418e-07	NaN
1.5598e-07	NaN
1.5811e-07	NaN
1.606e-07	NaN
1.6336e-07	NaN
1.662e-07	NaN
1.6894e-07	NaN
1.714e-07	NaN
1.7341e-07	NaN
1.7477e-07	NaN
1.753e-07	NaN
1.7484e-07	NaN
1.7331e-07	NaN
1.7066e-07	NaN
1.6687e-07	NaN
1.6191e-07	NaN
1.5573e-07	NaN
1.4833e-07	NaN
1.3964e-07	NaN
1.2968e-07	NaN
1.1861e-07	NaN
1.0676e-07	NaN
9.4443e-08	NaN
8.1974e-08	NaN
6.9669e-08	NaN
5.7847e-08	NaN
4.6825e-08	NaN
3.6945e-08	NaN
2.894e-08	NaN
2.3826e-08	NaN
2.2628e-08	NaN
2.637e-08	NaN
3.6078e-08	NaN
5.2774e-08	NaN
7.7485e-08	NaN
1.1121e-07	NaN
1.5453e-07	NaN
2.0765e-07	NaN
2.7079e-07	NaN
3.4415e-07	NaN
4.2794e-07	NaN
5.2235e-07	NaN
6.276e-07	NaN
7.4388e-07	NaN
8.7129e-07	NaN
1.0098e-06	NaN
1.1594e-06	NaN
1.32e-06	NaN
1.4917e-06	NaN
1.6744e-06	NaN
1.868e-06	NaN
2.0727e-06	NaN
2.2896e-06	NaN
2.5215e-06	NaN
2.7711e-06	NaN
3.0412e-06	NaN
3.3347e-06	NaN
3.6542e-06	NaN
4.0026e-06	NaN
4.3826e-06	NaN
4.797e-06	NaN
5.2481e-06	NaN
5.7385e-06	NaN
6.2706e-06	NaN
6.847e-06	NaN
7.4701e-06	NaN
8.1424e-06	NaN
8.8664e-06	NaN
9.6422e-06	NaN
1.0467e-05	NaN
1.1336e-05	NaN
1.2247e-05	NaN
1.3197e-05	NaN
1.4181e-05	NaN
1.5196e-05	NaN
1.6239e-05	NaN
1.732e-05	NaN
1.8471e-05	NaN
1.9727e-05	NaN
2.1125e-05	NaN
2.2699e-05	NaN
2.4484e-05	NaN
2.6515e-05	NaN
2.8829e-05	NaN
3.1437e-05	NaN
3.431e-05	NaN
3.741e-05	NaN
4.0701e-05	NaN
4.4146e-05	NaN
4.7708e-05	NaN
5.1351e-05	NaN
5.5038e-05	NaN
5.8754e-05	NaN
6.2537e-05	NaN
6.6432e-05	NaN
7.0483e-05	NaN
7.4737e-05	NaN
7.9237e-05	NaN
8.403e-05	NaN
8.9161e-05	NaN
9.4675e-05	NaN
0.00010062	NaN
0.00010706	NaN
0.00011403	NaN
0.0001216	NaN
0.0001298	NaN
0.00013869	NaN
0.00014833	NaN
0.00015876	NaN
0.00017	NaN
0.00018206	NaN
0.00019498	NaN
0.00020875	NaN
0.00022341	NaN
0.00023896	NaN
0.00025543	NaN
0.00027283	NaN
0.00029113	NaN
0.0003103	NaN
0.00033031	NaN
0.00035114	NaN
0.00037274	NaN
0.00039509	NaN
0.00041815	NaN
0.00044188	NaN
0.00046612	NaN
0.00049069	NaN
0.0005154	NaN
0.00054007	NaN
0.00056452	NaN
0.00058857	NaN
0.00061202	NaN
0.00063469	NaN
0.00065634	NaN
0.00067671	NaN
0.00069553	NaN
0.00071256	NaN
0.00072754	NaN
0.0007402	NaN
0.00075029	NaN
0.00075758	NaN
0.00076211	NaN
0.00076399	NaN
0.00076333	NaN
0.00076027	NaN
0.00075492	NaN
0.00074739	NaN
0.00073782	NaN
0.00072632	NaN
0.00071301	NaN
0.00069803	NaN
0.00068149	NaN
0.00066354	NaN
0.00064429	NaN
0.00062387	NaN
0.00060241	NaN
0.00058004	NaN
0.00055685	NaN
0.00053292	NaN
0.00050833	NaN
0.00048317	NaN
0.00045751	NaN
0.00043144	NaN
0.00040504	NaN
0.00037839	NaN
0.00035167	NaN
0.00032508	NaN
0.00029884	NaN
0.00027317	NaN
0.00024827	NaN
0.00022436	NaN
0.00020167	NaN
0.00018038	NaN
0.00016059	NaN
0.00014226	NaN
0.00012538	NaN
0.00010992	NaN
9.5876e-05	NaN
8.3214e-05	NaN
7.1917e-05	NaN
6.1961e-05	NaN
5.3268e-05	NaN
4.5714e-05	NaN
3.9174e-05	NaN
3.3524e-05	NaN
2.8639e-05	NaN
2.4394e-05	NaN
2.0664e-05	NaN
1.7328e-05	NaN
1.4326e-05	NaN
1.166e-05	NaN
9.3366e-06	NaN
7.3598e-06	NaN
5.7347e-06	NaN
4.4663e-06	NaN
3.5595e-06	NaN
3.0186e-06	NaN
2.8275e-06	NaN
2.9474e-06	NaN
3.3384e-06	NaN
3.9604e-06	NaN
4.7736e-06	NaN
5.7379e-06	NaN
6.8134e-06	NaN
7.9601e-06	NaN
9.1421e-06	NaN
1.0328e-05	NaN
1.1488e-05	NaN
1.259e-05	NaN
1.3604e-05	NaN
1.45e-05	NaN
1.5245e-05	NaN
1.5811e-05	NaN
1.6179e-05	NaN
1.635e-05	NaN
1.6326e-05	NaN
1.611e-05	NaN
1.5704e-05	NaN
1.5111e-05	NaN
1.4333e-05	NaN
1.3372e-05	NaN
1.2247e-05	NaN
1.0999e-05	NaN
9.6725e-06	NaN
8.3133e-06	NaN
6.9657e-06	NaN
5.6746e-06	NaN
4.4849e-06	NaN
3.4412e-06	NaN
2.5741e-06	NaN
1.8853e-06	NaN
1.3731e-06	NaN
1.0358e-06	NaN
8.7163e-07	NaN
8.7897e-07	NaN
1.0561e-06	NaN
1.4013e-06	NaN
1.9072e-06	NaN
2.5535e-06	NaN
3.3178e-06	NaN
4.178e-06	NaN
5.1118e-06	NaN
6.0968e-06	NaN
7.1108e-06	NaN
8.1315e-06	NaN
9.1449e-06	NaN
1.0159e-05	NaN
1.1187e-05	NaN
1.224e-05	NaN
1.333e-05	NaN
1.4471e-05	NaN
1.5673e-05	NaN
1.6949e-05	NaN
1.8332e-05	NaN
1.9918e-05	NaN
2.1817e-05	NaN
2.4138e-05	NaN
2.6992e-05	NaN
3.0487e-05	NaN
3.4735e-05	NaN
3.9843e-05	NaN
4.5871e-05	NaN
5.2678e-05	NaN
6.0077e-05	NaN
6.788e-05	NaN
7.5899e-05	NaN
8.3948e-05	NaN
9.1838e-05	NaN
9.9383e-05	NaN
0.00010642	NaN
0.00011292	NaN
0.00011888	NaN
0.00012429	NaN
0.00012916	NaN
0.00013348	NaN
0.00013726	NaN
0.00014049	NaN
0.0001432	NaN
0.00014558	NaN
0.00014788	NaN
0.00015035	NaN
0.00015321	NaN
0.00015673	NaN
0.00016113	NaN
0.00016668	NaN
0.00017359	NaN
0.00018203	NaN
0.00019215	NaN
0.00020406	NaN
0.00021792	NaN
0.00023384	NaN
0.00025198	NaN
0.00027246	NaN
0.00029541	NaN
0.00032084	NaN
0.00034873	NaN
0.00037905	NaN
0.00041177	NaN
0.00044687	NaN
0.00048431	NaN
0.00052407	NaN
0.00056609	NaN
0.00061003	NaN
0.00065544	NaN
0.00070182	NaN
0.0007487	NaN
0.00079561	NaN
0.00084207	NaN
0.00088761	NaN
0.00093175	NaN
0.00097393	NaN
0.0010136	NaN
0.0010502	NaN
0.001083	NaN
0.0011117	NaN
0.0011355	NaN
0.0011539	NaN
0.0011663	NaN
0.001173	NaN
0.0011746	NaN
0.0011719	NaN
0.0011654	NaN
0.001156	NaN
0.0011444	NaN
0.0011311	NaN
0.001117	NaN
0.001102	NaN
0.0010861	NaN
0.0010689	NaN
0.0010501	NaN
0.0010294	NaN
0.0010066	NaN
0.00098146	NaN
0.00095363	NaN
0.00092312	NaN
0.00089015	NaN
0.00085497	NaN
0.0008178	NaN
0.00077887	NaN
0.00073842	NaN
0.00069668	NaN
0.00065388	NaN
0.00061045	NaN
0.000567	NaN
0.00052416	NaN
0.00048254	NaN
0.00044277	NaN
0.00040547	NaN
0.00037127	NaN
0.00034079	NaN
0.0003142	NaN
0.00029115	NaN
0.00027127	NaN
0.00025417	NaN
0.00023946	NaN
0.00022675	NaN
0.00021566	NaN
0.00020581	NaN
0.00019701	NaN
0.00018931	NaN
0.00018283	NaN
0.00017764	NaN
0.00017384	NaN
0.00017153	NaN
0.00017081	NaN
0.00017175	NaN
0.00017453	NaN
0.00017942	NaN
0.00018669	NaN
0.00019664	NaN
0.00020954	NaN
0.00022569	NaN
0.00024535	NaN
0.00026882	NaN
0.00029607	NaN
0.00032646	NaN
0.0003593	NaN
0.00039388	NaN
0.0004295	NaN
0.00046546	NaN
0.00050106	NaN
0.00053559	NaN
0.00056834	NaN
0.00059858	NaN
0.00062557	NaN
0.00064858	NaN
0.00066688	NaN
0.00067971	NaN
0.00068636	NaN
0.00068608	NaN
0.0006788	NaN
0.0006662	NaN
0.00065027	NaN
0.000633	NaN
0.00061636	NaN
0.00060235	NaN
0.00059294	NaN
0.00059013	NaN
0.00059567	NaN
0.00061065	NaN
0.00063603	NaN
0.00067275	NaN
0.00072177	NaN
0.00078402	NaN
0.00086047	NaN
0.00095206	NaN
0.0010614	NaN
0.0011972	NaN
0.0013696	NaN
0.0015888	NaN
0.0018649	NaN
0.0022081	NaN
0.0026286	NaN
0.0031364	NaN
0.0037467	NaN
0.0044957	NaN
0.0054257	NaN
0.0065789	NaN
0.0079975	NaN
0.0097237	NaN
0.0118	NaN
0.014268	NaN
0.01717	NaN
0.020548	NaN
0.024445	NaN
0.028902	NaN
0.033961	NaN
0.039664	NaN
0.046053	NaN
0.05317	NaN
0.061055	NaN
0.069741	NaN
0.079255	NaN
0.089625	NaN
0.10088	-0.59936
0.11305	-0.59931
0.12615	-0.59761
0.14023	-0.5943
0.1553	-0.58944
0.17136	-0.5831
0.18841	-0.57537
0.20643	-0.56635
0.22542	-0.55613
0.24536	-0.5448
0.26625	-0.53245
0.28807	-0.51917
0.31082	-0.50505
0.33446	-0.49015
0.35895	-0.47452
0.38426	-0.4582
0.41034	-0.44123
0.43715	-0.42366
0.46465	-0.40555
0.49281	-0.38692
0.52157	-0.36783
0.55082	-0.34835
0.58039	-0.32857
0.61012	-0.30857
0.63985	-0.28845
0.66941	-0.2683
0.69865	-0.24819
0.7274	-0.22823
0.75549	-0.20849
0.78278	-0.18907
0.80911	-0.17004
0.83432	-0.15149
0.85827	-0.13351
0.88081	-0.11619
0.90179	-0.099594
0.92104	-0.083821
0.93844	-0.068955
0.95385	-0.0551
0.9672	-0.042376
0.9784	-0.030907
0.98737	-0.020813
0.99401	-0.012216
0.99825	-0.0052381
1	0
0.99918	0.0033796
0.99584	0.0048506
0.99016	0.0044259
0.98232	0.0021212
0.97249	-0.0020481
0.96084	-0.0080666
0.94756	-0.015919
0.93283	-0.025589
0.91683	-0.037063
0.89972	-0.050356
0.88169	-0.065513
0.86292	-0.082583
0.84359	-0.10161
0.82387	-0.12265
0.80394	-0.14575
0.78398	-0.17095
0.76417	-0.19829
0.74454	-0.22775
0.72498	-0.25916
0.70535	-0.29237
0.68552	-0.32723
0.66537	-0.36357
0.64475	-0.40123
0.62355	-0.44007
0.60162	-0.47993
0.57891	-0.52096
0.55548	-0.5637
0.53138	-0.60877
0.50667	-0.65676
0.4814	-0.70827
0.45565	-0.76388
0.42945	-0.8242
0.40289	-0.88981
0.37606	-0.96027
0.34921	-1.0335
0.32255	-1.1071
0.29632	-1.179
0.27076	-1.2467
0.24609	-1.3081
0.22254	-1.3608
0.20036	-1.4026
0.17969	-1.4348
0.16058	-1.4657
0.14303	-1.5043
0.12707	-1.5597
0.11272	-1.6409
0.099978	NaN
0.088873	NaN
0.079419	NaN
0.071588	NaN
0.065248	NaN
0.060254	NaN
0.056463	NaN
0.053729	NaN
0.051909	NaN
0.050857	NaN
0.050429	NaN
0.050505	NaN
0.051026	NaN
0.051944	NaN
0.053212	NaN
0.054782	NaN
0.056605	NaN
0.058633	NaN
0.06082	NaN
0.063113	NaN
0.065448	NaN
0.067761	NaN
0.069985	NaN
0.072056	NaN
0.073907	NaN
0.075474	NaN
0.07669	NaN
0.077503	NaN
0.077902	NaN
0.077887	NaN
0.077458	NaN
0.076616	NaN
0.07536	NaN
0.07369	NaN
0.071607	NaN
0.069121	NaN
0.066281	NaN
0.063151	NaN
0.059791	NaN
0.056266	NaN
0.052636	NaN
0.048963	NaN
0.04531	NaN
0.041732	NaN
0.038253	NaN
0.034886	NaN
0.031644	NaN
0.02854	NaN
0.025588	NaN
0.0228	NaN
0.02019	NaN
0.017769	NaN
0.015541	NaN
0.013508	NaN
0.01167	NaN
0.010028	NaN
0.0085836	NaN
0.0073371	NaN
0.0062897	NaN
0.0054413	NaN
0.0047849	NaN
0.0043102	NaN
0.0040072	NaN
0.0038656	NaN
0.0038753	NaN
0.0040262	NaN
0.0043081	NaN
0.0047105	NaN
0.0052202	NaN
0.0058223	NaN
0.0065023	NaN
0.0072455	NaN
0.0080371	NaN
0.0088624	NaN
0.0097067	NaN
0.010556	NaN
0.011401	NaN
0.012238	NaN
0.01306	NaN
0.013863	NaN
0.014642	NaN
0.01539	NaN
0.016103	NaN
0.016776	NaN
0.017405	NaN
0.017983	NaN
0.018508	NaN
0.018975	NaN
0.019379	NaN
0.019717	NaN
0.019983	NaN
0.020174	NaN
0.020288	NaN
0.020327	NaN
0.020292	NaN
0.020185	NaN
0.020007	NaN
0.019759	NaN
0.019443	NaN
0.019059	NaN
0.018614	NaN
0.018112	NaN
0.017561	NaN
0.016967	NaN
0.016337	NaN
0.015678	NaN
0.014996	NaN
0.014298	NaN
0.013589	NaN
0.012875	NaN
0.012159	NaN
0.011448	NaN
0.010744	NaN
0.010053	NaN
0.0093786	NaN
0.0087266	NaN
0.0080991	NaN
0.0074967	NaN
0.0069197	NaN
0.0063685	NaN
0.0058434	NaN
0.0053448	NaN
0.0048731	NaN
0.0044286	NaN
0.004011	NaN
0.0036193	NaN
0.0032522	NaN
0.0029085	NaN
0.0025872	NaN
0.0022869	NaN
0.0020065	NaN
0.0017449	NaN
0.0015013	NaN
0.001276	NaN
0.0010692	NaN
0.00088133	NaN
0.00071252	NaN
0.0005631	NaN
0.00043335	NaN
0.00032355	NaN
0.00023409	NaN
0.00016555	NaN
0.00011854	NaN
9.3681e-05	NaN
9.1579e-05	NaN
0.00011285	NaN
0.00015809	NaN
0.00022793	NaN
0.00032239	NaN
0.00044026	NaN
0.00058017	NaN
0.00074074	NaN
0.00092059	NaN
0.0011183	NaN
0.0013326	NaN
0.001562	NaN
0.0018046	NaN
0.0020569	NaN
0.0023153	NaN
0.0025761	NaN
0.0028356	NaN
0.0030902	NaN
0.0033362	NaN
0.0035699	NaN
0.0037881	NaN
0.0039892	NaN
0.0041716	NaN
0.004334	NaN
0.0044749	NaN
0.0045929	NaN
0.0046865	NaN
0.0047543	NaN
0.0047957	NaN
0.0048132	NaN
0.0048099	NaN
0.0047891	NaN
0.0047538	NaN
0.0047073	NaN
0.0046526	NaN
0.0045929	NaN
0.0045312	NaN
0.0044693	NaN
0.0044086	NaN
0.0043507	NaN
0.0042972	NaN
0.0042495	NaN
0.0042092	NaN
0.0041779	NaN
0.0041566	NaN
0.0041449	NaN
0.0041416	NaN
0.0041457	NaN
0.0041559	NaN
0.0041713	NaN
0.0041906	NaN
0.0042128	NaN
0.0042369	NaN
0.004262	NaN
0.0042876	NaN
0.004313	NaN
0.0043375	NaN
0.0043605	NaN
0.0043813	NaN
0.0043993	NaN
0.004414	NaN
0.0044252	NaN
0.0044333	NaN
0.0044385	NaN
0.0044408	NaN
0.0044407	NaN
0.0044382	NaN
0.0044336	NaN
0.0044271	NaN
0.0044182	NaN
0.0044062	NaN
0.0043905	NaN
0.0043705	NaN
0.0043453	NaN
0.0043144	NaN
0.004277	NaN
0.0042325	NaN
0.0041807	NaN
0.0041215	NaN
0.0040549	NaN
0.0039809	NaN
0.0038994	NaN
0.0038104	NaN
0.0037139	NaN
0.00361	NaN
0.0034989	NaN
0.0033814	NaN
0.0032581	NaN
0.0031298	NaN
0.0029972	NaN
0.0028608	NaN
0.0027214	NaN
0.0025797	NaN
0.0024367	NaN
0.002294	NaN
0.0021528	NaN
0.0020145	NaN
0.0018806	NaN
0.0017524	NaN
0.0016313	NaN
0.0015188	NaN
0.0014153	NaN
0.0013209	NaN
0.0012356	NaN
0.0011593	NaN
0.0010919	NaN
0.0010333	NaN
0.00098366	NaN
0.00094275	NaN
0.00091013	NaN
0.00088495	NaN
0.00086628	NaN
0.00085325	NaN
0.00084494	NaN
0.00084046	NaN
0.00083892	NaN
0.00083942	NaN
0.00084126	NaN
0.00084401	NaN
0.00084723	NaN
0.00085048	NaN
0.00085333	NaN
0.00085534	NaN
0.00085609	NaN
0.00085512	NaN
0.00085214	NaN
0.00084694	NaN
0.00083938	NaN
0.00082929	NaN
0.0008165	NaN
0.00080085	NaN
0.00078216	NaN
0.00076029	NaN
0.00073523	NaN
0.00070726	NaN
0.00067667	NaN
0.00064376	NaN
0.00060882	NaN
0.00057215	NaN
0.00053405	NaN
0.0004948	NaN
0.00045478	NaN
0.00041445	NaN
0.0003743	NaN
0.00033483	NaN
0.00029651	NaN
0.00025984	NaN
0.00022531	NaN
0.0001934	NaN
0.00016442	NaN
0.00013832	NaN
0.00011498	NaN
9.4283e-05	NaN
7.6128e-05	NaN
6.04e-05	NaN
4.6988e-05	NaN
3.5781e-05	NaN
2.664e-05	NaN
1.936e-05	NaN
1.3725e-05	NaN
9.5173e-06	NaN
6.522e-06	NaN
4.5228e-06	NaN
3.3033e-06	NaN
2.6476e-06	NaN
2.3765e-06	NaN
2.4204e-06	NaN
2.73e-06	NaN
3.2556e-06	NaN
3.9479e-06	NaN
4.7574e-06	NaN
5.6346e-06	NaN
6.53e-06	NaN
7.4027e-06	NaN
8.2414e-06	NaN
9.0415e-06	NaN
9.798e-06	NaN
1.0506e-05	NaN
1.1161e-05	NaN
1.1759e-05	NaN
1.2293e-05	NaN
1.2761e-05	NaN
1.3158e-05	NaN
1.3484e-05	NaN
1.3734e-05	NaN
1.3907e-05	NaN
1.4001e-05	NaN
1.4013e-05	NaN
1.394e-05	NaN
1.3781e-05	NaN
1.3539e-05	NaN
1.3218e-05	NaN
1.2822e-05	NaN
1.2355e-05	NaN
1.1822e-05	NaN
1.1227e-05	NaN
1.0573e-05	NaN
9.8659e-06	NaN
9.118e-06	NaN
8.3436e-06	NaN
7.5569e-06	NaN
6.7724e-06	NaN
6.0043e-06	NaN
5.2671e-06	NaN
4.5751e-06	NaN
3.9411e-06	NaN
3.367e-06	NaN
2.8505e-06	NaN
2.389e-06	NaN
1.98e-06	NaN
1.6211e-06	NaN
1.3096e-06	NaN
1.0431e-06	NaN
8.1906e-07	NaN
6.3369e-07	NaN
4.8285e-07	NaN
3.6232e-07	NaN
2.6793e-07	NaN
1.9547e-07	NaN
1.4076e-07	NaN
9.9603e-08	NaN
6.8039e-08	NaN
4.4422e-08	NaN
2.8403e-08	NaN
1.9648e-08	NaN
1.7825e-08	NaN
2.26e-08	NaN
3.3639e-08	NaN
5.0609e-08	NaN
7.3134e-08	NaN
1.0034e-07	NaN
1.3103e-07	NaN
1.6398e-07	NaN
1.98e-07	NaN
2.3188e-07	NaN
2.6442e-07	NaN
2.9439e-07	NaN
3.2064e-07	NaN
3.4248e-07	NaN
3.5964e-07	NaN
3.7182e-07	NaN
3.7875e-07	NaN
3.8015e-07	NaN
3.7573e-07	NaN
3.6521e-07	NaN
3.4836e-07	NaN
3.259e-07	NaN
2.9936e-07	NaN
2.7029e-07	NaN
2.4027e-07	NaN
2.1085e-07	NaN
1.836e-07	NaN
1.6008e-07	NaN
1.4182e-07	NaN
1.2962e-07	NaN
1.2356e-07	NaN
1.2367e-07	NaN
1.3001e-07	NaN
1.426e-07	NaN
1.6149e-07	NaN
1.8672e-07	NaN
2.1831e-07	NaN
2.5563e-07	NaN
2.9735e-07	NaN
3.4207e-07	NaN
3.8838e-07	NaN
4.349e-07	NaN
4.8023e-07	NaN
5.2298e-07	NaN
5.6176e-07	NaN
5.9554e-07	NaN
6.2381e-07	NaN
6.4608e-07	NaN
6.6185e-07	NaN
6.7063e-07	NaN
6.7193e-07	NaN
6.6527e-07	NaN
6.5016e-07	NaN
6.2674e-07	NaN
5.961e-07	NaN
5.5941e-07	NaN
5.1785e-07	NaN
4.7259e-07	NaN
4.2482e-07	NaN
3.7571e-07	NaN
3.2642e-07	NaN
2.7801e-07	NaN
2.3123e-07	NaN
1.8684e-07	NaN
1.4558e-07	NaN
1.0822e-07	NaN
7.5485e-08	NaN
4.8138e-08	NaN
2.6921e-08	NaN
1.2054e-08	NaN
2.6481e-09	NaN
2.3237e-09	NaN
3.8901e-09	NaN
3.0791e-09	NaN
9.1915e-10	NaN
1.5617e-09	NaN
3.3363e-09	NaN
3.7788e-09	NaN
3.2501e-09	NaN
2.2602e-09	NaN
1.3192e-09	NaN
9.3721e-10	NaN
1.6241e-09	NaN
3.8901e-09	NaN
8.2448e-09	NaN
1.5003e-08	NaN
2.3918e-08	NaN
3.4639e-08	NaN
4.682e-08	NaN
6.0112e-08	NaN
7.4165e-08	NaN
8.8632e-08	NaN
1.0316e-07	NaN
1.1741e-07	NaN
1.3103e-07	NaN
1.4366e-07	NaN
1.5497e-07	NaN
