6.285e-08	NaN
7.4115e-08	NaN
9.0469e-08	NaN
1.1118e-07	NaN
1.3552e-07	NaN
1.6274e-07	NaN
1.9213e-07	NaN
2.2294e-07	NaN
2.5445e-07	NaN
2.8592e-07	NaN
3.1661e-07	NaN
3.458e-07	NaN
3.7275e-07	NaN
3.9673e-07	NaN
4.1716e-07	NaN
4.343e-07	NaN
4.4873e-07	NaN
4.6098e-07	NaN
4.7164e-07	NaN
4.8126e-07	NaN
4.9041e-07	NaN
4.9963e-07	NaN
5.0944e-07	NaN
5.199e-07	NaN
5.3092e-07	NaN
5.424e-07	NaN
5.5424e-07	NaN
5.6635e-07	NaN
5.7862e-07	NaN
5.9096e-07	NaN
6.0321e-07	NaN
6.1472e-07	NaN
6.246e-07	NaN
6.3198e-07	NaN
6.3597e-07	NaN
6.3569e-07	NaN
6.3026e-07	NaN
6.1879e-07	NaN
6.0051e-07	NaN
5.7576e-07	NaN
5.4545e-07	NaN
5.1052e-07	NaN
4.7192e-07	NaN
4.3056e-07	NaN
3.874e-07	NaN
3.4335e-07	NaN
2.9938e-07	NaN
2.5671e-07	NaN
2.1673e-07	NaN
1.8082e-07	NaN
1.5038e-07	NaN
1.268e-07	NaN
1.1146e-07	NaN
1.0577e-07	NaN
1.1096e-07	NaN
1.2628e-07	NaN
1.4947e-07	NaN
1.7825e-07	NaN
2.1033e-07	NaN
2.4343e-07	NaN
2.7525e-07	NaN
3.0351e-07	NaN
3.261e-07	NaN
3.4385e-07	NaN
3.6015e-07	NaN
3.7847e-07	NaN
4.0228e-07	NaN
4.3503e-07	NaN
4.8021e-07	NaN
5.4127e-07	NaN
6.2162e-07	NaN
7.2302e-07	NaN
8.4561e-07	NaN
9.8949e-07	NaN
1.1547e-06	NaN
1.3414e-06	NaN
1.5497e-06	NaN
1.7795e-06	NaN
2.0312e-06	NaN
2.3077e-06	NaN
2.6153e-06	NaN
2.9604e-06	NaN
3.3495e-06	NaN
3.7891e-06	NaN
4.2856e-06	NaN
4.8455e-06	NaN
5.475e-06	NaN
6.1755e-06	NaN
6.9416e-06	NaN
7.7673e-06	NaN
8.6469e-06	NaN
9.5745e-06	NaN
1.0544e-05	NaN
1.155e-05	NaN
1.2587e-05	NaN
1.3642e-05	NaN
1.4698e-05	NaN
1.5733e-05	NaN
1.6728e-05	NaN
1.7663e-05	NaN
1.8518e-05	NaN
1.9273e-05	NaN
1.9908e-05	NaN
2.0414e-05	NaN
2.0801e-05	NaN
2.1081e-05	NaN
2.1266e-05	NaN
2.1368e-05	NaN
2.1399e-05	NaN
2.137e-05	NaN
2.1294e-05	NaN
2.1179e-05	NaN
2.1028e-05	NaN
2.0844e-05	NaN
2.0627e-05	NaN
2.0381e-05	NaN
2.0106e-05	NaN
1.9805e-05	NaN
1.9481e-05	NaN
1.9144e-05	NaN
1.8834e-05	NaN
1.8591e-05	NaN
1.8458e-05	NaN
1.8475e-05	NaN
1.8684e-05	NaN
1.9126e-05	NaN
1.9843e-05	NaN
2.0881e-05	NaN
2.2295e-05	NaN
2.4145e-05	NaN
2.6488e-05	NaN
2.9383e-05	NaN
3.2889e-05	NaN
3.7064e-05	NaN
4.1966e-05	NaN
4.7655e-05	NaN
5.4195e-05	NaN
6.1653e-05	NaN
7.0094e-05	NaN
7.9583e-05	NaN
9.0186e-05	NaN
0.00010197	NaN
0.00011499	NaN
0.00012932	NaN
0.00014494	NaN
0.00016185	NaN
0.00018004	NaN
0.00019948	NaN
0.00022018	NaN
0.00024212	NaN
0.00026529	NaN
0.00028967	NaN
0.00031514	NaN
0.00034161	NaN
0.00036895	NaN
0.00039705	NaN
0.0004258	NaN
0.00045506	NaN
0.00048474	NaN
0.00051472	NaN
0.00054493	NaN
0.0005753	NaN
0.00060578	NaN
0.00063629	NaN
0.00066678	NaN
0.00069719	NaN
0.00072745	NaN
0.00075748	NaN
0.00078704	NaN
0.00081584	NaN
0.0008436	NaN
0.00087002	NaN
0.0008948	NaN
0.00091766	NaN
0.00093831	NaN
0.00095644	NaN
0.00097168	NaN
0.00098362	NaN
0.00099185	NaN
0.00099596	NaN
0.00099555	NaN
0.00099019	NaN
0.00097949	NaN
0.0009631	NaN
0.0009413	NaN
0.0009147	NaN
0.00088391	NaN
0.00084955	NaN
0.00081223	NaN
0.00077258	NaN
0.0007312	NaN
0.0006887	NaN
0.00064568	NaN
0.00060267	NaN
0.00056025	NaN
0.00051896	NaN
0.00047938	NaN
0.00044205	NaN
0.00040753	NaN
0.00037637	NaN
0.00034876	NaN
0.00032467	NaN
0.00030407	NaN
0.00028692	NaN
0.00027318	NaN
0.00026281	NaN
0.00025578	NaN
0.00025207	NaN
0.00025191	NaN
0.0002558	NaN
0.00026419	NaN
0.00027759	NaN
0.00029646	NaN
0.00032128	NaN
0.00035255	NaN
0.00039071	NaN
0.00043603	NaN
0.00048851	NaN
0.00054817	NaN
0.00061501	NaN
0.00068906	NaN
0.00077032	NaN
0.0008588	NaN
0.0009545	NaN
0.0010572	NaN
0.0011666	NaN
0.0012823	NaN
0.0014037	NaN
0.0015306	NaN
0.0016625	NaN
0.001799	NaN
0.0019396	NaN
0.002084	NaN
0.0022312	NaN
0.0023807	NaN
0.0025315	NaN
0.0026831	NaN
0.0028347	NaN
0.0029855	NaN
0.0031348	NaN
0.0032819	NaN
0.003426	NaN
0.0035663	NaN
0.0037021	NaN
0.0038327	NaN
0.0039572	NaN
0.0040749	NaN
0.0041851	NaN
0.0042873	NaN
0.0043816	NaN
0.0044682	NaN
0.0045473	NaN
0.0046189	NaN
0.0046833	NaN
0.0047405	NaN
0.0047908	NaN
0.0048344	NaN
0.004872	NaN
0.0049041	NaN
0.0049313	NaN
0.0049543	NaN
0.0049737	NaN
0.0049902	NaN
0.0050042	NaN
0.0050162	NaN
0.0050257	NaN
0.0050323	NaN
0.0050354	NaN
0.0050346	NaN
0.0050293	NaN
0.0050192	NaN
0.0050036	NaN
0.0049827	NaN
0.0049582	NaN
0.0049319	NaN
0.0049059	NaN
0.004882	NaN
0.0048623	NaN
0.0048486	NaN
0.0048429	NaN
0.0048464	NaN
0.0048582	NaN
0.0048769	NaN
0.0049011	NaN
0.0049293	NaN
0.0049601	NaN
0.0049921	NaN
0.0050239	NaN
0.0050542	NaN
0.0050818	NaN
0.0051059	NaN
0.0051255	NaN
0.0051396	NaN
0.0051472	NaN
0.0051474	NaN
0.0051392	NaN
0.005122	NaN
0.0050975	NaN
0.0050676	NaN
0.0050345	NaN
0.0050002	NaN
0.0049668	NaN
0.0049365	NaN
0.0049113	NaN
0.0048929	NaN
0.0048813	NaN
0.0048759	NaN
0.0048762	NaN
0.0048814	NaN
0.004891	NaN
0.0049044	NaN
0.004921	NaN
0.0049402	NaN
0.0049618	NaN
0.0049859	NaN
0.0050124	NaN
0.0050412	NaN
0.0050725	NaN
0.005106	NaN
0.0051419	NaN
0.0051801	NaN
0.0052209	NaN
0.005265	NaN
0.0053126	NaN
0.0053644	NaN
0.0054209	NaN
0.0054824	NaN
0.0055495	NaN
0.0056227	NaN
0.0057019	NaN
0.005787	NaN
0.0058778	NaN
0.0059742	NaN
0.0060758	NaN
0.0061826	NaN
0.0062944	NaN
0.0064109	NaN
0.0065315	NaN
0.0066555	NaN
0.006782	NaN
0.0069103	NaN
0.0070395	NaN
0.0071688	NaN
0.0072975	NaN
0.0074245	NaN
0.0075478	NaN
0.0076643	NaN
0.007771	NaN
0.0078648	NaN
0.0079427	NaN
0.0080015	NaN
0.0080382	NaN
0.0080499	NaN
0.0080355	NaN
0.0079954	NaN
0.0079301	NaN
0.0078399	NaN
0.0077255	NaN
0.0075872	NaN
0.0074256	NaN
0.0072412	NaN
0.0070362	NaN
0.0068145	NaN
0.0065803	NaN
0.0063374	NaN
0.0060899	NaN
0.0058418	NaN
0.0055969	NaN
0.0053594	NaN
0.0051311	NaN
0.0049122	NaN
0.0047026	NaN
0.0045022	NaN
0.0043109	NaN
0.0041287	NaN
0.0039555	NaN
0.0037911	NaN
0.0036352	NaN
0.0034867	NaN
0.0033445	NaN
0.0032077	NaN
0.0030752	NaN
0.0029459	NaN
0.0028189	NaN
0.0026931	NaN
0.0025681	NaN
0.0024442	NaN
0.002322	NaN
0.0022017	NaN
0.002084	NaN
0.0019693	NaN
0.0018579	NaN
0.0017504	NaN
0.001647	NaN
0.0015475	NaN
0.0014518	NaN
0.0013596	NaN
0.0012707	NaN
0.001185	NaN
0.0011022	NaN
0.0010222	NaN
0.0009449	NaN
0.00087032	NaN
0.00079862	NaN
0.0007299	NaN
0.00066428	NaN
0.00060188	NaN
0.0005428	NaN
0.00048716	NaN
0.00043499	NaN
0.00038617	NaN
0.00034053	NaN
0.00029791	NaN
0.00025816	NaN
0.0002211	NaN
0.00018659	NaN
0.00015446	NaN
0.00012469	NaN
9.7645e-05	NaN
7.3742e-05	NaN
5.3403e-05	NaN
3.7052e-05	NaN
2.511e-05	NaN
1.7999e-05	NaN
1.614e-05	NaN
2.0167e-05	NaN
3.1383e-05	NaN
5.1219e-05	NaN
8.1111e-05	NaN
0.00012249	NaN
0.00017679	NaN
0.00024545	NaN
0.0003299	NaN
0.00043174	NaN
0.00055322	NaN
0.00069672	NaN
0.00086463	NaN
0.0010593	NaN
0.0012832	NaN
0.0015387	NaN
0.0018282	NaN
0.0021563	NaN
0.0025384	NaN
0.0029925	NaN
0.0035367	NaN
0.0041889	NaN
0.0049673	NaN
0.00589	NaN
0.006975	NaN
0.0082428	NaN
0.0097268	NaN
0.011464	NaN
0.013493	NaN
0.015851	NaN
0.018574	NaN
0.021701	NaN
0.025269	NaN
0.029316	NaN
0.033882	NaN
0.039007	NaN
0.044734	NaN
0.051101	NaN
0.058151	NaN
0.065925	NaN
0.074462	NaN
0.083804	NaN
0.093984	NaN
0.10504	-0.55799
0.11699	-0.56168
0.12988	-0.56362
0.14374	-0.56388
0.1586	-0.56254
0.17449	-0.55969
0.19145	-0.55541
0.20947	-0.54976
0.22856	-0.54281
0.24869	-0.53461
0.26988	-0.52523
0.2921	-0.51473
0.31536	-0.50317
0.33964	-0.49061
0.36493	-0.47711
0.39114	-0.46275
0.41811	-0.44759
0.44572	-0.43173
0.47381	-0.41524
0.50224	-0.39819
0.53087	-0.38067
0.55954	-0.36274
0.58813	-0.34449
0.61651	-0.32597
0.64459	-0.30719
0.67226	-0.28818
0.69944	-0.26898
0.72602	-0.2496
0.75191	-0.23006
0.77701	-0.2104
0.80123	-0.19065
0.82447	-0.17093
0.84667	-0.15142
0.86774	-0.13234
0.88762	-0.11387
0.90623	-0.096208
0.92348	-0.079558
0.93932	-0.064112
0.95365	-0.050065
0.96636	-0.037542
0.97729	-0.026609
0.98628	-0.017326
0.99317	-0.0097556
0.9978	-0.0039597
1	0
0.99962	0.0020617
0.99649	0.0021654
0.99068	0.00030138
0.98242	-0.0034865
0.972	-0.0091516
0.95967	-0.016647
0.9457	-0.025927
0.93035	-0.036944
0.91391	-0.049653
0.89662	-0.064007
0.87867	-0.080022
0.86013	-0.097788
0.84108	-0.1174
0.82158	-0.13895
0.80169	-0.16254
0.78149	-0.18825
0.76105	-0.21618
0.74043	-0.24644
0.71963	-0.27899
0.69853	-0.31371
0.67702	-0.35042
0.65497	-0.38896
0.63226	-0.42918
0.60878	-0.4709
0.5844	-0.51397
0.559	-0.55822
0.53258	-0.60376
0.5053	-0.65109
0.47734	-0.70075
0.44888	-0.75329
0.42012	-0.80926
0.39122	-0.8692
0.36238	-0.93367
0.33378	-1.0032
0.30562	-1.0775
0.27811	-1.1547
0.25147	-1.2327
0.22593	-1.3094
0.20172	-1.3828
0.17904	-1.4508
0.15814	-1.5113
0.13922	-1.5622
0.12241	-1.6045
0.10763	-1.6457
0.094752	NaN
0.083656	NaN
0.074225	NaN
0.066338	NaN
0.059875	NaN
0.054716	NaN
0.050745	NaN
0.047851	NaN
0.045924	NaN
0.044856	NaN
0.044537	NaN
0.044859	NaN
0.045712	NaN
0.046988	NaN
0.048588	NaN
0.050455	NaN
0.052537	NaN
0.054783	NaN
0.057141	NaN
0.05956	NaN
0.061989	NaN
0.064377	NaN
0.066671	NaN
0.06882	NaN
0.070772	NaN
0.072475	NaN
0.073878	NaN
0.074927	NaN
0.075572	NaN
0.075761	NaN
0.075455	NaN
0.074679	NaN
0.073474	NaN
0.071879	NaN
0.069935	NaN
0.067684	NaN
0.065164	NaN
0.062417	NaN
0.059482	NaN
0.056392	NaN
0.053179	NaN
0.049876	NaN
0.046512	NaN
0.043121	NaN
0.039733	NaN
0.03638	NaN
0.033093	NaN
0.029895	NaN
0.026807	NaN
0.02385	NaN
0.021044	NaN
0.018411	NaN
0.01597	NaN
0.013744	NaN
0.01175	NaN
0.0099947	NaN
0.0084767	NaN
0.0071956	NaN
0.0061507	NaN
0.0053416	NaN
0.0047674	NaN
0.0044276	NaN
0.0043199	NaN
0.0044261	NaN
0.0047207	NaN
0.0051779	NaN
0.0057717	NaN
0.0064764	NaN
0.0072663	NaN
0.0081154	NaN
0.0089982	NaN
0.0098902	NaN
0.010768	NaN
0.011607	NaN
0.012385	NaN
0.013077	NaN
0.013661	NaN
0.014112	NaN
0.014408	NaN
0.014546	NaN
0.014535	NaN
0.014385	NaN
0.014106	NaN
0.013707	NaN
0.013199	NaN
0.012589	NaN
0.01189	NaN
0.011114	NaN
0.010279	NaN
0.0094022	NaN
0.0085011	NaN
0.0075929	NaN
0.006695	NaN
0.0058247	NaN
0.0049991	NaN
0.0042279	NaN
0.0035143	NaN
0.0028615	NaN
0.0022723	NaN
0.0017498	NaN
0.001297	NaN
0.00091698	NaN
0.00061245	NaN
0.00038151	NaN
0.00021721	NaN
0.00011236	NaN
5.9784e-05	NaN
5.2285e-05	NaN
8.2678e-05	NaN
0.00014378	NaN
0.00022843	NaN
0.00033075	NaN
0.00044641	NaN
0.00057116	NaN
0.00070074	NaN
0.00083092	NaN
0.00095743	NaN
0.0010761	NaN
0.0011826	NaN
0.0012744	NaN
0.0013512	NaN
0.001413	NaN
0.0014597	NaN
0.0014911	NaN
0.0015072	NaN
0.0015079	NaN
0.0014931	NaN
0.0014634	NaN
0.0014209	NaN
0.0013674	NaN
0.0013052	NaN
0.0012361	NaN
0.0011622	NaN
0.0010856	NaN
0.0010083	NaN
0.00093181	NaN
0.00085662	NaN
0.00078319	NaN
0.00071192	NaN
0.00064324	NaN
0.00057757	NaN
0.00051533	NaN
0.00045693	NaN
0.00040264	NaN
0.00035243	NaN
0.00030617	NaN
0.00026379	NaN
0.00022517	NaN
0.00019023	NaN
0.00015886	NaN
0.00013098	NaN
0.00010646	NaN
8.5155e-05	NaN
6.6923e-05	NaN
5.1607e-05	NaN
3.9055e-05	NaN
2.9115e-05	NaN
2.1634e-05	NaN
1.646e-05	NaN
1.3419e-05	NaN
1.2267e-05	NaN
1.2747e-05	NaN
1.4604e-05	NaN
1.7582e-05	NaN
2.1423e-05	NaN
2.5872e-05	NaN
3.0673e-05	NaN
3.5606e-05	NaN
4.0583e-05	NaN
4.5544e-05	NaN
5.0431e-05	NaN
5.5184e-05	NaN
5.9745e-05	NaN
6.4053e-05	NaN
6.8049e-05	NaN
7.1691e-05	NaN
7.5001e-05	NaN
7.8022e-05	NaN
8.0794e-05	NaN
8.3359e-05	NaN
8.5757e-05	NaN
8.8029e-05	NaN
9.0218e-05	NaN
9.2355e-05	NaN
9.4433e-05	NaN
9.643e-05	NaN
9.8327e-05	NaN
0.0001001	NaN
0.00010173	NaN
0.0001032	NaN
0.00010448	NaN
0.00010556	NaN
0.00010639	NaN
0.00010697	NaN
0.00010724	NaN
0.00010718	NaN
0.00010676	NaN
0.00010594	NaN
0.0001047	NaN
0.000103	NaN
0.00010088	NaN
9.8366e-05	NaN
9.5505e-05	NaN
9.2335e-05	NaN
8.8899e-05	NaN
8.5236e-05	NaN
8.1388e-05	NaN
7.7401e-05	NaN
7.3367e-05	NaN
6.9402e-05	NaN
6.562e-05	NaN
6.2137e-05	NaN
5.9068e-05	NaN
5.6529e-05	NaN
5.4634e-05	NaN
5.3487e-05	NaN
5.3049e-05	NaN
5.3208e-05	NaN
5.3846e-05	NaN
5.4848e-05	NaN
5.6098e-05	NaN
5.7479e-05	NaN
5.8876e-05	NaN
6.0176e-05	NaN
6.1304e-05	NaN
6.2207e-05	NaN
6.2835e-05	NaN
6.3139e-05	NaN
6.3067e-05	NaN
6.2568e-05	NaN
6.1592e-05	NaN
6.0093e-05	NaN
5.8094e-05	NaN
5.567e-05	NaN
5.2897e-05	NaN
4.9853e-05	NaN
4.6615e-05	NaN
4.3259e-05	NaN
3.9862e-05	NaN
3.6501e-05	NaN
3.3238e-05	NaN
3.0123e-05	NaN
2.7206e-05	NaN
2.4537e-05	NaN
2.2167e-05	NaN
2.0145e-05	NaN
1.8521e-05	NaN
1.7343e-05	NaN
1.6612e-05	NaN
1.6283e-05	NaN
1.6307e-05	NaN
1.6636e-05	NaN
1.7221e-05	NaN
1.8013e-05	NaN
1.8965e-05	NaN
2.0028e-05	NaN
2.1158e-05	NaN
2.2319e-05	NaN
2.3475e-05	NaN
2.4589e-05	NaN
2.5625e-05	NaN
2.6546e-05	NaN
2.7316e-05	NaN
2.7899e-05	NaN
2.8277e-05	NaN
2.8459e-05	NaN
2.8455e-05	NaN
2.8275e-05	NaN
2.793e-05	NaN
2.7429e-05	NaN
2.6783e-05	NaN
2.6002e-05	NaN
2.5103e-05	NaN
2.4111e-05	NaN
2.3051e-05	NaN
2.1951e-05	NaN
2.0837e-05	NaN
1.9734e-05	NaN
1.867e-05	NaN
1.767e-05	NaN
1.6752e-05	NaN
1.5914e-05	NaN
1.5154e-05	NaN
1.447e-05	NaN
1.3859e-05	NaN
1.3319e-05	NaN
1.2846e-05	NaN
1.244e-05	NaN
1.2092e-05	NaN
1.1786e-05	NaN
1.1506e-05	NaN
1.1233e-05	NaN
1.095e-05	NaN
1.064e-05	NaN
1.0286e-05	NaN
9.8692e-06	NaN
9.3827e-06	NaN
8.8418e-06	NaN
8.2662e-06	NaN
7.6751e-06	NaN
7.0881e-06	NaN
6.5247e-06	NaN
6.0041e-06	NaN
5.5459e-06	NaN
5.1627e-06	NaN
4.8472e-06	NaN
4.5881e-06	NaN
4.3745e-06	NaN
4.1952e-06	NaN
4.0391e-06	NaN
3.8952e-06	NaN
3.7523e-06	NaN
3.6013e-06	NaN
3.439e-06	NaN
3.264e-06	NaN
3.0746e-06	NaN
2.8691e-06	NaN
2.6461e-06	NaN
2.4039e-06	NaN
2.1408e-06	NaN
1.8582e-06	NaN
1.569e-06	NaN
1.2893e-06	NaN
1.0351e-06	NaN
8.2239e-07	NaN
6.6717e-07	NaN
5.8547e-07	NaN
5.933e-07	NaN
7.0196e-07	NaN
8.9993e-07	NaN
1.1688e-06	NaN
1.4902e-06	NaN
1.8457e-06	NaN
2.217e-06	NaN
2.5855e-06	NaN
2.933e-06	NaN
3.2428e-06	NaN
3.5088e-06	NaN
3.7286e-06	NaN
3.8996e-06	NaN
4.0194e-06	NaN
4.0857e-06	NaN
4.0958e-06	NaN
4.0474e-06	NaN
3.9393e-06	NaN
3.7789e-06	NaN
3.5769e-06	NaN
3.3443e-06	NaN
3.092e-06	NaN
2.8309e-06	NaN
2.5719e-06	NaN
2.3259e-06	NaN
2.1031e-06	NaN
1.908e-06	NaN
1.7425e-06	NaN
1.6085e-06	NaN
1.5077e-06	NaN
1.4421e-06	NaN
1.4133e-06	NaN
1.4233e-06	NaN
1.4733e-06	NaN
1.5601e-06	NaN
1.6777e-06	NaN
1.8201e-06	NaN
1.9811e-06	NaN
2.1549e-06	NaN
2.3354e-06	NaN
2.5166e-06	NaN
2.6927e-06	NaN
2.8604e-06	NaN
3.018e-06	NaN
3.164e-06	NaN
3.2965e-06	NaN
3.4141e-06	NaN
3.5151e-06	NaN
3.5978e-06	NaN
3.6608e-06	NaN
3.7039e-06	NaN
3.7281e-06	NaN
3.7344e-06	NaN
3.7239e-06	NaN
3.6975e-06	NaN
3.6564e-06	NaN
3.6015e-06	NaN
3.5337e-06	NaN
3.4526e-06	NaN
3.3562e-06	NaN
3.2427e-06	NaN
3.1101e-06	NaN
2.9567e-06	NaN
2.7804e-06	NaN
2.5795e-06	NaN
2.3521e-06	NaN
2.1017e-06	NaN
1.8363e-06	NaN
1.5646e-06	NaN
1.295e-06	NaN
1.036e-06	NaN
7.96e-07	NaN
5.8355e-07	NaN
4.0694e-07	NaN
2.6921e-07	NaN
1.6726e-07	NaN
9.7619e-08	NaN
5.6843e-08	NaN
4.1475e-08	NaN
4.8058e-08	NaN
7.3137e-08	NaN
1.1326e-07	NaN
1.652e-07	NaN
2.2603e-07	NaN
2.9282e-07	NaN
3.6267e-07	NaN
4.3266e-07	NaN
4.9989e-07	NaN
5.6143e-07	NaN
6.144e-07	NaN
6.5701e-07	NaN
6.8925e-07	NaN
7.1124e-07	NaN
7.2309e-07	NaN
7.2494e-07	NaN
7.169e-07	NaN
6.991e-07	NaN
6.7168e-07	NaN
6.3523e-07	NaN
5.9121e-07	NaN
5.4119e-07	NaN
4.8671e-07	NaN
4.2933e-07	NaN
3.706e-07	NaN
3.1208e-07	NaN
2.5532e-07	NaN
2.0171e-07	NaN
1.5234e-07	NaN
1.0823e-07	NaN
7.0415e-08	NaN
3.9924e-08	NaN
1.7788e-08	NaN
5.0399e-09	NaN
2.7074e-09	NaN
1.0899e-08	NaN
2.7456e-08	NaN
4.988e-08	NaN
7.5671e-08	NaN
1.0233e-07	NaN
1.2735e-07	NaN
1.4825e-07	NaN
1.6251e-07	NaN
1.6848e-07	NaN
1.6696e-07	NaN
1.5916e-07	NaN
1.463e-07	NaN
1.2961e-07	NaN
1.103e-07	NaN
8.9599e-08	NaN
6.8729e-08	NaN
4.891e-08	NaN
3.1364e-08	NaN
1.7312e-08	NaN
7.9753e-09	NaN
4.5765e-09	NaN
8.3368e-09	NaN
2.0478e-08	NaN
4.2221e-08	NaN
6.6925e-08	NaN
5.8522e-08	NaN
5.7409e-08	NaN
