3.0983e-07	NaN
2.9929e-07	NaN
1.4075e-07	NaN
1.0901e-07	NaN
8.2796e-08	NaN
6.1628e-08	NaN
4.5031e-08	NaN
3.2529e-08	NaN
2.3645e-08	NaN
1.7904e-08	NaN
1.4831e-08	NaN
1.3948e-08	NaN
1.478e-08	NaN
1.6852e-08	NaN
1.9687e-08	NaN
2.2809e-08	NaN
2.5743e-08	NaN
2.8013e-08	NaN
2.9142e-08	NaN
2.8757e-08	NaN
2.7045e-08	NaN
2.4392e-08	NaN
2.1183e-08	NaN
1.7802e-08	NaN
1.4634e-08	NaN
1.2065e-08	NaN
1.0477e-08	NaN
1.0209e-08	NaN
1.1269e-08	NaN
1.3537e-08	NaN
1.689e-08	NaN
2.1207e-08	NaN
2.6366e-08	NaN
3.2243e-08	NaN
3.8719e-08	NaN
4.5653e-08	NaN
5.2773e-08	NaN
5.9744e-08	NaN
6.623e-08	NaN
7.1894e-08	NaN
7.6401e-08	NaN
7.9415e-08	NaN
8.0599e-08	NaN
7.9672e-08	NaN
7.6855e-08	NaN
7.2654e-08	NaN
6.7574e-08	NaN
6.2122e-08	NaN
5.6803e-08	NaN
5.2124e-08	NaN
4.8592e-08	NaN
4.6752e-08	NaN
4.7604e-08	NaN
5.2442e-08	NaN
6.2562e-08	NaN
7.9262e-08	NaN
1.0384e-07	NaN
1.3759e-07	NaN
1.8181e-07	NaN
2.3779e-07	NaN
3.0662e-07	NaN
3.8924e-07	NaN
4.8662e-07	NaN
5.997e-07	NaN
7.2942e-07	NaN
8.7674e-07	NaN
1.0426e-06	NaN
1.2279e-06	NaN
1.4319e-06	NaN
1.6528e-06	NaN
1.8884e-06	NaN
2.1369e-06	NaN
2.3963e-06	NaN
2.6645e-06	NaN
2.9396e-06	NaN
3.2195e-06	NaN
3.5028e-06	NaN
3.7881e-06	NaN
4.0741e-06	NaN
4.3596e-06	NaN
4.6435e-06	NaN
4.9243e-06	NaN
5.2009e-06	NaN
5.4721e-06	NaN
5.7379e-06	NaN
6e-06	NaN
6.2599e-06	NaN
6.5192e-06	NaN
6.7797e-06	NaN
7.0429e-06	NaN
7.3105e-06	NaN
7.5841e-06	NaN
7.866e-06	NaN
8.1593e-06	NaN
8.4672e-06	NaN
8.7929e-06	NaN
9.1394e-06	NaN
9.5099e-06	NaN
9.9077e-06	NaN
1.0336e-05	NaN
1.0799e-05	NaN
1.1306e-05	NaN
1.1863e-05	NaN
1.2479e-05	NaN
1.3161e-05	NaN
1.3917e-05	NaN
1.4755e-05	NaN
1.5683e-05	NaN
1.6699e-05	NaN
1.7786e-05	NaN
1.8923e-05	NaN
2.0092e-05	NaN
2.1273e-05	NaN
2.2447e-05	NaN
2.3593e-05	NaN
2.4694e-05	NaN
2.5725e-05	NaN
2.6658e-05	NaN
2.7462e-05	NaN
2.8107e-05	NaN
2.8563e-05	NaN
2.8798e-05	NaN
2.8784e-05	NaN
2.849e-05	NaN
2.7905e-05	NaN
2.7065e-05	NaN
2.6012e-05	NaN
2.4788e-05	NaN
2.3436e-05	NaN
2.2e-05	NaN
2.052e-05	NaN
1.904e-05	NaN
1.76e-05	NaN
1.6236e-05	NaN
1.4982e-05	NaN
1.3872e-05	NaN
1.2941e-05	NaN
1.2224e-05	NaN
1.1755e-05	NaN
1.1567e-05	NaN
1.1681e-05	NaN
1.2065e-05	NaN
1.2676e-05	NaN
1.3471e-05	NaN
1.4409e-05	NaN
1.5447e-05	NaN
1.6543e-05	NaN
1.7654e-05	NaN
1.8744e-05	NaN
1.98e-05	NaN
2.0816e-05	NaN
2.1784e-05	NaN
2.2698e-05	NaN
2.355e-05	NaN
2.4333e-05	NaN
2.5041e-05	NaN
2.5667e-05	NaN
2.6202e-05	NaN
2.6638e-05	NaN
2.6967e-05	NaN
2.7181e-05	NaN
2.7271e-05	NaN
2.7229e-05	NaN
2.7046e-05	NaN
2.6718e-05	NaN
2.625e-05	NaN
2.5654e-05	NaN
2.4941e-05	NaN
2.4122e-05	NaN
2.3208e-05	NaN
2.2211e-05	NaN
2.1142e-05	NaN
2.0011e-05	NaN
1.8836e-05	NaN
1.7631e-05	NaN
1.6415e-05	NaN
1.5203e-05	NaN
1.4013e-05	NaN
1.2861e-05	NaN
1.1764e-05	NaN
1.0737e-05	NaN
9.7819e-06	NaN
8.8964e-06	NaN
8.0768e-06	NaN
7.3198e-06	NaN
6.6221e-06	NaN
5.9805e-06	NaN
5.3916e-06	NaN
4.8523e-06	NaN
4.3614e-06	NaN
3.9182e-06	NaN
3.5225e-06	NaN
3.1737e-06	NaN
2.8715e-06	NaN
2.6155e-06	NaN
2.4051e-06	NaN
2.2399e-06	NaN
2.1176e-06	NaN
2.0349e-06	NaN
1.9884e-06	NaN
1.9748e-06	NaN
1.9908e-06	NaN
2.033e-06	NaN
2.0982e-06	NaN
2.1831e-06	NaN
2.288e-06	NaN
2.4151e-06	NaN
2.5669e-06	NaN
2.7459e-06	NaN
2.9544e-06	NaN
3.195e-06	NaN
3.47e-06	NaN
3.782e-06	NaN
4.1334e-06	NaN
4.5272e-06	NaN
4.9662e-06	NaN
5.453e-06	NaN
5.9905e-06	NaN
6.5815e-06	NaN
7.2287e-06	NaN
7.9341e-06	NaN
8.6792e-06	NaN
9.4257e-06	NaN
1.0135e-05	NaN
1.0767e-05	NaN
1.1284e-05	NaN
1.1646e-05	NaN
1.1815e-05	NaN
1.1752e-05	NaN
1.1454e-05	NaN
1.0955e-05	NaN
1.0292e-05	NaN
9.5015e-06	NaN
8.6192e-06	NaN
7.6819e-06	NaN
6.726e-06	NaN
5.7886e-06	NaN
4.9334e-06	NaN
4.2585e-06	NaN
3.8644e-06	NaN
3.8514e-06	NaN
4.3199e-06	NaN
5.3703e-06	NaN
7.1029e-06	NaN
9.617e-06	NaN
1.2939e-05	NaN
1.6989e-05	NaN
2.1676e-05	NaN
2.6911e-05	NaN
3.2604e-05	NaN
3.8665e-05	NaN
4.5005e-05	NaN
5.1532e-05	NaN
5.8156e-05	NaN
6.4779e-05	NaN
7.1303e-05	NaN
7.7631e-05	NaN
8.3666e-05	NaN
8.9309e-05	NaN
9.4464e-05	NaN
9.9033e-05	NaN
0.00010304	NaN
0.00010676	NaN
0.00011048	NaN
0.00011451	NaN
0.00011913	NaN
0.00012466	NaN
0.00013139	NaN
0.00013961	NaN
0.00014957	NaN
0.00016142	NaN
0.00017526	NaN
0.00019123	NaN
0.00020943	NaN
0.00022999	NaN
0.00025302	NaN
0.00027865	NaN
0.00030681	NaN
0.00033696	NaN
0.00036844	NaN
0.00040064	NaN
0.0004329	NaN
0.0004646	NaN
0.00049509	NaN
0.00052374	NaN
0.00055002	NaN
0.00057379	NaN
0.00059496	NaN
0.00061346	NaN
0.00062922	NaN
0.00064216	NaN
0.0006522	NaN
0.00065927	NaN
0.00066337	NaN
0.00066483	NaN
0.00066404	NaN
0.0006614	NaN
0.00065732	NaN
0.00065219	NaN
0.0006464	NaN
0.00064036	NaN
0.00063438	NaN
0.0006284	NaN
0.00062224	NaN
0.00061574	NaN
0.00060873	NaN
0.00060104	NaN
0.0005925	NaN
0.00058293	NaN
0.00057222	NaN
0.00056049	NaN
0.00054794	NaN
0.00053477	NaN
0.0005212	NaN
0.00050742	NaN
0.00049364	NaN
0.00048006	NaN
0.00046688	NaN
0.00045427	NaN
0.00044237	NaN
0.00043133	NaN
0.0004213	NaN
0.00041243	NaN
0.00040487	NaN
0.00039877	NaN
0.00039427	NaN
0.00039149	NaN
0.00039051	NaN
0.00039142	NaN
0.00039433	NaN
0.00039933	NaN
0.0004065	NaN
0.00041594	NaN
0.00042771	NaN
0.00044149	NaN
0.00045678	NaN
0.00047307	NaN
0.00048986	NaN
0.00050663	NaN
0.00052288	NaN
0.0005381	NaN
0.00055183	NaN
0.00056395	NaN
0.00057461	NaN
0.00058391	NaN
0.000592	NaN
0.00059901	NaN
0.00060506	NaN
0.00061029	NaN
0.00061481	NaN
0.0006187	NaN
0.00062197	NaN
0.00062462	NaN
0.00062668	NaN
0.00062817	NaN
0.00062908	NaN
0.00062945	NaN
0.00062927	NaN
0.00062832	NaN
0.00062623	NaN
0.0006226	NaN
0.00061703	NaN
0.00060913	NaN
0.00059852	NaN
0.00058479	NaN
0.00056758	NaN
0.00054695	NaN
0.00052339	NaN
0.00049742	NaN
0.00046952	NaN
0.00044021	NaN
0.00040999	NaN
0.00037937	NaN
0.00034884	NaN
0.00031883	NaN
0.00028962	NaN
0.00026154	NaN
0.00023489	NaN
0.00020996	NaN
0.00018707	NaN
0.00016651	NaN
0.00014859	NaN
0.00013344	NaN
0.00012094	NaN
0.00011099	NaN
0.00010346	NaN
9.8248e-05	NaN
9.5231e-05	NaN
9.4294e-05	NaN
9.5323e-05	NaN
9.8304e-05	NaN
0.00010337	NaN
0.00011065	NaN
0.0001203	NaN
0.00013245	NaN
0.00014724	NaN
0.00016482	NaN
0.00018533	NaN
0.00020871	NaN
0.00023455	NaN
0.00026244	NaN
0.00029194	NaN
0.00032264	NaN
0.00035409	NaN
0.00038589	NaN
0.00041759	NaN
0.00044875	NaN
0.00047892	NaN
0.00050761	NaN
0.00053436	NaN
0.0005587	NaN
0.00058015	NaN
0.00059824	NaN
0.0006125	NaN
0.00062254	NaN
0.0006281	NaN
0.00062896	NaN
0.00062489	NaN
0.00061568	NaN
0.0006011	NaN
0.00058092	NaN
0.00055493	NaN
0.00052314	NaN
0.00048623	NaN
0.000445	NaN
0.00040024	NaN
0.00035274	NaN
0.00030328	NaN
0.00025267	NaN
0.00020168	NaN
0.0001518	NaN
0.00010666	NaN
7.031e-05	NaN
4.6812e-05	NaN
4.0224e-05	NaN
5.4602e-05	NaN
9.4005e-05	NaN
0.00016249	NaN
0.00026594	NaN
0.00041704	NaN
0.00063006	NaN
0.00091928	NaN
0.001299	NaN
0.0017834	NaN
0.0023868	NaN
0.0031235	NaN
0.0040111	NaN
0.005082	NaN
0.0063725	NaN
0.007919	NaN
0.0097579	NaN
0.011926	NaN
0.014458	NaN
0.017393	NaN
0.020766	NaN
0.024617	NaN
0.028987	NaN
0.033917	NaN
0.039446	NaN
0.045617	NaN
0.05247	NaN
0.060044	NaN
0.068379	NaN
0.077492	NaN
0.087394	NaN
0.098098	NaN
0.10961	-0.62133
0.12195	-0.62029
0.13513	-0.61791
0.14915	-0.61394
0.16403	-0.60813
0.1798	-0.60052
0.19648	-0.59131
0.21412	-0.58065
0.23274	-0.56873
0.25237	-0.55572
0.27305	-0.54179
0.29481	-0.52713
0.31768	-0.51189
0.3416	-0.49618
0.36651	-0.48004
0.39231	-0.46353
0.41894	-0.44671
0.4463	-0.42963
0.47433	-0.41233
0.50293	-0.39489
0.53203	-0.37734
0.56146	-0.35971
0.59103	-0.34199
0.62052	-0.32417
0.64973	-0.30625
0.67846	-0.28823
0.70652	-0.27009
0.73368	-0.25184
0.75976	-0.23347
0.78468	-0.21503
0.80842	-0.19662
0.83098	-0.17832
0.85235	-0.16023
0.87252	-0.14243
0.89149	-0.12502
0.90926	-0.10809
0.9258	-0.091727
0.94104	-0.076086
0.95484	-0.061357
0.96708	-0.047736
0.9776	-0.035416
0.98629	-0.024591
0.993	-0.015456
0.99759	-0.0082051
0.99994	-0.0030269
1	0
0.99782	0.0008996
0.99344	-0.0003002
0.98691	-0.0035715
0.97827	-0.0088864
0.96757	-0.016217
0.95486	-0.025535
0.94019	-0.036814
0.92369	-0.050046
0.90562	-0.065243
0.88623	-0.082418
0.86575	-0.10159
0.84445	-0.12276
0.82257	-0.14595
0.80035	-0.17118
0.77806	-0.19845
0.75578	-0.22771
0.73346	-0.25884
0.71099	-0.29169
0.68831	-0.32614
0.66532	-0.36204
0.64195	-0.39927
0.61811	-0.43769
0.59372	-0.47716
0.56875	-0.51787
0.54328	-0.56041
0.51738	-0.60543
0.49111	-0.65356
0.46455	-0.70545
0.43777	-0.76174
0.41085	-0.82306
0.38386	-0.89004
0.35692	-0.96228
0.33023	-1.0377
0.30401	-1.1141
0.27847	-1.1893
0.25382	-1.2609
0.23028	-1.3268
0.20806	-1.3847
0.18737	-1.4324
0.16834	-1.4712
0.15097	-1.509
0.13521	-1.5547
0.12104	-1.6169
0.10843	-1.7043
0.097352	NaN
0.087764	NaN
0.07964	NaN
0.072919	NaN
0.06748	NaN
0.063191	NaN
0.059921	NaN
0.057538	NaN
0.055911	NaN
0.054909	NaN
0.054401	NaN
0.054277	NaN
0.054488	NaN
0.054994	NaN
0.055756	NaN
0.056733	NaN
0.057886	NaN
0.059174	NaN
0.060558	NaN
0.061997	NaN
0.06345	NaN
0.064875	NaN
0.06623	NaN
0.067473	NaN
0.068562	NaN
0.069455	NaN
0.07011	NaN
0.070493	NaN
0.070591	NaN
0.0704	NaN
0.069914	NaN
0.069127	NaN
0.068034	NaN
0.06663	NaN
0.064908	NaN
0.062869	NaN
0.060544	NaN
0.057969	NaN
0.055182	NaN
0.052218	NaN
0.049115	NaN
0.045911	NaN
0.042641	NaN
0.039343	NaN
0.036048	NaN
0.032786	NaN
0.029589	NaN
0.026487	NaN
0.023509	NaN
0.020688	NaN
0.018052	NaN
0.015631	NaN
0.013434	NaN
0.011464	NaN
0.0097242	NaN
0.0082186	NaN
0.0069503	NaN
0.0059227	NaN
0.005139	NaN
0.0046006	NaN
0.0042946	NaN
0.0042016	NaN
0.0043025	NaN
0.004578	NaN
0.0050089	NaN
0.0055759	NaN
0.0062597	NaN
0.0070412	NaN
0.0079017	NaN
0.008823	NaN
0.0097868	NaN
0.010775	NaN
0.011768	NaN
0.01275	NaN
0.0137	NaN
0.014602	NaN
0.015448	NaN
0.016237	NaN
0.016965	NaN
0.017631	NaN
0.018233	NaN
0.018769	NaN
0.019237	NaN
0.019635	NaN
0.019962	NaN
0.020218	NaN
0.020403	NaN
0.020516	NaN
0.020558	NaN
0.020529	NaN
0.020428	NaN
0.020255	NaN
0.020015	NaN
0.019713	NaN
0.019356	NaN
0.018951	NaN
0.018504	NaN
0.018022	NaN
0.017511	NaN
0.016978	NaN
0.016429	NaN
0.015869	NaN
0.015304	NaN
0.014739	NaN
0.014179	NaN
0.013629	NaN
0.013096	NaN
0.012584	NaN
0.012096	NaN
0.01163	NaN
0.011185	NaN
0.010761	NaN
0.010355	NaN
0.0099673	NaN
0.0095963	NaN
0.0092406	NaN
0.0088997	NaN
0.008573	NaN
0.0082602	NaN
0.0079611	NaN
0.0076752	NaN
0.0074022	NaN
0.0071417	NaN
0.0068934	NaN
0.0066568	NaN
0.0064308	NaN
0.0062145	NaN
0.0060069	NaN
0.0058072	NaN
0.0056142	NaN
0.005427	NaN
0.0052447	NaN
0.0050666	NaN
0.0048926	NaN
0.0047226	NaN
0.0045563	NaN
0.0043938	NaN
0.004235	NaN
0.0040796	NaN
0.0039276	NaN
0.0037792	NaN
0.0036348	NaN
0.003495	NaN
0.0033605	NaN
0.0032318	NaN
0.0031096	NaN
0.0029944	NaN
0.0028868	NaN
0.0027873	NaN
0.0026964	NaN
0.0026144	NaN
0.0025418	NaN
0.0024789	NaN
0.002426	NaN
0.0023836	NaN
0.0023521	NaN
0.0023316	NaN
0.0023216	NaN
0.0023215	NaN
0.0023308	NaN
0.0023488	NaN
0.002375	NaN
0.0024088	NaN
0.0024496	NaN
0.0024968	NaN
0.00255	NaN
0.0026087	NaN
0.0026725	NaN
0.0027411	NaN
0.0028138	NaN
0.0028904	NaN
0.0029703	NaN
0.0030531	NaN
0.0031386	NaN
0.0032266	NaN
0.0033168	NaN
0.003409	NaN
0.0035029	NaN
0.0035983	NaN
0.003695	NaN
0.0037927	NaN
0.0038908	NaN
0.0039889	NaN
0.0040864	NaN
0.0041827	NaN
0.0042774	NaN
0.0043698	NaN
0.0044594	NaN
0.0045456	NaN
0.0046278	NaN
0.0047051	NaN
0.0047768	NaN
0.0048421	NaN
0.0049002	NaN
0.0049504	NaN
0.0049919	NaN
0.0050239	NaN
0.005046	NaN
0.0050579	NaN
0.0050591	NaN
0.0050494	NaN
0.0050284	NaN
0.0049956	NaN
0.0049509	NaN
0.0048939	NaN
0.0048254	NaN
0.0047466	NaN
0.0046588	NaN
0.0045631	NaN
0.0044608	NaN
0.0043531	NaN
0.0042411	NaN
0.004126	NaN
0.0040085	NaN
0.003889	NaN
0.0037679	NaN
0.0036458	NaN
0.0035229	NaN
0.0033998	NaN
0.0032769	NaN
0.0031545	NaN
0.0030327	NaN
0.002911	NaN
0.0027892	NaN
0.0026668	NaN
0.0025437	NaN
0.0024195	NaN
0.0022938	NaN
0.0021663	NaN
0.0020373	NaN
0.0019072	NaN
0.0017767	NaN
0.0016462	NaN
0.0015164	NaN
0.0013876	NaN
0.0012605	NaN
0.0011357	NaN
0.0010142	NaN
0.00089768	NaN
0.00078763	NaN
0.00068563	NaN
0.00059325	NaN
0.00051205	NaN
0.00044361	NaN
0.00038943	NaN
0.00034993	NaN
0.00032457	NaN
0.00031276	NaN
0.00031394	NaN
0.00032752	NaN
0.00035292	NaN
0.00038957	NaN
0.00043687	NaN
0.00049388	NaN
0.00055933	NaN
0.00063191	NaN
0.00071033	NaN
0.00079327	NaN
0.00087945	NaN
0.00096755	NaN
0.0010563	NaN
0.0011445	NaN
0.0012313	NaN
0.0013158	NaN
0.001397	NaN
0.0014739	NaN
0.0015458	NaN
0.0016116	NaN
0.0016704	NaN
0.0017217	NaN
0.0017652	NaN
0.0018009	NaN
0.0018285	NaN
0.001848	NaN
0.0018592	NaN
0.0018619	NaN
0.001856	NaN
0.0018417	NaN
0.0018193	NaN
0.0017895	NaN
0.0017528	NaN
0.0017097	NaN
0.0016607	NaN
0.0016064	NaN
0.0015472	NaN
0.0014838	NaN
0.0014168	NaN
0.001347	NaN
0.0012749	NaN
0.0012013	NaN
0.0011268	NaN
0.0010522	NaN
0.00097803	NaN
0.00090501	NaN
0.00083364	NaN
0.00076445	NaN
0.00069793	NaN
0.00063461	NaN
0.000575	NaN
0.0005196	NaN
0.00046894	NaN
0.00042332	NaN
0.00038252	NaN
0.00034627	NaN
0.00031427	NaN
0.00028624	NaN
0.00026188	NaN
0.00024091	NaN
0.00022304	NaN
0.00020797	NaN
0.00019532	NaN
0.00018474	NaN
0.00017584	NaN
0.00016826	NaN
0.00016163	NaN
0.00015557	NaN
0.00014971	NaN
0.00014376	NaN
0.00013769	NaN
0.00013153	NaN
0.0001253	NaN
0.00011903	NaN
0.00011276	NaN
0.0001065	NaN
0.00010029	NaN
9.4147e-05	NaN
8.8099e-05	NaN
8.2161e-05	NaN
7.6349e-05	NaN
7.068e-05	NaN
6.5172e-05	NaN
5.9841e-05	NaN
5.4707e-05	NaN
4.9782e-05	NaN
4.5073e-05	NaN
4.0583e-05	NaN
3.6312e-05	NaN
3.2265e-05	NaN
2.8442e-05	NaN
2.4847e-05	NaN
2.1482e-05	NaN
1.8349e-05	NaN
1.5454e-05	NaN
1.2802e-05	NaN
1.04e-05	NaN
8.2529e-06	NaN
6.367e-06	NaN
4.7481e-06	NaN
3.4022e-06	NaN
2.3315e-06	NaN
1.5127e-06	NaN
9.122e-07	NaN
4.9634e-07	NaN
2.3141e-07	NaN
8.3688e-08	NaN
1.9489e-08	NaN
5.1103e-09	NaN
9.2826e-09	NaN
2.0434e-08	NaN
3.6543e-08	NaN
5.5656e-08	NaN
7.5813e-08	NaN
9.5059e-08	NaN
1.1144e-07	NaN
1.2299e-07	NaN
1.2798e-07	NaN
1.2678e-07	NaN
1.2094e-07	NaN
1.1206e-07	NaN
1.0169e-07	NaN
9.1431e-08	NaN
8.2845e-08	NaN
7.7512e-08	NaN
7.6924e-08	NaN
8.1567e-08	NaN
9.1266e-08	NaN
1.0584e-07	NaN
1.251e-07	NaN
1.4886e-07	NaN
1.7694e-07	NaN
2.0915e-07	NaN
2.4532e-07	NaN
2.8538e-07	NaN
3.2933e-07	NaN
3.7721e-07	NaN
4.2902e-07	NaN
4.8478e-07	NaN
5.4451e-07	NaN
6.0821e-07	NaN
6.7586e-07	NaN
7.4623e-07	NaN
8.1712e-07	NaN
8.8628e-07	NaN
9.5146e-07	NaN
1.0104e-06	NaN
1.0609e-06	NaN
1.1006e-06	NaN
1.1275e-06	NaN
1.1407e-06	NaN
1.141e-06	NaN
1.1292e-06	NaN
1.1061e-06	NaN
1.0725e-06	NaN
1.0292e-06	NaN
9.7697e-07	NaN
9.1671e-07	NaN
8.4999e-07	NaN
7.7932e-07	NaN
7.0725e-07	NaN
6.3635e-07	NaN
5.6917e-07	NaN
5.0828e-07	NaN
4.5622e-07	NaN
4.1554e-07	NaN
3.8748e-07	NaN
3.7156e-07	NaN
3.6721e-07	NaN
3.7381e-07	NaN
3.9079e-07	NaN
4.1754e-07	NaN
4.5346e-07	NaN
4.9797e-07	NaN
5.4991e-07	NaN
6.0729e-07	NaN
6.6804e-07	NaN
7.3011e-07	NaN
7.9142e-07	NaN
8.4991e-07	NaN
9.0352e-07	NaN
9.5018e-07	NaN
9.8828e-07	NaN
1.017e-06	NaN
1.0355e-06	NaN
1.0432e-06	NaN
1.0392e-06	NaN
1.0228e-06	NaN
9.9334e-07	NaN
9.4997e-07	NaN
8.9302e-07	NaN
8.2493e-07	NaN
7.4844e-07	NaN
6.6626e-07	NaN
5.8112e-07	NaN
4.9576e-07	NaN
4.1288e-07	NaN
3.3522e-07	NaN
2.6488e-07	NaN
2.0238e-07	NaN
1.4803e-07	NaN
1.0215e-07	NaN
6.5031e-08	NaN
3.6983e-08	NaN
1.8311e-08	NaN
9.3203e-09	NaN
9.9459e-09	NaN
1.906e-08	NaN
3.5343e-08	NaN
5.7477e-08	NaN
8.4142e-08	NaN
1.1402e-07	NaN
1.4579e-07	NaN
1.7814e-07	NaN
2.0974e-07	NaN
2.3927e-07	NaN
2.6543e-07	NaN
2.8688e-07	NaN
3.0231e-07	NaN
3.104e-07	NaN
