4.0161e-08	NaN
2.417e-08	NaN
7.5181e-09	NaN
1.0601e-07	NaN
1.4952e-07	NaN
1.8578e-07	NaN
2.1521e-07	NaN
2.3824e-07	NaN
2.5531e-07	NaN
2.6683e-07	NaN
2.7324e-07	NaN
2.7497e-07	NaN
2.7243e-07	NaN
2.6607e-07	NaN
2.5632e-07	NaN
2.4359e-07	NaN
2.2831e-07	NaN
2.1092e-07	NaN
1.9185e-07	NaN
1.7151e-07	NaN
1.5037e-07	NaN
1.2895e-07	NaN
1.0783e-07	NaN
8.7575e-08	NaN
6.8768e-08	NaN
5.1978e-08	NaN
3.7775e-08	NaN
2.6733e-08	NaN
1.9304e-08	NaN
1.514e-08	NaN
1.3569e-08	NaN
1.3919e-08	NaN
1.5515e-08	NaN
1.7686e-08	NaN
1.9759e-08	NaN
2.106e-08	NaN
2.0998e-08	NaN
1.9628e-08	NaN
1.7312e-08	NaN
1.4412e-08	NaN
1.1291e-08	NaN
8.314e-09	NaN
5.8426e-09	NaN
4.2404e-09	NaN
3.8401e-09	NaN
4.6856e-09	NaN
6.6616e-09	NaN
9.6509e-09	NaN
1.3537e-08	NaN
1.8201e-08	NaN
2.3528e-08	NaN
2.94e-08	NaN
3.5699e-08	NaN
4.2305e-08	NaN
4.9092e-08	NaN
5.5938e-08	NaN
6.2718e-08	NaN
6.9309e-08	NaN
7.5586e-08	NaN
8.1425e-08	NaN
8.6701e-08	NaN
9.1255e-08	NaN
9.4906e-08	NaN
9.7471e-08	NaN
9.8769e-08	NaN
9.8616e-08	NaN
9.6832e-08	NaN
9.3233e-08	NaN
8.7721e-08	NaN
8.1685e-08	NaN
7.7789e-08	NaN
7.8735e-08	NaN
8.7229e-08	NaN
1.0597e-07	NaN
1.3767e-07	NaN
1.8503e-07	NaN
2.5073e-07	NaN
3.3675e-07	NaN
4.4444e-07	NaN
5.7509e-07	NaN
7.3e-07	NaN
9.1048e-07	NaN
1.1178e-06	NaN
1.3533e-06	NaN
1.6183e-06	NaN
1.914e-06	NaN
2.2417e-06	NaN
2.6027e-06	NaN
2.9981e-06	NaN
3.4293e-06	NaN
3.8974e-06	NaN
4.4038e-06	NaN
4.9497e-06	NaN
5.5381e-06	NaN
6.1747e-06	NaN
6.865e-06	NaN
7.6145e-06	NaN
8.4291e-06	NaN
9.3141e-06	NaN
1.0275e-05	NaN
1.1318e-05	NaN
1.2446e-05	NaN
1.3656e-05	NaN
1.4947e-05	NaN
1.6317e-05	NaN
1.7763e-05	NaN
1.9283e-05	NaN
2.0876e-05	NaN
2.2539e-05	NaN
2.4264e-05	NaN
2.6033e-05	NaN
2.7827e-05	NaN
2.9627e-05	NaN
3.1413e-05	NaN
3.3166e-05	NaN
3.4867e-05	NaN
3.6497e-05	NaN
3.804e-05	NaN
3.9486e-05	NaN
4.0826e-05	NaN
4.2052e-05	NaN
4.3155e-05	NaN
4.4127e-05	NaN
4.4958e-05	NaN
4.5639e-05	NaN
4.6169e-05	NaN
4.6554e-05	NaN
4.6808e-05	NaN
4.6939e-05	NaN
4.6959e-05	NaN
4.688e-05	NaN
4.6712e-05	NaN
4.6465e-05	NaN
4.6154e-05	NaN
4.5795e-05	NaN
4.5408e-05	NaN
4.5012e-05	NaN
4.4626e-05	NaN
4.4269e-05	NaN
4.3961e-05	NaN
4.372e-05	NaN
4.356e-05	NaN
4.3481e-05	NaN
4.3478e-05	NaN
4.3547e-05	NaN
4.3682e-05	NaN
4.388e-05	NaN
4.4137e-05	NaN
4.4446e-05	NaN
4.4802e-05	NaN
4.5184e-05	NaN
4.5568e-05	NaN
4.5931e-05	NaN
4.6249e-05	NaN
4.65e-05	NaN
4.6659e-05	NaN
4.6704e-05	NaN
4.6609e-05	NaN
4.6346e-05	NaN
4.5882e-05	NaN
4.5187e-05	NaN
4.423e-05	NaN
4.2978e-05	NaN
4.1402e-05	NaN
3.9469e-05	NaN
3.7161e-05	NaN
3.452e-05	NaN
3.1614e-05	NaN
2.8507e-05	NaN
2.5266e-05	NaN
2.1955e-05	NaN
1.8641e-05	NaN
1.539e-05	NaN
1.2267e-05	NaN
9.3432e-06	NaN
6.6915e-06	NaN
4.3839e-06	NaN
2.493e-06	NaN
1.0911e-06	NaN
2.507e-07	NaN
4.4215e-08	NaN
5.297e-07	NaN
1.6547e-06	NaN
3.3154e-06	NaN
5.4078e-06	NaN
7.8278e-06	NaN
1.0471e-05	NaN
1.3234e-05	NaN
1.6013e-05	NaN
1.8706e-05	NaN
2.1242e-05	NaN
2.3568e-05	NaN
2.5629e-05	NaN
2.7369e-05	NaN
2.8735e-05	NaN
2.9672e-05	NaN
3.0126e-05	NaN
3.005e-05	NaN
2.9486e-05	NaN
2.8535e-05	NaN
2.7295e-05	NaN
2.5866e-05	NaN
2.4348e-05	NaN
2.284e-05	NaN
2.1443e-05	NaN
2.0252e-05	NaN
1.9305e-05	NaN
1.8601e-05	NaN
1.8135e-05	NaN
1.7904e-05	NaN
1.7905e-05	NaN
1.8134e-05	NaN
1.8588e-05	NaN
1.9262e-05	NaN
2.0128e-05	NaN
2.1141e-05	NaN
2.2255e-05	NaN
2.3423e-05	NaN
2.4599e-05	NaN
2.5737e-05	NaN
2.679e-05	NaN
2.7713e-05	NaN
2.8493e-05	NaN
2.9148e-05	NaN
2.9699e-05	NaN
3.0163e-05	NaN
3.056e-05	NaN
3.091e-05	NaN
3.1232e-05	NaN
3.1545e-05	NaN
3.1847e-05	NaN
3.2118e-05	NaN
3.2334e-05	NaN
3.2472e-05	NaN
3.251e-05	NaN
3.2424e-05	NaN
3.2191e-05	NaN
3.1789e-05	NaN
3.1203e-05	NaN
3.0431e-05	NaN
2.947e-05	NaN
2.8318e-05	NaN
2.6973e-05	NaN
2.5431e-05	NaN
2.3692e-05	NaN
2.1752e-05	NaN
1.9638e-05	NaN
1.7415e-05	NaN
1.5152e-05	NaN
1.2917e-05	NaN
1.078e-05	NaN
8.8093e-06	NaN
7.0742e-06	NaN
5.6432e-06	NaN
4.5616e-06	NaN
3.8343e-06	NaN
3.4623e-06	NaN
3.4465e-06	NaN
3.7877e-06	NaN
4.4868e-06	NaN
5.5447e-06	NaN
6.9622e-06	NaN
8.7133e-06	NaN
1.0718e-05	NaN
1.289e-05	NaN
1.5144e-05	NaN
1.7393e-05	NaN
1.955e-05	NaN
2.153e-05	NaN
2.3246e-05	NaN
2.4637e-05	NaN
2.5694e-05	NaN
2.6422e-05	NaN
2.682e-05	NaN
2.689e-05	NaN
2.6635e-05	NaN
2.6056e-05	NaN
2.5154e-05	NaN
2.3942e-05	NaN
2.2463e-05	NaN
2.0764e-05	NaN
1.8892e-05	NaN
1.6895e-05	NaN
1.4819e-05	NaN
1.2714e-05	NaN
1.0625e-05	NaN
8.6163e-06	NaN
6.8005e-06	NaN
5.301e-06	NaN
4.241e-06	NaN
3.7437e-06	NaN
3.9324e-06	NaN
4.9302e-06	NaN
6.8605e-06	NaN
9.8404e-06	NaN
1.3963e-05	NaN
1.9318e-05	NaN
2.5991e-05	NaN
3.4072e-05	NaN
4.3648e-05	NaN
5.4807e-05	NaN
6.7638e-05	NaN
8.2171e-05	NaN
9.8181e-05	NaN
0.00011537	NaN
0.00013344	NaN
0.0001521	NaN
0.00017104	NaN
0.00018997	NaN
0.00020859	NaN
0.00022665	NaN
0.0002441	NaN
0.000261	NaN
0.00027738	NaN
0.00029328	NaN
0.00030873	NaN
0.00032379	NaN
0.00033848	NaN
0.00035284	NaN
0.0003669	NaN
0.00038063	NaN
0.00039407	NaN
0.00040719	NaN
0.00042002	NaN
0.00043254	NaN
0.00044477	NaN
0.00045671	NaN
0.00046841	NaN
0.00047991	NaN
0.00049128	NaN
0.00050257	NaN
0.00051383	NaN
0.00052513	NaN
0.00053651	NaN
0.00054804	NaN
0.00055967	NaN
0.00057134	NaN
0.00058298	NaN
0.00059452	NaN
0.0006059	NaN
0.00061705	NaN
0.00062789	NaN
0.00063836	NaN
0.00064841	NaN
0.00065799	NaN
0.00066706	NaN
0.00067556	NaN
0.00068346	NaN
0.00069071	NaN
0.00069727	NaN
0.00070308	NaN
0.00070811	NaN
0.00071231	NaN
0.00071563	NaN
0.00071803	NaN
0.00071946	NaN
0.00071989	NaN
0.00071925	NaN
0.00071751	NaN
0.00071445	NaN
0.00070975	NaN
0.00070308	NaN
0.00069411	NaN
0.0006825	NaN
0.00066793	NaN
0.00065006	NaN
0.00062859	NaN
0.00060374	NaN
0.00057622	NaN
0.00054677	NaN
0.00051612	NaN
0.00048501	NaN
0.00045417	NaN
0.00042434	NaN
0.00039624	NaN
0.00037032	NaN
0.00034673	NaN
0.00032561	NaN
0.00030709	NaN
0.00029131	NaN
0.00027839	NaN
0.00026847	NaN
0.00026168	NaN
0.00025799	NaN
0.00025717	NaN
0.00025897	NaN
0.00026315	NaN
0.00026947	NaN
0.00027767	NaN
0.00028751	NaN
0.00029876	NaN
0.00031149	NaN
0.00032626	NaN
0.00034365	NaN
0.00036425	NaN
0.00038865	NaN
0.00041742	NaN
0.00045117	NaN
0.00049047	NaN
0.00053559	NaN
0.00058623	NaN
0.00064207	NaN
0.00070277	NaN
0.00076799	NaN
0.00083739	NaN
0.00091064	NaN
0.0009874	NaN
0.0010667	NaN
0.0011466	NaN
0.0012248	NaN
0.0012991	NaN
0.0013674	NaN
0.0014274	NaN
0.0014769	NaN
0.0015138	NaN
0.0015368	NaN
0.0015465	NaN
0.0015439	NaN
0.0015302	NaN
0.0015062	NaN
0.001473	NaN
0.0014315	NaN
0.0013829	NaN
0.001328	NaN
0.0012675	NaN
0.0012023	NaN
0.0011331	NaN
0.0010605	NaN
0.00098542	NaN
0.00090846	NaN
0.0008304	NaN
0.00075238	NaN
0.00067679	NaN
0.00060629	NaN
0.00054353	NaN
0.00049117	NaN
0.00045185	NaN
0.00042823	NaN
0.00042295	NaN
0.00044107	NaN
0.00049653	NaN
0.00060535	NaN
0.00078354	NaN
0.0010471	NaN
0.0014122	NaN
0.0018946	NaN
0.0025105	NaN
0.003279	NaN
0.0042329	NaN
0.0054085	NaN
0.0068424	NaN
0.008571	NaN
0.010631	NaN
0.013058	NaN
0.01589	NaN
0.019163	NaN
0.022915	NaN
0.027185	NaN
0.032012	NaN
0.037434	NaN
0.04349	NaN
0.05022	NaN
0.057661	NaN
0.065852	NaN
0.074824	NaN
0.084607	NaN
0.095229	NaN
0.10672	-0.60858
0.11911	-0.60425
0.13243	-0.59872
0.1467	-0.59218
0.16195	-0.58484
0.1782	-0.57677
0.19543	-0.56801
0.21364	-0.55856
0.23283	-0.54845
0.25299	-0.5377
0.27412	-0.52635
0.29622	-0.5144
0.31927	-0.50189
0.34321	-0.48881
0.36793	-0.47519
0.39332	-0.46102
0.41929	-0.44631
0.44573	-0.43107
0.47253	-0.4153
0.4996	-0.39901
0.52683	-0.38221
0.55414	-0.36493
0.58145	-0.34721
0.6087	-0.32911
0.6358	-0.31066
0.66269	-0.29191
0.6893	-0.27291
0.71555	-0.25371
0.74136	-0.23436
0.76665	-0.21493
0.7913	-0.19556
0.81519	-0.17637
0.83821	-0.15746
0.86025	-0.13896
0.8812	-0.121
0.90095	-0.10368
0.91937	-0.08713
0.93633	-0.071486
0.95166	-0.056897
0.9652	-0.043517
0.97676	-0.031494
0.98619	-0.02098
0.99332	-0.012126
0.99797	-0.0050839
1	0
0.99937	0.0030451
0.99617	0.0040345
0.99052	0.0029534
0.9825	-0.0002127
0.97222	-0.0054786
0.95979	-0.012859
0.9453	-0.022368
0.92885	-0.034021
0.91065	-0.047815
0.89096	-0.063734
0.87009	-0.081758
0.84831	-0.10187
0.82591	-0.12405
0.80319	-0.14828
0.78042	-0.17454
0.7579	-0.20281
0.73573	-0.23302
0.71383	-0.26503
0.69211	-0.29869
0.67045	-0.33385
0.64876	-0.37037
0.62694	-0.4081
0.60488	-0.44691
0.58249	-0.48664
0.55971	-0.52746
0.53653	-0.56998
0.51296	-0.61481
0.48901	-0.66261
0.46466	-0.714
0.43994	-0.76961
0.41483	-0.83007
0.38935	-0.89601
0.36358	-0.96702
0.33775	-1.041
0.31208	-1.1158
0.28683	-1.189
0.26223	-1.2585
0.23851	-1.322
0.21592	-1.3772
0.19468	-1.4219
0.17497	-1.4575
0.1568	-1.4921
0.14018	-1.5345
0.12509	-1.5936
0.11156	-1.6784
0.099579	NaN
0.089149	NaN
0.080274	NaN
0.072916	NaN
0.066945	NaN
0.062219	NaN
0.058597	NaN
0.055936	NaN
0.054094	NaN
0.052931	NaN
0.052303	NaN
0.052093	NaN
0.052245	NaN
0.052714	NaN
0.053452	NaN
0.054415	NaN
0.055556	NaN
0.056831	NaN
0.058192	NaN
0.059596	NaN
0.061	NaN
0.062365	NaN
0.063647	NaN
0.064808	NaN
0.065806	NaN
0.066599	NaN
0.067147	NaN
0.067417	NaN
0.067406	NaN
0.067118	NaN
0.066557	NaN
0.065727	NaN
0.06463	NaN
0.063272	NaN
0.061657	NaN
0.05979	NaN
0.057699	NaN
0.05541	NaN
0.052955	NaN
0.050361	NaN
0.047659	NaN
0.044876	NaN
0.042043	NaN
0.039186	NaN
0.036329	NaN
0.03349	NaN
0.03069	NaN
0.027947	NaN
0.025282	NaN
0.022715	NaN
0.020264	NaN
0.017949	NaN
0.01578	NaN
0.013763	NaN
0.011905	NaN
0.010214	NaN
0.0086957	NaN
0.007358	NaN
0.0062074	NaN
0.0052495	NaN
0.0044792	NaN
0.0038869	NaN
0.003463	NaN
0.0031977	NaN
0.0030815	NaN
0.0031047	NaN
0.0032576	NaN
0.0035303	NaN
0.0039102	NaN
0.0043835	NaN
0.0049364	NaN
0.0055549	NaN
0.0062251	NaN
0.0069333	NaN
0.0076656	NaN
0.0084085	NaN
0.009154	NaN
0.0098967	NaN
0.010632	NaN
0.011354	NaN
0.012058	NaN
0.012739	NaN
0.013391	NaN
0.01401	NaN
0.014593	NaN
0.015136	NaN
0.015637	NaN
0.016095	NaN
0.016506	NaN
0.016868	NaN
0.017178	NaN
0.017435	NaN
0.017637	NaN
0.017785	NaN
0.017881	NaN
0.017924	NaN
0.017916	NaN
0.017857	NaN
0.017748	NaN
0.01759	NaN
0.017386	NaN
0.017141	NaN
0.016862	NaN
0.016554	NaN
0.016222	NaN
0.015873	NaN
0.015512	NaN
0.015145	NaN
0.014773	NaN
0.014397	NaN
0.014015	NaN
0.013626	NaN
0.013229	NaN
0.012824	NaN
0.012409	NaN
0.011984	NaN
0.011549	NaN
0.011105	NaN
0.010655	NaN
0.010201	NaN
0.0097454	NaN
0.0092896	NaN
0.0088358	NaN
0.0083862	NaN
0.007943	NaN
0.0075086	NaN
0.0070857	NaN
0.0066766	NaN
0.0062839	NaN
0.00591	NaN
0.0055576	NaN
0.0052291	NaN
0.004926	NaN
0.0046488	NaN
0.0043974	NaN
0.0041721	NaN
0.003973	NaN
0.0038002	NaN
0.0036539	NaN
0.0035341	NaN
0.0034406	NaN
0.0033726	NaN
0.003329	NaN
0.0033089	NaN
0.0033112	NaN
0.003335	NaN
0.0033792	NaN
0.0034429	NaN
0.0035243	NaN
0.0036203	NaN
0.0037272	NaN
0.0038416	NaN
0.0039601	NaN
0.0040791	NaN
0.0041951	NaN
0.0043047	NaN
0.0044049	NaN
0.0044944	NaN
0.0045717	NaN
0.0046357	NaN
0.0046852	NaN
0.0047188	NaN
0.0047354	NaN
0.0047337	NaN
0.0047132	NaN
0.0046757	NaN
0.0046235	NaN
0.0045589	NaN
0.0044841	NaN
0.0044014	NaN
0.004313	NaN
0.0042212	NaN
0.0041279	NaN
0.0040341	NaN
0.0039404	NaN
0.0038475	NaN
0.003756	NaN
0.0036667	NaN
0.0035801	NaN
0.0034971	NaN
0.003418	NaN
0.0033431	NaN
0.0032722	NaN
0.0032053	NaN
0.0031425	NaN
0.0030835	NaN
0.0030285	NaN
0.0029773	NaN
0.0029299	NaN
0.0028863	NaN
0.0028463	NaN
0.00281	NaN
0.0027772	NaN
0.0027479	NaN
0.0027221	NaN
0.0026995	NaN
0.0026803	NaN
0.0026643	NaN
0.0026513	NaN
0.0026413	NaN
0.0026343	NaN
0.00263	NaN
0.0026284	NaN
0.0026294	NaN
0.0026328	NaN
0.0026386	NaN
0.0026465	NaN
0.0026564	NaN
0.002668	NaN
0.0026812	NaN
0.0026959	NaN
0.0027117	NaN
0.0027286	NaN
0.0027463	NaN
0.0027645	NaN
0.002783	NaN
0.0028016	NaN
0.0028199	NaN
0.0028377	NaN
0.0028548	NaN
0.0028709	NaN
0.0028857	NaN
0.0028992	NaN
0.0029111	NaN
0.0029211	NaN
0.0029292	NaN
0.002935	NaN
0.0029385	NaN
0.0029394	NaN
0.0029375	NaN
0.0029327	NaN
0.0029248	NaN
0.0029137	NaN
0.0028992	NaN
0.0028812	NaN
0.0028594	NaN
0.0028338	NaN
0.0028045	NaN
0.0027721	NaN
0.002737	NaN
0.0026997	NaN
0.0026606	NaN
0.0026203	NaN
0.0025792	NaN
0.0025378	NaN
0.0024964	NaN
0.0024553	NaN
0.0024145	NaN
0.0023744	NaN
0.002335	NaN
0.0022966	NaN
0.0022594	NaN
0.0022236	NaN
0.0021892	NaN
0.002156	NaN
0.002124	NaN
0.002093	NaN
0.0020628	NaN
0.0020334	NaN
0.0020046	NaN
0.0019763	NaN
0.0019481	NaN
0.0019196	NaN
0.0018901	NaN
0.0018591	NaN
0.001826	NaN
0.0017904	NaN
0.0017515	NaN
0.001709	NaN
0.0016626	NaN
0.0016125	NaN
0.0015591	NaN
0.0015025	NaN
0.001443	NaN
0.001381	NaN
0.0013168	NaN
0.0012505	NaN
0.0011826	NaN
0.0011136	NaN
0.001044	NaN
0.00097445	NaN
0.00090543	NaN
0.00083748	NaN
0.00077116	NaN
0.00070702	NaN
0.00064546	NaN
0.00058669	NaN
0.00053086	NaN
0.00047814	NaN
0.0004287	NaN
0.00038269	NaN
0.00034028	NaN
0.00030164	NaN
0.00026683	NaN
0.00023566	NaN
0.00020795	NaN
0.00018348	NaN
0.00016207	NaN
0.00014349	NaN
0.00012757	NaN
0.00011408	NaN
0.00010283	NaN
9.3566e-05	NaN
8.6053e-05	NaN
8.0047e-05	NaN
7.5303e-05	NaN
7.158e-05	NaN
6.8634e-05	NaN
6.6223e-05	NaN
6.4147e-05	NaN
6.2337e-05	NaN
6.0748e-05	NaN
5.9333e-05	NaN
5.8047e-05	NaN
5.6845e-05	NaN
5.5681e-05	NaN
5.4508e-05	NaN
5.3288e-05	NaN
5.2002e-05	NaN
5.0636e-05	NaN
4.9175e-05	NaN
4.7606e-05	NaN
4.5914e-05	NaN
4.4085e-05	NaN
4.2104e-05	NaN
3.9965e-05	NaN
3.7684e-05	NaN
3.5286e-05	NaN
3.2794e-05	NaN
3.0232e-05	NaN
2.7624e-05	NaN
2.4994e-05	NaN
2.2366e-05	NaN
1.9765e-05	NaN
1.722e-05	NaN
1.4762e-05	NaN
1.2421e-05	NaN
1.0229e-05	NaN
8.2154e-06	NaN
6.4115e-06	NaN
4.8478e-06	NaN
3.5485e-06	NaN
2.5007e-06	NaN
1.6782e-06	NaN
1.0546e-06	NaN
6.0389e-07	NaN
2.9972e-07	NaN
1.159e-07	NaN
2.6205e-08	NaN
5.6447e-09	NaN
3.7602e-08	NaN
1.0894e-07	NaN
2.0653e-07	NaN
3.1725e-07	NaN
4.2798e-07	NaN
5.2558e-07	NaN
5.9693e-07	NaN
6.3056e-07	NaN
6.2844e-07	NaN
5.9903e-07	NaN
5.5087e-07	NaN
4.9247e-07	NaN
4.3235e-07	NaN
3.7902e-07	NaN
3.4102e-07	NaN
3.2602e-07	NaN
3.3361e-07	NaN
3.5881e-07	NaN
3.9658e-07	NaN
4.419e-07	NaN
4.8972e-07	NaN
5.35e-07	NaN
5.7273e-07	NaN
5.9815e-07	NaN
6.1006e-07	NaN
6.0955e-07	NaN
5.9778e-07	NaN
5.7587e-07	NaN
5.4498e-07	NaN
5.0623e-07	NaN
4.6078e-07	NaN
4.0979e-07	NaN
3.55e-07	NaN
2.9857e-07	NaN
2.4266e-07	NaN
1.8943e-07	NaN
1.4106e-07	NaN
9.9697e-08	NaN
6.7514e-08	NaN
4.6565e-08	NaN
3.6866e-08	NaN
3.6656e-08	NaN
4.4113e-08	NaN
5.7414e-08	NaN
7.4738e-08	NaN
9.4261e-08	NaN
1.1416e-07	NaN
1.3265e-07	NaN
1.4862e-07	NaN
1.6167e-07	NaN
1.7142e-07	NaN
1.775e-07	NaN
1.7954e-07	NaN
1.7716e-07	NaN
1.6998e-07	NaN
1.5767e-07	NaN
1.4063e-07	NaN
1.2019e-07	NaN
9.7697e-08	NaN
7.4522e-08	NaN
5.2028e-08	NaN
3.1579e-08	NaN
1.4537e-08	NaN
2.2503e-09	NaN
4.6976e-09	NaN
6.7462e-09	NaN
4.4081e-09	NaN
1.8045e-09	NaN
1.1379e-08	NaN
2.3803e-08	NaN
3.8565e-08	NaN
5.515e-08	NaN
7.299e-08	NaN
9.1429e-08	NaN
1.098e-07	NaN
1.2745e-07	NaN
1.4371e-07	NaN
1.5791e-07	NaN
1.694e-07	NaN
1.775e-07	NaN
1.8193e-07	NaN
1.83e-07	NaN
1.811e-07	NaN
1.7665e-07	NaN
1.7003e-07	NaN
1.6164e-07	NaN
1.5188e-07	NaN
1.4114e-07	NaN
1.2985e-07	NaN
1.1854e-07	NaN
1.077e-07	NaN
9.7882e-08	NaN
8.9586e-08	NaN
8.3338e-08	NaN
7.9659e-08	NaN
7.9066e-08	NaN
8.1757e-08	NaN
8.7136e-08	NaN
9.4485e-08	NaN
1.0309e-07	NaN
1.1223e-07	NaN
1.2119e-07	NaN
1.2925e-07	NaN
1.3571e-07	NaN
1.4001e-07	NaN
1.4219e-07	NaN
1.4234e-07	NaN
1.4056e-07	NaN
1.3697e-07	NaN
1.3166e-07	NaN
1.2475e-07	NaN
1.1633e-07	NaN
1.0652e-07	NaN
9.5408e-08	NaN
8.3114e-08	NaN
6.9738e-08	NaN
5.5385e-08	NaN
