9.7715e-10	NaN
2.2266e-09	NaN
3.8231e-09	NaN
5.7488e-09	NaN
2.3557e-08	NaN
3.0284e-08	NaN
3.6117e-08	NaN
4.1111e-08	NaN
4.5323e-08	NaN
4.8809e-08	NaN
5.1626e-08	NaN
5.383e-08	NaN
5.5477e-08	NaN
5.6623e-08	NaN
5.7326e-08	NaN
5.764e-08	NaN
5.7623e-08	NaN
5.7331e-08	NaN
5.6821e-08	NaN
5.6148e-08	NaN
5.5368e-08	NaN
5.4529e-08	NaN
5.3618e-08	NaN
5.2603e-08	NaN
5.1451e-08	NaN
5.0132e-08	NaN
4.8613e-08	NaN
4.6863e-08	NaN
4.4848e-08	NaN
4.2546e-08	NaN
3.9984e-08	NaN
3.7213e-08	NaN
3.4283e-08	NaN
3.1243e-08	NaN
2.8143e-08	NaN
2.5035e-08	NaN
2.1966e-08	NaN
1.8985e-08	NaN
1.6113e-08	NaN
1.3358e-08	NaN
1.0731e-08	NaN
8.2395e-09	NaN
5.8938e-09	NaN
3.7027e-09	NaN
1.6755e-09	NaN
1.6908e-10	NaN
1.7217e-09	NaN
2.8228e-09	NaN
3.3127e-09	NaN
3.0313e-09	NaN
1.8187e-09	NaN
4.8507e-10	NaN
4.0399e-09	NaN
9.0697e-09	NaN
1.6536e-08	NaN
2.7873e-08	NaN
4.4522e-08	NaN
6.7925e-08	NaN
9.9524e-08	NaN
1.4076e-07	NaN
1.9307e-07	NaN
2.5785e-07	NaN
3.3568e-07	NaN
4.2654e-07	NaN
5.3042e-07	NaN
6.4729e-07	NaN
7.7712e-07	NaN
9.1989e-07	NaN
1.0756e-06	NaN
1.2442e-06	NaN
1.4268e-06	NaN
1.6253e-06	NaN
1.8416e-06	NaN
2.0776e-06	NaN
2.3352e-06	NaN
2.6163e-06	NaN
2.9229e-06	NaN
3.2568e-06	NaN
3.6188e-06	NaN
4.009e-06	NaN
4.427e-06	NaN
4.8727e-06	NaN
5.346e-06	NaN
5.8467e-06	NaN
6.3745e-06	NaN
6.9293e-06	NaN
7.5113e-06	NaN
8.1207e-06	NaN
8.7581e-06	NaN
9.4238e-06	NaN
1.0118e-05	NaN
1.0842e-05	NaN
1.1595e-05	NaN
1.2377e-05	NaN
1.319e-05	NaN
1.403e-05	NaN
1.4897e-05	NaN
1.579e-05	NaN
1.6706e-05	NaN
1.7644e-05	NaN
1.8603e-05	NaN
1.9581e-05	NaN
2.0578e-05	NaN
2.1592e-05	NaN
2.2623e-05	NaN
2.3672e-05	NaN
2.4736e-05	NaN
2.5816e-05	NaN
2.6911e-05	NaN
2.8022e-05	NaN
2.9144e-05	NaN
3.0271e-05	NaN
3.1396e-05	NaN
3.2513e-05	NaN
3.3613e-05	NaN
3.4689e-05	NaN
3.5736e-05	NaN
3.6745e-05	NaN
3.7708e-05	NaN
3.8619e-05	NaN
3.9467e-05	NaN
4.0247e-05	NaN
4.0948e-05	NaN
4.1563e-05	NaN
4.2084e-05	NaN
4.2502e-05	NaN
4.2812e-05	NaN
4.3013e-05	NaN
4.3106e-05	NaN
4.3092e-05	NaN
4.2972e-05	NaN
4.2746e-05	NaN
4.2416e-05	NaN
4.1981e-05	NaN
4.1443e-05	NaN
4.0805e-05	NaN
4.0072e-05	NaN
3.9246e-05	NaN
3.8331e-05	NaN
3.7331e-05	NaN
3.6249e-05	NaN
3.5089e-05	NaN
3.3857e-05	NaN
3.2568e-05	NaN
3.124e-05	NaN
2.9891e-05	NaN
2.8537e-05	NaN
2.7196e-05	NaN
2.5886e-05	NaN
2.4624e-05	NaN
2.3422e-05	NaN
2.2278e-05	NaN
2.1183e-05	NaN
2.0129e-05	NaN
1.9108e-05	NaN
1.8112e-05	NaN
1.7134e-05	NaN
1.6164e-05	NaN
1.5198e-05	NaN
1.4234e-05	NaN
1.3276e-05	NaN
1.2325e-05	NaN
1.1384e-05	NaN
1.0455e-05	NaN
9.5399e-06	NaN
8.6419e-06	NaN
7.7643e-06	NaN
6.9197e-06	NaN
6.1233e-06	NaN
5.3906e-06	NaN
4.7369e-06	NaN
4.1775e-06	NaN
3.7278e-06	NaN
3.4032e-06	NaN
3.2152e-06	NaN
3.1506e-06	NaN
3.1862e-06	NaN
3.299e-06	NaN
3.4659e-06	NaN
3.6636e-06	NaN
3.8693e-06	NaN
4.0596e-06	NaN
4.2134e-06	NaN
4.3232e-06	NaN
4.3881e-06	NaN
4.4072e-06	NaN
4.3797e-06	NaN
4.3045e-06	NaN
4.1809e-06	NaN
4.0078e-06	NaN
3.7853e-06	NaN
3.521e-06	NaN
3.2268e-06	NaN
2.9145e-06	NaN
2.5959e-06	NaN
2.283e-06	NaN
1.9877e-06	NaN
1.7217e-06	NaN
1.4965e-06	NaN
1.3169e-06	NaN
1.1843e-06	NaN
1.0994e-06	NaN
1.0635e-06	NaN
1.0775e-06	NaN
1.1425e-06	NaN
1.2594e-06	NaN
1.4294e-06	NaN
1.6524e-06	NaN
1.9279e-06	NaN
2.2556e-06	NaN
2.6347e-06	NaN
3.0649e-06	NaN
3.5455e-06	NaN
4.0761e-06	NaN
4.6554e-06	NaN
5.2691e-06	NaN
5.8922e-06	NaN
6.4992e-06	NaN
7.0646e-06	NaN
7.563e-06	NaN
7.9689e-06	NaN
8.2569e-06	NaN
8.4027e-06	NaN
8.4048e-06	NaN
8.2843e-06	NaN
8.0631e-06	NaN
7.7633e-06	NaN
7.4067e-06	NaN
7.0153e-06	NaN
6.611e-06	NaN
6.2161e-06	NaN
5.8576e-06	NaN
5.5687e-06	NaN
5.3824e-06	NaN
5.3322e-06	NaN
5.4513e-06	NaN
5.7728e-06	NaN
6.3302e-06	NaN
7.1556e-06	NaN
8.2446e-06	NaN
9.5446e-06	NaN
1.1e-05	NaN
1.2556e-05	NaN
1.4156e-05	NaN
1.5745e-05	NaN
1.7268e-05	NaN
1.8669e-05	NaN
1.9909e-05	NaN
2.097e-05	NaN
2.1839e-05	NaN
2.2501e-05	NaN
2.2941e-05	NaN
2.3145e-05	NaN
2.3098e-05	NaN
2.2786e-05	NaN
2.221e-05	NaN
2.1402e-05	NaN
2.0394e-05	NaN
1.9221e-05	NaN
1.7915e-05	NaN
1.6509e-05	NaN
1.5039e-05	NaN
1.3536e-05	NaN
1.2043e-05	NaN
1.0624e-05	NaN
9.3407e-06	NaN
8.2588e-06	NaN
7.4421e-06	NaN
6.9549e-06	NaN
6.8614e-06	NaN
7.2256e-06	NaN
8.0886e-06	NaN
9.4369e-06	NaN
1.1249e-05	NaN
1.3504e-05	NaN
1.6179e-05	NaN
1.9255e-05	NaN
2.2709e-05	NaN
2.652e-05	NaN
3.0643e-05	NaN
3.4967e-05	NaN
3.937e-05	NaN
4.3732e-05	NaN
4.793e-05	NaN
5.1842e-05	NaN
5.5347e-05	NaN
5.8323e-05	NaN
6.0683e-05	NaN
6.2451e-05	NaN
6.3676e-05	NaN
6.4403e-05	NaN
6.468e-05	NaN
6.4555e-05	NaN
6.4075e-05	NaN
6.3287e-05	NaN
6.2261e-05	NaN
6.116e-05	NaN
6.0167e-05	NaN
5.9465e-05	NaN
5.9236e-05	NaN
5.9665e-05	NaN
6.0935e-05	NaN
6.3227e-05	NaN
6.6687e-05	NaN
7.1276e-05	NaN
7.6906e-05	NaN
8.3489e-05	NaN
9.0938e-05	NaN
9.9164e-05	NaN
0.00010808	NaN
0.00011759	NaN
0.00012762	NaN
0.00013804	NaN
0.00014875	NaN
0.00015961	NaN
0.00017053	NaN
0.00018137	NaN
0.00019202	NaN
0.00020236	NaN
0.0002123	NaN
0.00022185	NaN
0.00023105	NaN
0.00023998	NaN
0.00024867	NaN
0.0002572	NaN
0.00026561	NaN
0.00027396	NaN
0.0002823	NaN
0.00029067	NaN
0.0002991	NaN
0.00030762	NaN
0.00031626	NaN
0.00032504	NaN
0.00033399	NaN
0.00034314	NaN
0.00035252	NaN
0.00036211	NaN
0.00037185	NaN
0.0003817	NaN
0.00039161	NaN
0.00040153	NaN
0.00041143	NaN
0.00042124	NaN
0.00043093	NaN
0.00044039	NaN
0.00044951	NaN
0.00045818	NaN
0.00046628	NaN
0.00047369	NaN
0.00048029	NaN
0.00048597	NaN
0.00049062	NaN
0.00049414	NaN
0.00049648	NaN
0.00049757	NaN
0.00049734	NaN
0.00049574	NaN
0.00049269	NaN
0.00048813	NaN
0.00048201	NaN
0.00047428	NaN
0.00046493	NaN
0.00045394	NaN
0.00044129	NaN
0.00042697	NaN
0.00041097	NaN
0.00039326	NaN
0.00037384	NaN
0.00035291	NaN
0.00033082	NaN
0.00030797	NaN
0.00028473	NaN
0.00026148	NaN
0.00023861	NaN
0.00021649	NaN
0.0001955	NaN
0.00017586	NaN
0.00015761	NaN
0.00014079	NaN
0.00012543	NaN
0.00011158	NaN
9.927e-05	NaN
8.8537e-05	NaN
7.9418e-05	NaN
7.1953e-05	NaN
6.6185e-05	NaN
6.2156e-05	NaN
5.9911e-05	NaN
5.9492e-05	NaN
6.0942e-05	NaN
6.4303e-05	NaN
6.962e-05	NaN
7.6909e-05	NaN
8.6155e-05	NaN
9.7335e-05	NaN
0.00011043	NaN
0.00012542	NaN
0.00014229	NaN
0.00016101	NaN
0.00018156	NaN
0.00020373	NaN
0.00022698	NaN
0.00025071	NaN
0.00027436	NaN
0.00029735	NaN
0.0003191	NaN
0.00033903	NaN
0.00035657	NaN
0.00037131	NaN
0.00038312	NaN
0.00039196	NaN
0.00039775	NaN
0.00040043	NaN
0.00039992	NaN
0.00039617	NaN
0.0003891	NaN
0.00037883	NaN
0.00036591	NaN
0.00035096	NaN
0.00033456	NaN
0.00031734	NaN
0.00029989	NaN
0.00028283	NaN
0.00026675	NaN
0.00025209	NaN
0.00023878	NaN
0.00022665	NaN
0.00021555	NaN
0.00020533	NaN
0.00019583	NaN
0.0001869	NaN
0.00017839	NaN
0.00017077	NaN
0.00016648	NaN
0.00016837	NaN
0.00017926	NaN
0.00020201	NaN
0.00023945	NaN
0.00029441	NaN
0.00036975	NaN
0.00046979	NaN
0.0006045	NaN
0.00078514	NaN
0.001023	NaN
0.0013292	NaN
0.0017152	NaN
0.0021922	NaN
0.0027714	NaN
0.0034677	NaN
0.0043123	NaN
0.0053406	NaN
0.006588	NaN
0.0080901	NaN
0.0098823	NaN
0.012	NaN
0.014479	NaN
0.017358	NaN
0.020695	NaN
0.024554	NaN
0.028999	NaN
0.034094	NaN
0.039903	NaN
0.046489	NaN
0.053918	NaN
0.062245	NaN
0.07149	NaN
0.081655	NaN
0.092743	NaN
0.10476	-0.61212
0.1177	-0.60939
0.13157	-0.60543
0.14638	-0.60027
0.16213	-0.59395
0.17885	-0.58649
0.19657	-0.57794
0.21533	-0.56834
0.23516	-0.55772
0.25611	-0.54613
0.27821	-0.5336
0.3015	-0.52017
0.326	-0.50588
0.35162	-0.49081
0.37825	-0.47503
0.40574	-0.45864
0.43396	-0.44171
0.46277	-0.42434
0.49205	-0.4066
0.52165	-0.38859
0.55145	-0.37037
0.58129	-0.35198
0.61102	-0.33341
0.64047	-0.31463
0.66949	-0.29564
0.69792	-0.27643
0.7256	-0.25699
0.75237	-0.23729
0.77809	-0.21734
0.80266	-0.19725
0.82605	-0.1772
0.84825	-0.15738
0.86922	-0.13798
0.88892	-0.11918
0.90734	-0.10118
0.92444	-0.084156
0.94019	-0.0683
0.95447	-0.053752
0.96713	-0.040622
0.97799	-0.029016
0.98687	-0.019044
0.99362	-0.010812
0.99805	-0.0044279
1	0
0.99931	0.002368
0.996	0.0026464
0.99029	0.00087499
0.9824	-0.0029041
0.97255	-0.0086484
0.96095	-0.016316
0.94782	-0.025864
0.93338	-0.037251
0.91784	-0.050435
0.90138	-0.065411
0.8841	-0.082212
0.86612	-0.10087
0.84755	-0.12143
0.8285	-0.14391
0.80908	-0.16836
0.78941	-0.19481
0.7696	-0.22328
0.74965	-0.25375
0.72947	-0.28606
0.70897	-0.32008
0.68802	-0.35567
0.66652	-0.39267
0.64437	-0.43095
0.62146	-0.47036
0.59769	-0.51077
0.57302	-0.55232
0.54756	-0.59555
0.5214	-0.64104
0.49464	-0.68937
0.46737	-0.74112
0.43969	-0.79686
0.41171	-0.85717
0.38352	-0.92262
0.35527	-0.9928
0.32721	-1.0657
0.29958	-1.1393
0.27264	-1.2112
0.24664	-1.2795
0.22183	-1.342
0.19845	-1.3965
0.17676	-1.4409
0.15693	-1.4765
0.13892	-1.5116
0.12271	-1.5549
0.10827	-1.6153
0.09555	NaN
0.084527	NaN
0.075164	NaN
0.067425	NaN
0.061243	NaN
0.056473	NaN
0.052961	NaN
0.050555	NaN
0.049101	NaN
0.048444	NaN
0.048431	NaN
0.048909	NaN
0.04975	NaN
0.050895	NaN
0.052298	NaN
0.053911	NaN
0.055688	NaN
0.057581	NaN
0.059543	NaN
0.061527	NaN
0.063487	NaN
0.065384	NaN
0.06718	NaN
0.068836	NaN
0.070314	NaN
0.071575	NaN
0.07258	NaN
0.073291	NaN
0.073678	NaN
0.073737	NaN
0.073473	NaN
0.072888	NaN
0.071988	NaN
0.070774	NaN
0.069252	NaN
0.067424	NaN
0.065299	NaN
0.062906	NaN
0.060276	NaN
0.057444	NaN
0.054443	NaN
0.051306	NaN
0.048067	NaN
0.044758	NaN
0.041413	NaN
0.038062	NaN
0.034737	NaN
0.031466	NaN
0.028281	NaN
0.025212	NaN
0.022289	NaN
0.019542	NaN
0.016998	NaN
0.014667	NaN
0.01255	NaN
0.010648	NaN
0.0089637	NaN
0.0074986	NaN
0.0062543	NaN
0.0052326	NaN
0.0044338	NaN
0.0038479	NaN
0.0034603	NaN
0.0032564	NaN
0.0032217	NaN
0.0033416	NaN
0.0036016	NaN
0.003987	NaN
0.0044835	NaN
0.0050773	NaN
0.005755	NaN
0.0065034	NaN
0.007309	NaN
0.0081586	NaN
0.0090388	NaN
0.0099363	NaN
0.010838	NaN
0.011734	NaN
0.012618	NaN
0.01348	NaN
0.014313	NaN
0.01511	NaN
0.015863	NaN
0.016564	NaN
0.017206	NaN
0.017785	NaN
0.018302	NaN
0.018755	NaN
0.019145	NaN
0.019471	NaN
0.019733	NaN
0.01993	NaN
0.020063	NaN
0.020134	NaN
0.020145	NaN
0.0201	NaN
0.020002	NaN
0.019855	NaN
0.019662	NaN
0.019427	NaN
0.019152	NaN
0.018842	NaN
0.018497	NaN
0.01812	NaN
0.017713	NaN
0.017278	NaN
0.016818	NaN
0.016334	NaN
0.01583	NaN
0.015306	NaN
0.014766	NaN
0.01421	NaN
0.013643	NaN
0.013065	NaN
0.012479	NaN
0.011886	NaN
0.011291	NaN
0.010694	NaN
0.0101	NaN
0.0095129	NaN
0.0089364	NaN
0.0083745	NaN
0.0078308	NaN
0.0073093	NaN
0.0068138	NaN
0.0063463	NaN
0.0059068	NaN
0.0054947	NaN
0.0051096	NaN
0.0047512	NaN
0.0044191	NaN
0.0041128	NaN
0.0038319	NaN
0.0035762	NaN
0.0033458	NaN
0.0031406	NaN
0.0029608	NaN
0.0028063	NaN
0.0026773	NaN
0.0025738	NaN
0.0024959	NaN
0.0024431	NaN
0.0024145	NaN
0.0024088	NaN
0.0024249	NaN
0.0024617	NaN
0.0025178	NaN
0.0025922	NaN
0.0026836	NaN
0.0027905	NaN
0.0029099	NaN
0.0030388	NaN
0.0031742	NaN
0.0033132	NaN
0.0034527	NaN
0.0035898	NaN
0.0037214	NaN
0.003845	NaN
0.0039592	NaN
0.0040629	NaN
0.0041549	NaN
0.0042341	NaN
0.0042993	NaN
0.0043493	NaN
0.0043829	NaN
0.0043997	NaN
0.0044009	NaN
0.0043882	NaN
0.0043633	NaN
0.004328	NaN
0.0042837	NaN
0.0042323	NaN
0.0041755	NaN
0.004115	NaN
0.0040535	NaN
0.0039936	NaN
0.0039381	NaN
0.0038896	NaN
0.0038508	NaN
0.0038244	NaN
0.0038132	NaN
0.0038191	NaN
0.0038406	NaN
0.0038757	NaN
0.003922	NaN
0.0039775	NaN
0.0040399	NaN
0.004107	NaN
0.0041767	NaN
0.0042468	NaN
0.004316	NaN
0.0043833	NaN
0.0044476	NaN
0.0045078	NaN
0.0045628	NaN
0.0046115	NaN
0.0046527	NaN
0.0046857	NaN
0.0047106	NaN
0.0047281	NaN
0.0047386	NaN
0.0047428	NaN
0.0047414	NaN
0.0047348	NaN
0.0047238	NaN
0.0047088	NaN
0.0046898	NaN
0.0046666	NaN
0.0046389	NaN
0.0046065	NaN
0.0045692	NaN
0.0045267	NaN
0.0044787	NaN
0.0044251	NaN
0.0043654	NaN
0.0042989	NaN
0.0042253	NaN
0.0041439	NaN
0.0040542	NaN
0.0039558	NaN
0.0038479	NaN
0.0037303	NaN
0.0036032	NaN
0.0034676	NaN
0.0033242	NaN
0.0031739	NaN
0.0030176	NaN
0.0028561	NaN
0.0026903	NaN
0.002521	NaN
0.0023494	NaN
0.0021767	NaN
0.0020043	NaN
0.0018334	NaN
0.0016652	NaN
0.0015012	NaN
0.0013426	NaN
0.0011905	NaN
0.0010461	NaN
0.00091004	NaN
0.00078302	NaN
0.00066577	NaN
0.00055902	NaN
0.00046351	NaN
0.00037994	NaN
0.00030902	NaN
0.00025111	NaN
0.00020624	NaN
0.00017445	NaN
0.00015576	NaN
0.0001502	NaN
0.0001578	NaN
0.00017858	NaN
0.00021256	NaN
0.00025913	NaN
0.00031711	NaN
0.00038526	NaN
0.00046234	NaN
0.00054714	NaN
0.00063841	NaN
0.00073494	NaN
0.00083548	NaN
0.00093877	NaN
0.0010434	NaN
0.0011482	NaN
0.0012516	NaN
0.0013524	NaN
0.0014492	NaN
0.0015406	NaN
0.0016254	NaN
0.0017025	NaN
0.0017713	NaN
0.0018313	NaN
0.0018819	NaN
0.0019226	NaN
0.0019528	NaN
0.0019719	NaN
0.0019795	NaN
0.0019753	NaN
0.0019601	NaN
0.0019342	NaN
0.0018984	NaN
0.0018533	NaN
0.0017995	NaN
0.0017375	NaN
0.0016681	NaN
0.001592	NaN
0.0015104	NaN
0.0014246	NaN
0.0013358	NaN
0.0012454	NaN
0.0011545	NaN
0.0010645	NaN
0.00097652	NaN
0.00089162	NaN
0.00081018	NaN
0.00073253	NaN
0.00065899	NaN
0.00058989	NaN
0.00052554	NaN
0.00046628	NaN
0.00041241	NaN
0.00036412	NaN
0.00032117	NaN
0.00028327	NaN
0.00025013	NaN
0.00022147	NaN
0.00019699	NaN
0.0001764	NaN
0.00015942	NaN
0.00014573	NaN
0.00013497	NaN
0.00012675	NaN
0.0001207	NaN
0.00011644	NaN
0.0001136	NaN
0.00011178	NaN
0.00011062	NaN
0.00010978	NaN
0.00010912	NaN
0.00010854	NaN
0.00010793	NaN
0.00010719	NaN
0.00010621	NaN
0.00010489	NaN
0.00010312	NaN
0.00010083	NaN
9.8025e-05	NaN
9.4758e-05	NaN
9.1073e-05	NaN
8.7014e-05	NaN
8.2626e-05	NaN
7.7954e-05	NaN
7.3042e-05	NaN
6.794e-05	NaN
6.2713e-05	NaN
5.7435e-05	NaN
5.2178e-05	NaN
4.7014e-05	NaN
4.2016e-05	NaN
3.7256e-05	NaN
3.2807e-05	NaN
2.873e-05	NaN
2.503e-05	NaN
2.1689e-05	NaN
1.869e-05	NaN
1.6017e-05	NaN
1.3652e-05	NaN
1.1578e-05	NaN
9.7779e-06	NaN
8.2346e-06	NaN
6.9269e-06	NaN
5.8322e-06	NaN
4.9283e-06	NaN
4.1926e-06	NaN
3.6029e-06	NaN
3.1366e-06	NaN
2.7714e-06	NaN
2.4856e-06	NaN
2.264e-06	NaN
2.0942e-06	NaN
1.9641e-06	NaN
1.8614e-06	NaN
1.774e-06	NaN
1.6896e-06	NaN
1.596e-06	NaN
1.4821e-06	NaN
1.3477e-06	NaN
1.1986e-06	NaN
1.041e-06	NaN
8.8072e-07	NaN
7.2379e-07	NaN
5.7621e-07	NaN
4.4396e-07	NaN
3.3261e-07	NaN
2.4282e-07	NaN
1.7202e-07	NaN
1.176e-07	NaN
7.6938e-08	NaN
4.7429e-08	NaN
2.645e-08	NaN
1.1388e-08	NaN
2.6493e-10	NaN
9.3898e-09	NaN
1.5642e-08	NaN
1.8645e-08	NaN
1.8023e-08	NaN
1.3401e-08	NaN
4.4018e-09	NaN
9.3491e-09	NaN
2.819e-08	NaN
5.1765e-08	NaN
7.9108e-08	NaN
1.0924e-07	NaN
1.4116e-07	NaN
1.739e-07	NaN
2.0648e-07	NaN
2.3789e-07	NaN
2.6717e-07	NaN
2.9354e-07	NaN
3.1641e-07	NaN
3.3521e-07	NaN
3.4935e-07	NaN
3.5826e-07	NaN
3.6136e-07	NaN
3.5808e-07	NaN
3.4787e-07	NaN
3.3118e-07	NaN
3.0965e-07	NaN
2.8496e-07	NaN
2.5879e-07	NaN
2.3284e-07	NaN
2.088e-07	NaN
1.8835e-07	NaN
1.7316e-07	NaN
1.6365e-07	NaN
1.5859e-07	NaN
1.5665e-07	NaN
1.5645e-07	NaN
1.5667e-07	NaN
1.5596e-07	NaN
1.5295e-07	NaN
1.4634e-07	NaN
1.3583e-07	NaN
1.2282e-07	NaN
1.0883e-07	NaN
9.5386e-08	NaN
8.4009e-08	NaN
7.6226e-08	NaN
7.3562e-08	NaN
7.7529e-08	NaN
8.8494e-08	NaN
1.0475e-07	NaN
1.2436e-07	NaN
1.4541e-07	NaN
1.6596e-07	NaN
1.841e-07	NaN
1.9788e-07	NaN
2.0539e-07	NaN
2.0564e-07	NaN
1.9964e-07	NaN
1.8862e-07	NaN
1.7384e-07	NaN
1.5654e-07	NaN
1.3796e-07	NaN
1.1935e-07	NaN
1.0196e-07	NaN
8.6648e-08	NaN
7.3357e-08	NaN
6.1877e-08	NaN
5.2004e-08	NaN
4.353e-08	NaN
3.6251e-08	NaN
2.996e-08	NaN
2.4452e-08	NaN
1.9562e-08	NaN
1.5253e-08	NaN
1.1505e-08	NaN
8.3002e-09	NaN
5.6216e-09	NaN
3.4509e-09	NaN
1.7703e-09	NaN
5.6189e-10	NaN
1.9222e-10	NaN
5.0987e-10	NaN
4.0895e-10	NaN
9.2686e-11	NaN
