1.8856e-07	NaN
1.6796e-07	NaN
1.4557e-07	NaN
1.2224e-07	NaN
9.8806e-08	NaN
7.6115e-08	NaN
5.5008e-08	NaN
3.6331e-08	NaN
2.0924e-08	NaN
9.6329e-09	NaN
3.2998e-09	NaN
2.7683e-09	NaN
8.6781e-09	NaN
2.0534e-08	NaN
3.7446e-08	NaN
5.8524e-08	NaN
8.288e-08	NaN
1.0962e-07	NaN
1.3786e-07	NaN
1.6671e-07	NaN
1.9526e-07	NaN
2.2245e-07	NaN
2.4718e-07	NaN
2.6835e-07	NaN
2.8484e-07	NaN
2.9555e-07	NaN
2.9938e-07	NaN
2.9521e-07	NaN
2.8218e-07	NaN
2.6131e-07	NaN
2.3451e-07	NaN
2.0371e-07	NaN
1.7081e-07	NaN
1.3775e-07	NaN
1.0644e-07	NaN
7.8807e-08	NaN
5.6635e-08	NaN
4.0507e-08	NaN
3.0332e-08	NaN
2.6012e-08	NaN
2.745e-08	NaN
3.4547e-08	NaN
4.7207e-08	NaN
6.5331e-08	NaN
8.8772e-08	NaN
1.168e-07	NaN
1.483e-07	NaN
1.8217e-07	NaN
2.173e-07	NaN
2.5258e-07	NaN
2.8688e-07	NaN
3.1912e-07	NaN
3.4831e-07	NaN
3.7573e-07	NaN
4.0425e-07	NaN
4.3681e-07	NaN
4.7632e-07	NaN
5.2572e-07	NaN
5.8794e-07	NaN
6.6589e-07	NaN
7.6237e-07	NaN
8.7768e-07	NaN
1.01e-06	NaN
1.1574e-06	NaN
1.3181e-06	NaN
1.4902e-06	NaN
1.6716e-06	NaN
1.8607e-06	NaN
2.0554e-06	NaN
2.2527e-06	NaN
2.4485e-06	NaN
2.6388e-06	NaN
2.8194e-06	NaN
2.9862e-06	NaN
3.1351e-06	NaN
3.2619e-06	NaN
3.3627e-06	NaN
3.4379e-06	NaN
3.4932e-06	NaN
3.5344e-06	NaN
3.5673e-06	NaN
3.5979e-06	NaN
3.6319e-06	NaN
3.6751e-06	NaN
3.7337e-06	NaN
3.8172e-06	NaN
3.9407e-06	NaN
4.1192e-06	NaN
4.3681e-06	NaN
4.7024e-06	NaN
5.1374e-06	NaN
5.6883e-06	NaN
6.3702e-06	NaN
7.1942e-06	NaN
8.1654e-06	NaN
9.2882e-06	NaN
1.0567e-05	NaN
1.2007e-05	NaN
1.3612e-05	NaN
1.5386e-05	NaN
1.7335e-05	NaN
1.9463e-05	NaN
2.1779e-05	NaN
2.4292e-05	NaN
2.7009e-05	NaN
2.9938e-05	NaN
3.3088e-05	NaN
3.6466e-05	NaN
4.0082e-05	NaN
4.3944e-05	NaN
4.8064e-05	NaN
5.2454e-05	NaN
5.7124e-05	NaN
6.2088e-05	NaN
6.7356e-05	NaN
7.294e-05	NaN
7.8852e-05	NaN
8.5084e-05	NaN
9.1581e-05	NaN
9.828e-05	NaN
0.00010512	NaN
0.00011204	NaN
0.00011897	NaN
0.00012586	NaN
0.00013264	NaN
0.00013923	NaN
0.0001455	NaN
0.0001513	NaN
0.00015649	NaN
0.00016093	NaN
0.00016447	NaN
0.00016697	NaN
0.00016829	NaN
0.00016835	NaN
0.00016729	NaN
0.00016531	NaN
0.00016259	NaN
0.00015932	NaN
0.0001557	NaN
0.00015191	NaN
0.00014815	NaN
0.00014463	NaN
0.0001417	NaN
0.00013974	NaN
0.00013911	NaN
0.0001402	NaN
0.00014338	NaN
0.00014901	NaN
0.00015749	NaN
0.00016909	NaN
0.00018372	NaN
0.00020118	NaN
0.00022127	NaN
0.00024378	NaN
0.0002685	NaN
0.00029524	NaN
0.00032379	NaN
0.00035393	NaN
0.00038537	NaN
0.00041782	NaN
0.00045097	NaN
0.00048452	NaN
0.00051815	NaN
0.00055157	NaN
0.00058447	NaN
0.00061657	NaN
0.00064772	NaN
0.00067784	NaN
0.00070684	NaN
0.00073464	NaN
0.00076115	NaN
0.00078629	NaN
0.00080997	NaN
0.00083209	NaN
0.00085237	NaN
0.00087045	NaN
0.000886	NaN
0.00089865	NaN
0.00090806	NaN
0.00091388	NaN
0.00091575	NaN
0.00091335	NaN
0.00090649	NaN
0.00089511	NaN
0.00087912	NaN
0.00085845	NaN
0.00083301	NaN
0.00080273	NaN
0.00076753	NaN
0.00072738	NaN
0.00068284	NaN
0.00063483	NaN
0.0005843	NaN
0.00053217	NaN
0.00047938	NaN
0.00042685	NaN
0.00037553	NaN
0.00032633	NaN
0.00028012	NaN
0.00023773	NaN
0.00019996	NaN
0.00016763	NaN
0.00014155	NaN
0.00012254	NaN
0.00011142	NaN
0.00010897	NaN
0.00011541	NaN
0.00013047	NaN
0.00015389	NaN
0.00018539	NaN
0.00022472	NaN
0.00027158	NaN
0.00032571	NaN
0.00038685	NaN
0.00045485	NaN
0.00052969	NaN
0.00061133	NaN
0.00069977	NaN
0.00079498	NaN
0.00089694	NaN
0.0010056	NaN
0.001121	NaN
0.0012428	NaN
0.0013706	NaN
0.0015039	NaN
0.001642	NaN
0.0017846	NaN
0.0019311	NaN
0.0020811	NaN
0.0022339	NaN
0.0023887	NaN
0.0025441	NaN
0.0026987	NaN
0.0028511	NaN
0.0029998	NaN
0.0031433	NaN
0.0032804	NaN
0.0034095	NaN
0.00353	NaN
0.0036426	NaN
0.003748	NaN
0.0038467	NaN
0.0039396	NaN
0.0040272	NaN
0.0041103	NaN
0.0041896	NaN
0.004266	NaN
0.0043407	NaN
0.0044149	NaN
0.0044899	NaN
0.0045669	NaN
0.0046473	NaN
0.0047323	NaN
0.0048231	NaN
0.0049202	NaN
0.0050221	NaN
0.0051272	NaN
0.005234	NaN
0.0053409	NaN
0.0054463	NaN
0.0055485	NaN
0.0056461	NaN
0.0057376	NaN
0.0058221	NaN
0.005899	NaN
0.0059674	NaN
0.0060265	NaN
0.0060757	NaN
0.0061139	NaN
0.0061406	NaN
0.0061553	NaN
0.0061581	NaN
0.0061495	NaN
0.0061301	NaN
0.0061001	NaN
0.00606	NaN
0.0060102	NaN
0.0059512	NaN
0.0058835	NaN
0.0058077	NaN
0.0057246	NaN
0.005635	NaN
0.0055395	NaN
0.005439	NaN
0.0053342	NaN
0.0052258	NaN
0.0051145	NaN
0.0050007	NaN
0.0048849	NaN
0.0047674	NaN
0.0046485	NaN
0.0045287	NaN
0.0044083	NaN
0.0042877	NaN
0.0041674	NaN
0.0040484	NaN
0.0039319	NaN
0.0038191	NaN
0.0037112	NaN
0.0036094	NaN
0.0035148	NaN
0.0034287	NaN
0.0033521	NaN
0.0032864	NaN
0.0032326	NaN
0.0031919	NaN
0.0031654	NaN
0.0031543	NaN
0.0031597	NaN
0.0031828	NaN
0.0032245	NaN
0.0032845	NaN
0.0033619	NaN
0.0034561	NaN
0.003566	NaN
0.003691	NaN
0.0038301	NaN
0.0039826	NaN
0.0041475	NaN
0.004323	NaN
0.0045067	NaN
0.0046963	NaN
0.0048896	NaN
0.0050842	NaN
0.0052779	NaN
0.0054683	NaN
0.0056531	NaN
0.0058306	NaN
0.005999	NaN
0.0061568	NaN
0.0063024	NaN
0.0064341	NaN
0.0065503	NaN
0.0066493	NaN
0.0067298	NaN
0.0067929	NaN
0.006841	NaN
0.0068767	NaN
0.0069027	NaN
0.0069215	NaN
0.0069357	NaN
0.0069479	NaN
0.0069606	NaN
0.0069748	NaN
0.0069911	NaN
0.0070095	NaN
0.0070304	NaN
0.007054	NaN
0.0070807	NaN
0.0071106	NaN
0.007144	NaN
0.0071804	NaN
0.0072183	NaN
0.0072567	NaN
0.0072942	NaN
0.0073295	NaN
0.0073614	NaN
0.0073886	NaN
0.0074099	NaN
0.0074242	NaN
0.007431	NaN
0.0074296	NaN
0.0074192	NaN
0.0073993	NaN
0.0073692	NaN
0.0073282	NaN
0.0072757	NaN
0.007211	NaN
0.0071333	NaN
0.0070422	NaN
0.0069367	NaN
0.0068164	NaN
0.0066804	NaN
0.0065282	NaN
0.006359	NaN
0.0061737	NaN
0.0059748	NaN
0.0057649	NaN
0.0055467	NaN
0.0053228	NaN
0.0050959	NaN
0.0048688	NaN
0.0046439	NaN
0.0044232	NaN
0.0042074	NaN
0.0039972	NaN
0.0037932	NaN
0.0035961	NaN
0.0034065	NaN
0.0032251	NaN
0.0030525	NaN
0.0028889	NaN
0.0027339	NaN
0.0025867	NaN
0.0024468	NaN
0.0023136	NaN
0.0021865	NaN
0.0020649	NaN
0.0019481	NaN
0.0018357	NaN
0.0017273	NaN
0.0016227	NaN
0.0015214	NaN
0.0014232	NaN
0.0013278	NaN
0.0012347	NaN
0.0011439	NaN
0.0010551	NaN
0.00096938	NaN
0.00088758	NaN
0.00081066	NaN
0.00073958	NaN
0.00067527	NaN
0.0006187	NaN
0.0005708	NaN
0.00053231	NaN
0.00050346	NaN
0.00048434	NaN
0.00047506	NaN
0.00047575	NaN
0.00048651	NaN
0.00050746	NaN
0.0005387	NaN
0.00058028	NaN
0.00063202	NaN
0.00069368	NaN
0.00076502	NaN
0.00084582	NaN
0.00093584	NaN
0.0010349	NaN
0.0011426	NaN
0.0012598	NaN
0.0013901	NaN
0.001538	NaN
0.001708	NaN
0.0019047	NaN
0.0021324	NaN
0.0023958	NaN
0.0026992	NaN
0.0030485	NaN
0.0034551	NaN
0.0039319	NaN
0.0044919	NaN
0.005148	NaN
0.0059132	NaN
0.0068005	NaN
0.0078228	NaN
0.0089957	NaN
0.010349	NaN
0.011918	NaN
0.013735	NaN
0.015837	NaN
0.018256	NaN
0.021029	NaN
0.024188	NaN
0.027772	NaN
0.031837	NaN
0.036448	NaN
0.041669	NaN
0.047564	NaN
0.054196	NaN
0.061631	NaN
0.069933	NaN
0.079165	NaN
0.089383	NaN
0.10064	-0.56696
0.113	-0.57001
0.1265	-0.57169
0.14121	-0.57207
0.15717	-0.5712
0.17445	-0.56913
0.19308	-0.56591
0.21301	-0.56159
0.23414	-0.5562
0.25635	-0.54977
0.27954	-0.54234
0.3036	-0.53395
0.32843	-0.52464
0.35392	-0.51443
0.37996	-0.50336
0.40644	-0.49143
0.43325	-0.47863
0.46026	-0.46493
0.48737	-0.45032
0.51447	-0.43478
0.54142	-0.41828
0.56813	-0.40083
0.59447	-0.38239
0.62039	-0.36305
0.64587	-0.34294
0.6709	-0.3222
0.69544	-0.30096
0.71948	-0.27937
0.74299	-0.25755
0.76597	-0.23565
0.78838	-0.2138
0.81017	-0.19215
0.83125	-0.17087
0.85155	-0.15012
0.87096	-0.13007
0.88942	-0.11088
0.90684	-0.092707
0.92312	-0.075723
0.93819	-0.060088
0.95194	-0.04595
0.96423	-0.033442
0.97493	-0.022695
0.98391	-0.013842
0.99104	-0.0070139
0.99618	-0.0023437
0.99921	3.6909e-05
1	0
0.99854	-0.0024741
0.99494	-0.0072888
0.98935	-0.014342
0.98188	-0.02353
0.97266	-0.034753
0.96183	-0.047906
0.9495	-0.062888
0.93581	-0.079598
0.92085	-0.097974
0.90472	-0.118
0.88747	-0.13968
0.8692	-0.163
0.84997	-0.18795
0.82986	-0.21452
0.80894	-0.2427
0.78729	-0.27249
0.76494	-0.30386
0.74182	-0.33675
0.71788	-0.3711
0.69306	-0.40685
0.6673	-0.44395
0.64053	-0.48233
0.61269	-0.52194
0.58374	-0.56271
0.55372	-0.60484
0.52287	-0.64891
0.49146	-0.69555
0.45974	-0.74538
0.42798	-0.79903
0.39644	-0.85711
0.36537	-0.92026
0.33504	-0.98908
0.30568	-1.0633
0.27743	-1.1411
0.25047	-1.2203
0.22494	-1.2988
0.20099	-1.3745
0.17878	-1.4453
0.15846	-1.5091
0.14018	-1.5638
0.12402	-1.6102
0.10987	-1.6556
0.097585	NaN
0.08703	NaN
0.078069	NaN
0.070565	NaN
0.064381	NaN
0.05938	NaN
0.055436	NaN
0.052449	NaN
0.050323	NaN
0.048962	NaN
0.048272	NaN
0.048157	NaN
0.04852	NaN
0.049268	NaN
0.050317	NaN
0.051625	NaN
0.053159	NaN
0.054885	NaN
0.056769	NaN
0.058776	NaN
0.060874	NaN
0.063028	NaN
0.065197	NaN
0.067316	NaN
0.069314	NaN
0.071121	NaN
0.072665	NaN
0.073876	NaN
0.074683	NaN
0.075014	NaN
0.074814	NaN
0.074095	NaN
0.072884	NaN
0.071212	NaN
0.069106	NaN
0.066596	NaN
0.063709	NaN
0.060476	NaN
0.056929	NaN
0.053135	NaN
0.049166	NaN
0.045096	NaN
0.040999	NaN
0.036948	NaN
0.033016	NaN
0.029278	NaN
0.025801	NaN
0.022611	NaN
0.019722	NaN
0.017144	NaN
0.014892	NaN
0.012977	NaN
0.011412	NaN
0.010209	NaN
0.0093757	NaN
0.0088814	NaN
0.0086799	NaN
0.0087249	NaN
0.0089699	NaN
0.0093685	NaN
0.0098744	NaN
0.010441	NaN
0.011024	NaN
0.011595	NaN
0.012135	NaN
0.012625	NaN
0.013044	NaN
0.013374	NaN
0.013595	NaN
0.013687	NaN
0.013633	NaN
0.013438	NaN
0.013117	NaN
0.012689	NaN
0.012169	NaN
0.011575	NaN
0.010924	NaN
0.010233	NaN
0.0095187	NaN
0.0087942	NaN
0.008071	NaN
0.0073604	NaN
0.0066735	NaN
0.0060216	NaN
0.0054159	NaN
0.0048677	NaN
0.0043876	NaN
0.0039783	NaN
0.0036356	NaN
0.0033554	NaN
0.0031335	NaN
0.0029659	NaN
0.0028482	NaN
0.0027765	NaN
0.0027464	NaN
0.0027526	NaN
0.0027889	NaN
0.0028488	NaN
0.002926	NaN
0.0030142	NaN
0.003107	NaN
0.003198	NaN
0.003281	NaN
0.0033521	NaN
0.0034099	NaN
0.0034532	NaN
0.0034807	NaN
0.0034912	NaN
0.0034833	NaN
0.0034559	NaN
0.0034077	NaN
0.0033391	NaN
0.0032525	NaN
0.0031503	NaN
0.003035	NaN
0.002909	NaN
0.0027748	NaN
0.0026349	NaN
0.0024918	NaN
0.0023472	NaN
0.0022024	NaN
0.0020583	NaN
0.0019161	NaN
0.0017769	NaN
0.0016416	NaN
0.0015113	NaN
0.0013871	NaN
0.0012697	NaN
0.0011588	NaN
0.0010544	NaN
0.00095624	NaN
0.00086422	NaN
0.00077815	NaN
0.00069788	NaN
0.00062323	NaN
0.00055406	NaN
0.00049026	NaN
0.0004317	NaN
0.00037828	NaN
0.00032987	NaN
0.00028637	NaN
0.00024765	NaN
0.00021361	NaN
0.00018407	NaN
0.00015869	NaN
0.00013716	NaN
0.00011911	NaN
0.00010423	NaN
9.2163e-05	NaN
8.2576e-05	NaN
7.513e-05	NaN
6.9546e-05	NaN
6.57e-05	NaN
6.3491e-05	NaN
6.2821e-05	NaN
6.3588e-05	NaN
6.5694e-05	NaN
6.9038e-05	NaN
7.3522e-05	NaN
7.9e-05	NaN
8.52e-05	NaN
9.1822e-05	NaN
9.8567e-05	NaN
0.00010514	NaN
0.00011123	NaN
0.00011656	NaN
0.00012081	NaN
0.00012376	NaN
0.0001254	NaN
0.00012577	NaN
0.00012493	NaN
0.00012293	NaN
0.00011981	NaN
0.00011562	NaN
0.00011041	NaN
0.00010424	NaN
9.7318e-05	NaN
8.9845e-05	NaN
8.2039e-05	NaN
7.4116e-05	NaN
6.6291e-05	NaN
5.8777e-05	NaN
5.1791e-05	NaN
4.5515e-05	NaN
3.9968e-05	NaN
3.512e-05	NaN
3.094e-05	NaN
2.7399e-05	NaN
2.4466e-05	NaN
2.2111e-05	NaN
2.0302e-05	NaN
1.9006e-05	NaN
1.8152e-05	NaN
1.7662e-05	NaN
1.7456e-05	NaN
1.7453e-05	NaN
1.7574e-05	NaN
1.7739e-05	NaN
1.7868e-05	NaN
1.7888e-05	NaN
1.778e-05	NaN
1.7545e-05	NaN
1.7185e-05	NaN
1.6702e-05	NaN
1.6098e-05	NaN
1.5375e-05	NaN
1.4535e-05	NaN
1.3581e-05	NaN
1.2536e-05	NaN
1.1433e-05	NaN
1.0301e-05	NaN
9.1733e-06	NaN
8.0809e-06	NaN
7.0552e-06	NaN
6.128e-06	NaN
5.3278e-06	NaN
4.654e-06	NaN
4.0893e-06	NaN
3.6162e-06	NaN
3.2169e-06	NaN
2.8739e-06	NaN
2.5697e-06	NaN
2.2867e-06	NaN
2.0083e-06	NaN
1.7307e-06	NaN
1.4589e-06	NaN
1.1978e-06	NaN
9.5248e-07	NaN
7.2784e-07	NaN
5.289e-07	NaN
3.6066e-07	NaN
2.2777e-07	NaN
1.2965e-07	NaN
6.1705e-08	NaN
1.9224e-08	NaN
2.4987e-09	NaN
8.1702e-09	NaN
2.4975e-09	NaN
9.8121e-09	NaN
2.4813e-08	NaN
5.2973e-08	NaN
1.1763e-07	NaN
2.4257e-07	NaN
4.5159e-07	NaN
7.6847e-07	NaN
1.217e-06	NaN
1.821e-06	NaN
2.6032e-06	NaN
3.5615e-06	NaN
4.668e-06	NaN
5.8937e-06	NaN
7.2097e-06	NaN
8.5868e-06	NaN
9.9962e-06	NaN
1.1409e-05	NaN
1.2796e-05	NaN
1.4137e-05	NaN
1.5425e-05	NaN
1.665e-05	NaN
1.7805e-05	NaN
1.888e-05	NaN
1.9869e-05	NaN
2.0762e-05	NaN
2.1551e-05	NaN
2.2242e-05	NaN
2.2856e-05	NaN
2.3416e-05	NaN
2.3946e-05	NaN
2.4469e-05	NaN
2.5008e-05	NaN
2.5587e-05	NaN
2.6228e-05	NaN
2.6944e-05	NaN
2.7732e-05	NaN
2.8585e-05	NaN
2.9499e-05	NaN
3.0469e-05	NaN
3.1488e-05	NaN
3.2552e-05	NaN
3.3655e-05	NaN
3.4774e-05	NaN
3.5856e-05	NaN
3.6843e-05	NaN
3.7678e-05	NaN
3.8304e-05	NaN
3.8663e-05	NaN
3.8698e-05	NaN
3.8351e-05	NaN
3.7601e-05	NaN
3.6499e-05	NaN
3.5106e-05	NaN
3.3483e-05	NaN
3.1692e-05	NaN
2.9794e-05	NaN
2.7851e-05	NaN
2.5923e-05	NaN
2.4061e-05	NaN
2.2289e-05	NaN
2.0628e-05	NaN
1.9097e-05	NaN
1.7717e-05	NaN
1.6507e-05	NaN
1.5487e-05	NaN
1.4678e-05	NaN
1.4085e-05	NaN
1.3677e-05	NaN
1.3411e-05	NaN
1.325e-05	NaN
1.3151e-05	NaN
1.3075e-05	NaN
1.2982e-05	NaN
1.2831e-05	NaN
1.2593e-05	NaN
1.2274e-05	NaN
1.189e-05	NaN
1.1456e-05	NaN
1.0986e-05	NaN
1.0495e-05	NaN
9.9977e-06	NaN
9.51e-06	NaN
9.0436e-06	NaN
8.5998e-06	NaN
8.1771e-06	NaN
7.7738e-06	NaN
7.3886e-06	NaN
7.0197e-06	NaN
6.6657e-06	NaN
6.325e-06	NaN
5.9961e-06	NaN
5.6774e-06	NaN
5.3671e-06	NaN
5.0637e-06	NaN
4.7656e-06	NaN
4.471e-06	NaN
4.1783e-06	NaN
3.8859e-06	NaN
3.5929e-06	NaN
3.3024e-06	NaN
3.0189e-06	NaN
2.747e-06	NaN
2.4913e-06	NaN
2.2563e-06	NaN
2.0466e-06	NaN
1.8667e-06	NaN
1.7206e-06	NaN
1.6079e-06	NaN
1.5261e-06	NaN
1.4731e-06	NaN
1.4466e-06	NaN
1.4443e-06	NaN
1.4638e-06	NaN
1.503e-06	NaN
1.5594e-06	NaN
1.6302e-06	NaN
1.7122e-06	NaN
1.8023e-06	NaN
1.8973e-06	NaN
1.9941e-06	NaN
2.0896e-06	NaN
2.1805e-06	NaN
2.2639e-06	NaN
2.3372e-06	NaN
2.3984e-06	NaN
2.4453e-06	NaN
2.476e-06	NaN
2.4882e-06	NaN
2.48e-06	NaN
2.4491e-06	NaN
2.3939e-06	NaN
2.3154e-06	NaN
2.2169e-06	NaN
2.1014e-06	NaN
1.9722e-06	NaN
1.8325e-06	NaN
1.6853e-06	NaN
1.534e-06	NaN
1.3817e-06	NaN
1.2307e-06	NaN
1.0832e-06	NaN
9.4116e-07	NaN
8.0653e-07	NaN
6.8134e-07	NaN
5.6757e-07	NaN
4.6722e-07	NaN
3.8219e-07	NaN
3.1252e-07	NaN
2.5664e-07	NaN
2.1294e-07	NaN
1.7978e-07	NaN
1.5555e-07	NaN
1.3861e-07	NaN
1.2735e-07	NaN
1.2017e-07	NaN
1.1613e-07	NaN
1.1494e-07	NaN
1.1637e-07	NaN
1.2015e-07	NaN
1.2604e-07	NaN
1.3378e-07	NaN
1.4314e-07	NaN
1.5385e-07	NaN
1.656e-07	NaN
1.7804e-07	NaN
1.9077e-07	NaN
2.0343e-07	NaN
2.1564e-07	NaN
2.2702e-07	NaN
2.3721e-07	NaN
2.4581e-07	NaN
2.5259e-07	NaN
2.5742e-07	NaN
2.6021e-07	NaN
2.6085e-07	NaN
2.5925e-07	NaN
2.5531e-07	NaN
2.4893e-07	NaN
2.4001e-07	NaN
2.2866e-07	NaN
2.1528e-07	NaN
2.0031e-07	NaN
1.8419e-07	NaN
1.6735e-07	NaN
1.5023e-07	NaN
1.3326e-07	NaN
1.1688e-07	NaN
1.0136e-07	NaN
8.6675e-08	NaN
7.2778e-08	NaN
5.961e-08	NaN
4.7119e-08	NaN
3.525e-08	NaN
2.3949e-08	NaN
1.3165e-08	NaN
3.1923e-09	NaN
4.9475e-09	NaN
1.0139e-08	NaN
1.1269e-08	NaN
7.221e-09	NaN
3.1188e-09	NaN
2.0865e-08	NaN
4.7131e-08	NaN
8.2416e-08	NaN
1.2571e-07	NaN
1.7577e-07	NaN
2.3137e-07	NaN
2.9126e-07	NaN
3.542e-07	NaN
4.1897e-07	NaN
4.8431e-07	NaN
5.4898e-07	NaN
6.117e-07	NaN
6.7118e-07	NaN
7.2612e-07	NaN
7.7525e-07	NaN
8.1727e-07	NaN
8.509e-07	NaN
8.7484e-07	NaN
8.8781e-07	NaN
8.8852e-07	NaN
8.7568e-07	NaN
8.4801e-07	NaN
8.042e-07	NaN
7.4299e-07	NaN
6.6307e-07	NaN
5.6316e-07	NaN
2.3521e-07	NaN
2.362e-07	NaN
2.3119e-07	NaN
2.2102e-07	NaN
2.0652e-07	NaN
