5.9492e-07	NaN
5.5274e-07	NaN
5.1281e-07	NaN
4.7525e-07	NaN
4.4018e-07	NaN
4.0771e-07	NaN
3.7796e-07	NaN
3.5106e-07	NaN
3.2711e-07	NaN
3.0624e-07	NaN
2.8857e-07	NaN
2.7421e-07	NaN
2.6328e-07	NaN
2.559e-07	NaN
2.5219e-07	NaN
2.5226e-07	NaN
2.5622e-07	NaN
2.6409e-07	NaN
2.7586e-07	NaN
2.9152e-07	NaN
3.1105e-07	NaN
3.3445e-07	NaN
3.6171e-07	NaN
3.9282e-07	NaN
4.2764e-07	NaN
4.6514e-07	NaN
5.0394e-07	NaN
5.4266e-07	NaN
5.7992e-07	NaN
6.1434e-07	NaN
6.4453e-07	NaN
6.6912e-07	NaN
6.8686e-07	NaN
6.9768e-07	NaN
7.0204e-07	NaN
7.0042e-07	NaN
6.9329e-07	NaN
6.8111e-07	NaN
6.6437e-07	NaN
6.4352e-07	NaN
6.1909e-07	NaN
5.92e-07	NaN
5.6342e-07	NaN
5.345e-07	NaN
5.0641e-07	NaN
4.803e-07	NaN
4.5734e-07	NaN
4.3868e-07	NaN
4.2536e-07	NaN
4.1681e-07	NaN
4.1145e-07	NaN
4.0768e-07	NaN
4.0391e-07	NaN
3.9855e-07	NaN
3.9e-07	NaN
3.7667e-07	NaN
3.5708e-07	NaN
3.3167e-07	NaN
3.0224e-07	NaN
2.7063e-07	NaN
2.3867e-07	NaN
2.0822e-07	NaN
1.8112e-07	NaN
1.592e-07	NaN
1.4423e-07	NaN
1.3661e-07	NaN
1.3557e-07	NaN
1.4029e-07	NaN
1.4998e-07	NaN
1.6381e-07	NaN
1.8099e-07	NaN
2.0069e-07	NaN
2.2212e-07	NaN
2.4445e-07	NaN
2.6687e-07	NaN
2.8853e-07	NaN
3.0863e-07	NaN
3.2634e-07	NaN
3.4083e-07	NaN
3.5128e-07	NaN
3.5689e-07	NaN
3.5749e-07	NaN
3.5368e-07	NaN
3.4606e-07	NaN
3.3527e-07	NaN
3.2192e-07	NaN
3.0663e-07	NaN
2.9002e-07	NaN
2.7271e-07	NaN
2.5498e-07	NaN
2.3669e-07	NaN
2.1765e-07	NaN
1.9768e-07	NaN
1.7661e-07	NaN
1.5426e-07	NaN
1.3046e-07	NaN
1.0504e-07	NaN
7.9145e-08	NaN
5.5884e-08	NaN
3.8533e-08	NaN
3.037e-08	NaN
3.4672e-08	NaN
5.4717e-08	NaN
9.3781e-08	NaN
1.5511e-07	NaN
2.3914e-07	NaN
3.4135e-07	NaN
4.5667e-07	NaN
5.8008e-07	NaN
7.0652e-07	NaN
8.3095e-07	NaN
9.4833e-07	NaN
1.0536e-06	NaN
1.143e-06	NaN
1.2155e-06	NaN
1.2702e-06	NaN
1.3063e-06	NaN
1.323e-06	NaN
1.3195e-06	NaN
1.2951e-06	NaN
1.2488e-06	NaN
1.1817e-06	NaN
1.0985e-06	NaN
1.0046e-06	NaN
9.0559e-07	NaN
8.0679e-07	NaN
7.1366e-07	NaN
6.3163e-07	NaN
5.6615e-07	NaN
5.2098e-07	NaN
4.9517e-07	NaN
4.8696e-07	NaN
4.9459e-07	NaN
5.1629e-07	NaN
5.5031e-07	NaN
5.9487e-07	NaN
6.4822e-07	NaN
7.0815e-07	NaN
7.7105e-07	NaN
8.3298e-07	NaN
8.9004e-07	NaN
9.3828e-07	NaN
9.7381e-07	NaN
9.9268e-07	NaN
9.9098e-07	NaN
9.6618e-07	NaN
9.2121e-07	NaN
8.6032e-07	NaN
7.8776e-07	NaN
7.0781e-07	NaN
6.247e-07	NaN
5.4271e-07	NaN
4.6608e-07	NaN
3.9818e-07	NaN
3.3836e-07	NaN
2.8476e-07	NaN
2.3553e-07	NaN
1.8885e-07	NaN
1.4285e-07	NaN
9.5714e-08	NaN
4.5583e-08	NaN
7.5635e-09	NaN
5.3834e-08	NaN
7.998e-08	NaN
7.2749e-08	NaN
1.8888e-08	NaN
9.4855e-08	NaN
2.8173e-07	NaN
5.5499e-07	NaN
9.278e-07	NaN
1.4127e-06	NaN
2.0222e-06	NaN
2.7685e-06	NaN
3.664e-06	NaN
4.721e-06	NaN
5.952e-06	NaN
7.3692e-06	NaN
8.9821e-06	NaN
1.0777e-05	NaN
1.2729e-05	NaN
1.4815e-05	NaN
1.7009e-05	NaN
1.9287e-05	NaN
2.1625e-05	NaN
2.3998e-05	NaN
2.6384e-05	NaN
2.8769e-05	NaN
3.1147e-05	NaN
3.3512e-05	NaN
3.5859e-05	NaN
3.8179e-05	NaN
4.0468e-05	NaN
4.2718e-05	NaN
4.4927e-05	NaN
4.7121e-05	NaN
4.9347e-05	NaN
5.165e-05	NaN
5.4078e-05	NaN
5.6676e-05	NaN
5.9492e-05	NaN
6.2572e-05	NaN
6.596e-05	NaN
6.9667e-05	NaN
7.3682e-05	NaN
7.7991e-05	NaN
8.2583e-05	NaN
8.7445e-05	NaN
9.2563e-05	NaN
9.7926e-05	NaN
0.00010352	NaN
0.00010926	NaN
0.00011502	NaN
0.00012067	NaN
0.00012607	NaN
0.0001311	NaN
0.00013561	NaN
0.00013949	NaN
0.0001426	NaN
0.00014489	NaN
0.0001464	NaN
0.00014715	NaN
0.0001472	NaN
0.00014656	NaN
0.00014528	NaN
0.00014339	NaN
0.00014093	NaN
0.00013796	NaN
0.00013461	NaN
0.00013099	NaN
0.00012721	NaN
0.00012338	NaN
0.00011963	NaN
0.00011607	NaN
0.00011281	NaN
0.00010987	NaN
0.00010713	NaN
0.00010449	NaN
0.00010183	NaN
9.9024e-05	NaN
9.5965e-05	NaN
9.2535e-05	NaN
8.8619e-05	NaN
8.4193e-05	NaN
7.9366e-05	NaN
7.426e-05	NaN
6.8996e-05	NaN
6.3695e-05	NaN
5.8478e-05	NaN
5.3467e-05	NaN
4.8782e-05	NaN
4.4521e-05	NaN
4.0744e-05	NaN
3.7504e-05	NaN
3.4855e-05	NaN
3.2854e-05	NaN
3.1554e-05	NaN
3.1009e-05	NaN
3.1275e-05	NaN
3.2335e-05	NaN
3.4037e-05	NaN
3.621e-05	NaN
3.8684e-05	NaN
4.1289e-05	NaN
4.3855e-05	NaN
4.621e-05	NaN
4.8185e-05	NaN
4.9663e-05	NaN
5.0646e-05	NaN
5.1159e-05	NaN
5.1222e-05	NaN
5.0857e-05	NaN
5.0088e-05	NaN
4.8935e-05	NaN
4.7421e-05	NaN
4.5616e-05	NaN
4.372e-05	NaN
4.1957e-05	NaN
4.055e-05	NaN
3.9722e-05	NaN
3.9697e-05	NaN
4.0697e-05	NaN
4.2945e-05	NaN
4.6619e-05	NaN
5.174e-05	NaN
5.8302e-05	NaN
6.6298e-05	NaN
7.5719e-05	NaN
8.6559e-05	NaN
9.8809e-05	NaN
0.00011246	NaN
0.0001275	NaN
0.00014386	NaN
0.00016146	NaN
0.00018023	NaN
0.00020008	NaN
0.00022095	NaN
0.00024276	NaN
0.00026543	NaN
0.00028897	NaN
0.00031373	NaN
0.0003402	NaN
0.00036882	NaN
0.00040008	NaN
0.00043442	NaN
0.00047233	NaN
0.00051427	NaN
0.0005607	NaN
0.00061206	NaN
0.0006688	NaN
0.00073136	NaN
0.00080017	NaN
0.00087568	NaN
0.00095834	NaN
0.0010486	NaN
0.0011468	NaN
0.0012537	NaN
0.0013696	NaN
0.0014952	NaN
0.0016311	NaN
0.0017778	NaN
0.0019359	NaN
0.0021059	NaN
0.0022884	NaN
0.0024834	NaN
0.0026908	NaN
0.0029106	NaN
0.0031426	NaN
0.0033867	NaN
0.0036428	NaN
0.0039109	NaN
0.0041907	NaN
0.0044803	NaN
0.0047774	NaN
0.0050794	NaN
0.0053838	NaN
0.005688	NaN
0.0059895	NaN
0.0062859	NaN
0.0065745	NaN
0.0068529	NaN
0.0071185	NaN
0.0073688	NaN
0.0076012	NaN
0.0078132	NaN
0.0080022	NaN
0.0081658	NaN
0.0083015	NaN
0.0084093	NaN
0.0084904	NaN
0.0085466	NaN
0.0085791	NaN
0.0085895	NaN
0.0085793	NaN
0.00855	NaN
0.0085031	NaN
0.0084401	NaN
0.008363	NaN
0.0082736	NaN
0.0081736	NaN
0.0080648	NaN
0.0079492	NaN
0.0078285	NaN
0.0077044	NaN
0.0075783	NaN
0.0074506	NaN
0.0073222	NaN
0.0071935	NaN
0.0070652	NaN
0.0069378	NaN
0.0068122	NaN
0.0066887	NaN
0.0065672	NaN
0.0064467	NaN
0.0063261	NaN
0.0062041	NaN
0.0060798	NaN
0.005952	NaN
0.0058196	NaN
0.0056815	NaN
0.0055375	NaN
0.0053887	NaN
0.0052361	NaN
0.0050809	NaN
0.0049242	NaN
0.004767	NaN
0.0046104	NaN
0.0044555	NaN
0.0043033	NaN
0.004155	NaN
0.0040113	NaN
0.0038734	NaN
0.0037422	NaN
0.0036186	NaN
0.0035037	NaN
0.0033984	NaN
0.0033035	NaN
0.0032198	NaN
0.0031477	NaN
0.0030878	NaN
0.0030407	NaN
0.0030069	NaN
0.0029871	NaN
0.0029818	NaN
0.0029907	NaN
0.0030115	NaN
0.0030419	NaN
0.0030794	NaN
0.0031216	NaN
0.0031662	NaN
0.0032107	NaN
0.0032528	NaN
0.0032903	NaN
0.0033222	NaN
0.0033475	NaN
0.0033652	NaN
0.0033742	NaN
0.0033737	NaN
0.0033625	NaN
0.0033398	NaN
0.0033051	NaN
0.00326	NaN
0.0032064	NaN
0.0031461	NaN
0.003081	NaN
0.0030128	NaN
0.0029435	NaN
0.0028748	NaN
0.002808	NaN
0.0027426	NaN
0.0026774	NaN
0.0026116	NaN
0.0025441	NaN
0.0024739	NaN
0.0024001	NaN
0.0023217	NaN
0.0022395	NaN
0.002161	NaN
0.0020953	NaN
0.0020516	NaN
0.0020391	NaN
0.0020668	NaN
0.0021438	NaN
0.0022793	NaN
0.0024861	NaN
0.0027939	NaN
0.0032366	NaN
0.0038485	NaN
0.0046634	NaN
0.0057157	NaN
0.0070393	NaN
0.0086683	NaN
0.010639	NaN
0.012998	NaN
0.015797	NaN
0.019086	NaN
0.022916	NaN
0.027337	NaN
0.0324	NaN
0.038156	NaN
0.044652	NaN
0.051919	NaN
0.059978	NaN
0.068854	NaN
0.078568	NaN
0.089144	NaN
0.1006	-0.60154
0.11297	-0.60402
0.12626	-0.60502
0.14046	-0.60457
0.15554	-0.60269
0.17145	-0.59943
0.18817	-0.59482
0.20566	-0.5889
0.22388	-0.58171
0.24282	-0.57328
0.26242	-0.56365
0.28268	-0.55286
0.30359	-0.54096
0.32514	-0.52801
0.34732	-0.51405
0.37012	-0.49912
0.39354	-0.48329
0.41757	-0.46659
0.4422	-0.44908
0.46737	-0.43084
0.49301	-0.41199
0.51904	-0.39261
0.54538	-0.37282
0.57195	-0.35273
0.59868	-0.33243
0.62549	-0.31204
0.6523	-0.29165
0.67901	-0.27134
0.7055	-0.25114
0.73166	-0.2311
0.75737	-0.21126
0.78251	-0.19167
0.80696	-0.17237
0.8306	-0.15339
0.85333	-0.1348
0.875	-0.1167
0.89545	-0.099284
0.91453	-0.082727
0.93209	-0.067211
0.94796	-0.052918
0.962	-0.04003
0.97405	-0.028727
0.98395	-0.019188
0.99158	-0.011515
0.99686	-0.005739
0.9997	-0.001891
1	0
0.99768	-9.5627e-05
0.99265	-0.0022074
0.98483	-0.0063649
0.97412	-0.012597
0.96069	-0.020914
0.94492	-0.031305
0.92722	-0.043759
0.90799	-0.058266
0.88763	-0.074814
0.86656	-0.093391
0.84517	-0.11399
0.82386	-0.13659
0.80284	-0.16113
0.78208	-0.18746
0.76152	-0.21543
0.74111	-0.2449
0.7208	-0.27572
0.70054	-0.30774
0.68028	-0.34081
0.65997	-0.3748
0.63952	-0.40986
0.6188	-0.44661
0.59768	-0.48568
0.57603	-0.52772
0.55371	-0.57336
0.53058	-0.62326
0.50652	-0.67804
0.48139	-0.73833
0.45519	-0.80369
0.42819	-0.87186
0.40066	-0.94042
0.37286	-1.007
0.34506	-1.0691
0.31754	-1.1243
0.29058	-1.1703
0.26443	-1.2046
0.23933	-1.2286
0.21541	-1.2507
0.19278	-1.2804
0.17157	-1.327
0.15189	-1.3998
0.13387	-1.5081
0.11763	-1.6612
0.10329	-1.8686
0.090882	NaN
0.080293	NaN
0.071372	NaN
0.063971	NaN
0.057943	NaN
0.053138	NaN
0.04941	NaN
0.046609	NaN
0.044605	NaN
0.043306	NaN
0.042628	NaN
0.042487	NaN
0.042798	NaN
0.043478	NaN
0.044443	NaN
0.045608	NaN
0.046898	NaN
0.04827	NaN
0.049684	NaN
0.0511	NaN
0.05248	NaN
0.053784	NaN
0.054974	NaN
0.05601	NaN
0.056859	NaN
0.05751	NaN
0.057955	NaN
0.058189	NaN
0.058204	NaN
0.057994	NaN
0.057552	NaN
0.056871	NaN
0.055951	NaN
0.054812	NaN
0.053482	NaN
0.051988	NaN
0.050359	NaN
0.04862	NaN
0.0468	NaN
0.044926	NaN
0.043024	NaN
0.041108	NaN
0.039189	NaN
0.03728	NaN
0.035391	NaN
0.033534	NaN
0.03172	NaN
0.02996	NaN
0.028266	NaN
0.026639	NaN
0.02508	NaN
0.02359	NaN
0.022169	NaN
0.020817	NaN
0.019535	NaN
0.018323	NaN
0.017181	NaN
0.01611	NaN
0.015113	NaN
0.014191	NaN
0.013344	NaN
0.012575	NaN
0.011886	NaN
0.011277	NaN
0.01075	NaN
0.010299	NaN
0.0099175	NaN
0.0095972	NaN
0.0093304	NaN
0.0091093	NaN
0.0089264	NaN
0.0087737	NaN
0.0086439	NaN
0.0085312	NaN
0.0084316	NaN
0.0083405	NaN
0.0082537	NaN
0.0081669	NaN
0.0080757	NaN
0.0079758	NaN
0.0078631	NaN
0.0077356	NaN
0.0075926	NaN
0.0074336	NaN
0.0072579	NaN
0.007065	NaN
0.0068543	NaN
0.0066253	NaN
0.0063774	NaN
0.0061123	NaN
0.0058327	NaN
0.0055419	NaN
0.0052428	NaN
0.0049385	NaN
0.004632	NaN
0.0043263	NaN
0.0040245	NaN
0.0037289	NaN
0.0034409	NaN
0.0031622	NaN
0.0028944	NaN
0.0026391	NaN
0.0023977	NaN
0.002172	NaN
0.0019633	NaN
0.0017718	NaN
0.0015961	NaN
0.0014346	NaN
0.0012859	NaN
0.0011485	NaN
0.0010209	NaN
0.00090157	NaN
0.00078907	NaN
0.00068272	NaN
0.00058282	NaN
0.00048973	NaN
0.00040382	NaN
0.00032544	NaN
0.00025495	NaN
0.00019271	NaN
0.00013908	NaN
9.4333e-05	NaN
5.861e-05	NaN
3.2051e-05	NaN
1.4792e-05	NaN
6.9714e-06	NaN
8.7254e-06	NaN
2.0192e-05	NaN
4.1509e-05	NaN
7.289e-05	NaN
0.00011467	NaN
0.0001672	NaN
0.00023082	NaN
0.00030589	NaN
0.00039274	NaN
0.00049173	NaN
0.0006032	NaN
0.00072711	NaN
0.00086272	NaN
0.0010092	NaN
0.0011657	NaN
0.0013314	NaN
0.0015055	NaN
0.0016872	NaN
0.0018756	NaN
0.0020694	NaN
0.0022662	NaN
0.0024634	NaN
0.0026586	NaN
0.0028491	NaN
0.0030325	NaN
0.0032061	NaN
0.0033675	NaN
0.0035149	NaN
0.0036482	NaN
0.0037678	NaN
0.003874	NaN
0.0039673	NaN
0.0040478	NaN
0.004116	NaN
0.0041722	NaN
0.0042168	NaN
0.0042504	NaN
0.0042738	NaN
0.0042876	NaN
0.0042925	NaN
0.0042892	NaN
0.0042784	NaN
0.0042608	NaN
0.0042371	NaN
0.0042079	NaN
0.0041741	NaN
0.0041362	NaN
0.0040951	NaN
0.0040514	NaN
0.0040059	NaN
0.0039592	NaN
0.0039122	NaN
0.003866	NaN
0.0038219	NaN
0.0037811	NaN
0.0037449	NaN
0.0037145	NaN
0.0036911	NaN
0.0036761	NaN
0.0036704	NaN
0.0036741	NaN
0.0036868	NaN
0.0037083	NaN
0.0037382	NaN
0.0037762	NaN
0.0038221	NaN
0.0038755	NaN
0.003936	NaN
0.0040021	NaN
0.0040721	NaN
0.0041444	NaN
0.0042172	NaN
0.0042889	NaN
0.0043576	NaN
0.0044216	NaN
0.0044794	NaN
0.0045294	NaN
0.0045706	NaN
0.0046016	NaN
0.0046212	NaN
0.0046282	NaN
0.0046213	NaN
0.0045993	NaN
0.0045611	NaN
0.004507	NaN
0.0044378	NaN
0.0043545	NaN
0.004258	NaN
0.0041492	NaN
0.004029	NaN
0.0038983	NaN
0.0037581	NaN
0.0036098	NaN
0.0034549	NaN
0.003295	NaN
0.0031318	NaN
0.0029669	NaN
0.0028018	NaN
0.0026382	NaN
0.0024775	NaN
0.0023204	NaN
0.0021667	NaN
0.0020164	NaN
0.0018692	NaN
0.0017251	NaN
0.001584	NaN
0.0014457	NaN
0.0013102	NaN
0.0011778	NaN
0.0010493	NaN
0.00092531	NaN
0.00080659	NaN
0.00069386	NaN
0.00058784	NaN
0.00048924	NaN
0.00039877	NaN
0.0003171	NaN
0.00024483	NaN
0.00018257	NaN
0.00013092	NaN
9.0496e-05	NaN
6.1898e-05	NaN
4.5734e-05	NaN
4.2582e-05	NaN
5.2344e-05	NaN
7.4222e-05	NaN
0.00010739	NaN
0.00015101	NaN
0.00020427	NaN
0.00026632	NaN
0.00033635	NaN
0.00041351	NaN
0.00049679	NaN
0.00058496	NaN
0.00067675	NaN
0.00077092	NaN
0.00086621	NaN
0.00096138	NaN
0.0010552	NaN
0.0011463	NaN
0.0012339	NaN
0.001317	NaN
0.0013952	NaN
0.0014675	NaN
0.0015334	NaN
0.0015922	NaN
0.0016432	NaN
0.0016856	NaN
0.0017191	NaN
0.0017437	NaN
0.0017595	NaN
0.0017667	NaN
0.0017651	NaN
0.0017551	NaN
0.0017365	NaN
0.0017096	NaN
0.0016746	NaN
0.0016324	NaN
0.0015836	NaN
0.0015291	NaN
0.0014696	NaN
0.001406	NaN
0.0013391	NaN
0.0012696	NaN
0.0011984	NaN
0.001126	NaN
0.0010532	NaN
0.00098054	NaN
0.00090876	NaN
0.0008385	NaN
0.00077041	NaN
0.00070515	NaN
0.00064324	NaN
0.00058482	NaN
0.00052996	NaN
0.00047873	NaN
0.00043123	NaN
0.00038752	NaN
0.0003477	NaN
0.00031182	NaN
0.00027991	NaN
0.00025172	NaN
0.00022697	NaN
0.00020539	NaN
0.0001867	NaN
0.00017062	NaN
0.00015688	NaN
0.0001452	NaN
0.00013531	NaN
0.00012696	NaN
0.0001199	NaN
0.0001139	NaN
0.0001087	NaN
0.00010406	NaN
9.9742e-05	NaN
9.5498e-05	NaN
9.1132e-05	NaN
8.6634e-05	NaN
8.2046e-05	NaN
7.7409e-05	NaN
7.2764e-05	NaN
6.8153e-05	NaN
6.3616e-05	NaN
5.9194e-05	NaN
5.4923e-05	NaN
5.081e-05	NaN
4.6854e-05	NaN
4.3055e-05	NaN
3.9412e-05	NaN
3.5924e-05	NaN
3.259e-05	NaN
2.9409e-05	NaN
2.6381e-05	NaN
2.351e-05	NaN
2.0798e-05	NaN
1.8251e-05	NaN
1.5873e-05	NaN
1.3667e-05	NaN
1.1638e-05	NaN
9.7899e-06	NaN
8.1264e-06	NaN
6.6461e-06	NaN
5.3459e-06	NaN
4.2227e-06	NaN
3.2733e-06	NaN
2.4945e-06	NaN
1.8831e-06	NaN
1.4361e-06	NaN
1.1486e-06	NaN
1.0025e-06	NaN
9.7355e-07	NaN
1.0371e-06	NaN
1.1689e-06	NaN
1.3442e-06	NaN
1.5387e-06	NaN
1.7278e-06	NaN
1.8887e-06	NaN
2.0128e-06	NaN
2.1001e-06	NaN
2.1504e-06	NaN
2.1638e-06	NaN
2.14e-06	NaN
2.079e-06	NaN
1.9808e-06	NaN
1.8457e-06	NaN
1.6805e-06	NaN
1.4959e-06	NaN
1.3025e-06	NaN
1.1112e-06	NaN
9.3279e-07	NaN
7.7794e-07	NaN
6.5747e-07	NaN
5.8144e-07	NaN
5.496e-07	NaN
5.539e-07	NaN
5.8612e-07	NaN
6.38e-07	NaN
7.0131e-07	NaN
7.6781e-07	NaN
8.2926e-07	NaN
8.7766e-07	NaN
9.0941e-07	NaN
9.2474e-07	NaN
9.2402e-07	NaN
9.076e-07	NaN
8.7586e-07	NaN
8.2917e-07	NaN
7.6788e-07	NaN
6.9244e-07	NaN
6.0521e-07	NaN
5.1045e-07	NaN
4.1253e-07	NaN
3.1579e-07	NaN
2.246e-07	NaN
1.4331e-07	NaN
7.6284e-08	NaN
2.7765e-08	NaN
1.321e-09	NaN
1.3929e-08	NaN
1.3236e-08	NaN
2.4144e-09	NaN
1.5359e-08	NaN
3.6909e-08	NaN
5.9061e-08	NaN
7.8676e-08	NaN
9.4133e-08	NaN
1.0586e-07	NaN
1.1442e-07	NaN
1.204e-07	NaN
1.2436e-07	NaN
1.2687e-07	NaN
1.2851e-07	NaN
1.2984e-07	NaN
1.3107e-07	NaN
1.3188e-07	NaN
1.3186e-07	NaN
1.3064e-07	NaN
1.2784e-07	NaN
1.2306e-07	NaN
1.1592e-07	NaN
1.0605e-07	NaN
9.3511e-08	NaN
7.9186e-08	NaN
6.4043e-08	NaN
4.9051e-08	NaN
3.5178e-08	NaN
2.3393e-08	NaN
1.4664e-08	NaN
9.9567e-09	NaN
9.7671e-09	NaN
1.3604e-08	NaN
2.0851e-08	NaN
3.0892e-08	NaN
4.311e-08	NaN
5.6888e-08	NaN
7.1611e-08	NaN
8.6662e-08	NaN
1.0163e-07	NaN
1.1658e-07	NaN
1.3168e-07	NaN
1.4708e-07	NaN
1.6293e-07	NaN
1.7939e-07	NaN
1.966e-07	NaN
2.1473e-07	NaN
2.3388e-07	NaN
2.5405e-07	NaN
2.7524e-07	NaN
2.9742e-07	NaN
3.2058e-07	NaN
3.4469e-07	NaN
3.6975e-07	NaN
3.9573e-07	NaN
4.2261e-07	NaN
4.5039e-07	NaN
4.7903e-07	NaN
5.0853e-07	NaN
5.3886e-07	NaN
5.7001e-07	NaN
6.0196e-07	NaN
6.347e-07	NaN
6.3924e-07	NaN
