1.8452e-07	NaN
1.7044e-07	NaN
1.5337e-07	NaN
2.7226e-07	NaN
3.2988e-07	NaN
3.8243e-07	NaN
4.2971e-07	NaN
4.715e-07	NaN
5.0762e-07	NaN
5.3785e-07	NaN
5.6199e-07	NaN
5.7985e-07	NaN
5.9121e-07	NaN
5.9589e-07	NaN
5.9367e-07	NaN
5.8435e-07	NaN
5.6774e-07	NaN
5.4362e-07	NaN
5.118e-07	NaN
4.7208e-07	NaN
4.2458e-07	NaN
3.7127e-07	NaN
3.1474e-07	NaN
2.5759e-07	NaN
2.0244e-07	NaN
1.5187e-07	NaN
1.0849e-07	NaN
7.4899e-08	NaN
5.3378e-08	NaN
4.4098e-08	NaN
4.637e-08	NaN
5.9505e-08	NaN
8.2812e-08	NaN
1.156e-07	NaN
1.5718e-07	NaN
2.0686e-07	NaN
2.638e-07	NaN
3.2602e-07	NaN
3.9099e-07	NaN
4.5618e-07	NaN
5.1904e-07	NaN
5.7705e-07	NaN
6.2767e-07	NaN
6.6836e-07	NaN
6.9688e-07	NaN
7.1369e-07	NaN
7.2076e-07	NaN
7.2005e-07	NaN
7.1354e-07	NaN
7.032e-07	NaN
6.9103e-07	NaN
6.7897e-07	NaN
6.6892e-07	NaN
6.6148e-07	NaN
6.5647e-07	NaN
6.5368e-07	NaN
6.5293e-07	NaN
6.5402e-07	NaN
6.5675e-07	NaN
6.6091e-07	NaN
6.6626e-07	NaN
6.7171e-07	NaN
6.7554e-07	NaN
6.7602e-07	NaN
6.7144e-07	NaN
6.6007e-07	NaN
6.4018e-07	NaN
6.1005e-07	NaN
5.681e-07	NaN
5.1538e-07	NaN
4.5515e-07	NaN
3.9079e-07	NaN
3.2564e-07	NaN
2.6307e-07	NaN
2.0642e-07	NaN
1.5905e-07	NaN
1.2426e-07	NaN
1.0386e-07	NaN
9.82e-08	NaN
1.0758e-07	NaN
1.3229e-07	NaN
1.7261e-07	NaN
2.2886e-07	NaN
3.0131e-07	NaN
3.9032e-07	NaN
4.9796e-07	NaN
6.2824e-07	NaN
7.8532e-07	NaN
9.7333e-07	NaN
1.1964e-06	NaN
1.4587e-06	NaN
1.7643e-06	NaN
2.1173e-06	NaN
2.5221e-06	NaN
2.9826e-06	NaN
3.5031e-06	NaN
4.0878e-06	NaN
4.7409e-06	NaN
5.4665e-06	NaN
6.269e-06	NaN
7.1523e-06	NaN
8.122e-06	NaN
9.1851e-06	NaN
1.0349e-05	NaN
1.1621e-05	NaN
1.3008e-05	NaN
1.4517e-05	NaN
1.6156e-05	NaN
1.7932e-05	NaN
1.9856e-05	NaN
2.1945e-05	NaN
2.4216e-05	NaN
2.6688e-05	NaN
2.9379e-05	NaN
3.2304e-05	NaN
3.5484e-05	NaN
3.8935e-05	NaN
4.2658e-05	NaN
4.6624e-05	NaN
5.0795e-05	NaN
5.5138e-05	NaN
5.9616e-05	NaN
6.4195e-05	NaN
6.8838e-05	NaN
7.3512e-05	NaN
7.8188e-05	NaN
8.2858e-05	NaN
8.7516e-05	NaN
9.2157e-05	NaN
9.6776e-05	NaN
0.00010137	NaN
0.00010592	NaN
0.00011044	NaN
0.00011494	NaN
0.00011948	NaN
0.00012417	NaN
0.00012908	NaN
0.00013431	NaN
0.00013993	NaN
0.00014604	NaN
0.00015272	NaN
0.00016006	NaN
0.00016817	NaN
0.00017714	NaN
0.00018707	NaN
0.00019809	NaN
0.00021027	NaN
0.00022374	NaN
0.00023858	NaN
0.00025489	NaN
0.00027262	NaN
0.00029173	NaN
0.00031216	NaN
0.00033387	NaN
0.00035678	NaN
0.00038086	NaN
0.00040605	NaN
0.00043226	NaN
0.00045931	NaN
0.00048697	NaN
0.00051501	NaN
0.0005432	NaN
0.00057133	NaN
0.00059915	NaN
0.00062645	NaN
0.000653	NaN
0.00067864	NaN
0.0007032	NaN
0.00072654	NaN
0.0007485	NaN
0.00076893	NaN
0.00078766	NaN
0.00080454	NaN
0.00081945	NaN
0.00083237	NaN
0.00084337	NaN
0.00085248	NaN
0.00085978	NaN
0.00086531	NaN
0.00086912	NaN
0.00087126	NaN
0.0008718	NaN
0.00087082	NaN
0.0008684	NaN
0.00086466	NaN
0.00085967	NaN
0.00085355	NaN
0.00084638	NaN
0.00083825	NaN
0.00082926	NaN
0.00081934	NaN
0.00080836	NaN
0.00079617	NaN
0.00078266	NaN
0.00076767	NaN
0.00075108	NaN
0.00073274	NaN
0.00071255	NaN
0.00069059	NaN
0.00066708	NaN
0.00064223	NaN
0.00061626	NaN
0.00058939	NaN
0.00056183	NaN
0.00053381	NaN
0.00050554	NaN
0.00047719	NaN
0.00044891	NaN
0.00042085	NaN
0.00039315	NaN
0.00036596	NaN
0.00033943	NaN
0.00031371	NaN
0.00028893	NaN
0.00026516	NaN
0.00024241	NaN
0.00022068	NaN
0.00019997	NaN
0.00018028	NaN
0.00016162	NaN
0.00014399	NaN
0.00012739	NaN
0.00011182	NaN
9.7329e-05	NaN
8.392e-05	NaN
7.1621e-05	NaN
6.0454e-05	NaN
5.0442e-05	NaN
4.1606e-05	NaN
3.3968e-05	NaN
2.7506e-05	NaN
2.2147e-05	NaN
1.7819e-05	NaN
1.4446e-05	NaN
1.1956e-05	NaN
1.0274e-05	NaN
9.3258e-06	NaN
9.0381e-06	NaN
9.3295e-06	NaN
1.011e-05	NaN
1.129e-05	NaN
1.2779e-05	NaN
1.4485e-05	NaN
1.632e-05	NaN
1.8192e-05	NaN
2.0011e-05	NaN
2.1716e-05	NaN
2.3287e-05	NaN
2.4706e-05	NaN
2.5958e-05	NaN
2.7026e-05	NaN
2.7893e-05	NaN
2.8542e-05	NaN
2.8958e-05	NaN
2.9165e-05	NaN
2.9262e-05	NaN
2.9351e-05	NaN
2.9538e-05	NaN
2.9926e-05	NaN
3.062e-05	NaN
3.1724e-05	NaN
3.3342e-05	NaN
3.5524e-05	NaN
3.8212e-05	NaN
4.1336e-05	NaN
4.4823e-05	NaN
4.8603e-05	NaN
5.2604e-05	NaN
5.6757e-05	NaN
6.0989e-05	NaN
6.5263e-05	NaN
6.9618e-05	NaN
7.4108e-05	NaN
7.8782e-05	NaN
8.3692e-05	NaN
8.889e-05	NaN
9.4426e-05	NaN
0.00010035	NaN
0.00010667	NaN
0.00011325	NaN
0.00011994	NaN
0.00012658	NaN
0.00013302	NaN
0.00013909	NaN
0.00014466	NaN
0.00014956	NaN
0.00015366	NaN
0.00015689	NaN
0.00015921	NaN
0.00016057	NaN
0.0001609	NaN
0.00016017	NaN
0.00015833	NaN
0.00015532	NaN
0.00015114	NaN
0.00014601	NaN
0.00014018	NaN
0.00013392	NaN
0.00012747	NaN
0.00012111	NaN
0.00011508	NaN
0.00010964	NaN
0.00010501	NaN
0.00010114	NaN
9.7938e-05	NaN
9.5306e-05	NaN
9.3141e-05	NaN
9.1345e-05	NaN
8.9816e-05	NaN
8.8456e-05	NaN
8.7169e-05	NaN
8.5876e-05	NaN
8.4508e-05	NaN
8.2994e-05	NaN
8.1263e-05	NaN
7.9244e-05	NaN
7.6868e-05	NaN
7.4064e-05	NaN
7.0785e-05	NaN
6.7148e-05	NaN
6.3329e-05	NaN
5.9505e-05	NaN
5.5853e-05	NaN
5.2552e-05	NaN
4.9776e-05	NaN
4.7705e-05	NaN
4.6512e-05	NaN
4.6349e-05	NaN
4.7357e-05	NaN
4.9679e-05	NaN
5.3456e-05	NaN
5.8829e-05	NaN
6.5941e-05	NaN
7.4933e-05	NaN
8.5921e-05	NaN
9.8795e-05	NaN
0.00011332	NaN
0.00012927	NaN
0.0001464	NaN
0.00016449	NaN
0.00018329	NaN
0.00020259	NaN
0.00022214	NaN
0.00024174	NaN
0.00026119	NaN
0.0002803	NaN
0.00029887	NaN
0.0003167	NaN
0.00033361	NaN
0.00034939	NaN
0.00036385	NaN
0.00037691	NaN
0.00038856	NaN
0.00039876	NaN
0.0004075	NaN
0.00041476	NaN
0.00042054	NaN
0.00042479	NaN
0.00042752	NaN
0.00042868	NaN
0.00042821	NaN
0.00042606	NaN
0.00042217	NaN
0.00041648	NaN
0.00040893	NaN
0.00039948	NaN
0.00038807	NaN
0.00037486	NaN
0.00036016	NaN
0.00034433	NaN
0.00032771	NaN
0.00031063	NaN
0.00029344	NaN
0.00027647	NaN
0.00026007	NaN
0.00024445	NaN
0.0002297	NaN
0.00021592	NaN
0.0002032	NaN
0.00019162	NaN
0.00018127	NaN
0.00017225	NaN
0.00016462	NaN
0.00015835	NaN
0.00015322	NaN
0.00014899	NaN
0.00014542	NaN
0.0001423	NaN
0.00013939	NaN
0.00013645	NaN
0.00013325	NaN
0.00012984	NaN
0.00012661	NaN
0.000124	NaN
0.00012244	NaN
0.00012236	NaN
0.00012421	NaN
0.00012841	NaN
0.00013539	NaN
0.00014532	NaN
0.00015792	NaN
0.00017285	NaN
0.00018979	NaN
0.0002084	NaN
0.00022836	NaN
0.00024934	NaN
0.000271	NaN
0.00029309	NaN
0.0003155	NaN
0.00033815	NaN
0.00036093	NaN
0.00038375	NaN
0.00040652	NaN
0.00042914	NaN
0.00045153	NaN
0.00047343	NaN
0.00049421	NaN
0.0005132	NaN
0.00052972	NaN
0.0005431	NaN
0.00055265	NaN
0.00055771	NaN
0.00055759	NaN
0.00055181	NaN
0.00054039	NaN
0.00052343	NaN
0.00050105	NaN
0.00047334	NaN
0.00044042	NaN
0.0004024	NaN
0.00035936	NaN
0.00031231	NaN
0.00026499	NaN
0.00022171	NaN
0.00018676	NaN
0.00016446	NaN
0.0001591	NaN
0.00017498	NaN
0.00021641	NaN
0.00028878	NaN
0.00040148	NaN
0.00056488	NaN
0.00078932	NaN
0.0010852	NaN
0.0014627	NaN
0.0019324	NaN
0.0025046	NaN
0.0031931	NaN
0.0040277	NaN
0.0050424	NaN
0.0062714	NaN
0.0077486	NaN
0.009508	NaN
0.011584	NaN
0.01401	NaN
0.016822	NaN
0.02006	NaN
0.023767	NaN
0.027987	NaN
0.032761	NaN
0.038133	NaN
0.044145	NaN
0.050841	NaN
0.058263	NaN
0.066462	NaN
0.075488	NaN
0.085394	NaN
0.09623	NaN
0.10805	-0.62232
0.1209	-0.61694
0.13484	-0.61036
0.14991	-0.60276
0.16609	-0.5942
0.18337	-0.5847
0.2017	-0.57427
0.22105	-0.5629
0.24139	-0.55062
0.26268	-0.53742
0.2849	-0.52332
0.30801	-0.50833
0.33198	-0.49251
0.3568	-0.47595
0.38244	-0.45873
0.40888	-0.44092
0.4361	-0.42263
0.46408	-0.40392
0.49279	-0.38489
0.52221	-0.36561
0.55219	-0.34615
0.58252	-0.32658
0.61299	-0.30694
0.64338	-0.28729
0.67349	-0.2677
0.70309	-0.24821
0.73198	-0.22888
0.75994	-0.20978
0.78685	-0.19096
0.8126	-0.17251
0.83709	-0.15448
0.86023	-0.13696
0.88193	-0.12002
0.90209	-0.10372
0.92061	-0.088144
0.9374	-0.073361
0.95238	-0.059487
0.96547	-0.046665
0.97659	-0.035041
0.98566	-0.024762
0.99262	-0.015973
0.99737	-0.0088203
0.99986	-0.0034488
1	0
0.99782	0.0014774
0.99345	0.0010209
0.987	-0.0013286
0.9786	-0.0055304
0.96836	-0.011544
0.95642	-0.019328
0.94288	-0.028841
0.92788	-0.040046
0.91157	-0.052942
0.89412	-0.067575
0.87571	-0.083991
0.85652	-0.10224
0.83673	-0.12236
0.81652	-0.14441
0.79606	-0.16843
0.77553	-0.19447
0.755	-0.2225
0.73437	-0.25245
0.71355	-0.2842
0.69245	-0.31767
0.67097	-0.35275
0.64903	-0.38936
0.62652	-0.42738
0.60335	-0.46674
0.5795	-0.50759
0.555	-0.55045
0.52993	-0.59587
0.50434	-0.6444
0.47828	-0.69661
0.45182	-0.75302
0.42502	-0.8142
0.39793	-0.88069
0.37067	-0.95201
0.34346	-1.026
0.31653	-1.1004
0.2901	-1.1729
0.26439	-1.2411
0.23965	-1.3028
0.21608	-1.3557
0.19392	-1.3975
0.17332	-1.4296
0.1543	-1.4601
0.13688	-1.4984
0.12106	-1.5535
0.10685	-1.6344
0.094262	NaN
0.083296	NaN
0.073962	NaN
0.066228	NaN
0.059962	NaN
0.055022	NaN
0.051266	NaN
0.048551	NaN
0.046734	NaN
0.045672	NaN
0.045223	NaN
0.045267	NaN
0.045739	NaN
0.046588	NaN
0.047761	NaN
0.049203	NaN
0.050862	NaN
0.052684	NaN
0.054617	NaN
0.056608	NaN
0.058613	NaN
0.060586	NaN
0.062482	NaN
0.064258	NaN
0.065867	NaN
0.067266	NaN
0.068409	NaN
0.069258	NaN
0.0698	NaN
0.070024	NaN
0.069923	NaN
0.069487	NaN
0.068708	NaN
0.067576	NaN
0.066083	NaN
0.064227	NaN
0.062041	NaN
0.059566	NaN
0.056842	NaN
0.05391	NaN
0.050811	NaN
0.047586	NaN
0.044276	NaN
0.040921	NaN
0.037555	NaN
0.034213	NaN
0.030927	NaN
0.027732	NaN
0.024659	NaN
0.021743	NaN
0.019018	NaN
0.016513	NaN
0.01424	NaN
0.012203	NaN
0.010407	NaN
0.0088563	NaN
0.0075547	NaN
0.006507	NaN
0.0057175	NaN
0.0051883	NaN
0.0049046	NaN
0.0048441	NaN
0.0049848	NaN
0.0053045	NaN
0.005781	NaN
0.0063922	NaN
0.0071159	NaN
0.0079303	NaN
0.0088166	NaN
0.0097573	NaN
0.010735	NaN
0.011733	NaN
0.012733	NaN
0.013719	NaN
0.014673	NaN
0.015577	NaN
0.016426	NaN
0.017215	NaN
0.017942	NaN
0.018604	NaN
0.019199	NaN
0.019723	NaN
0.020175	NaN
0.02055	NaN
0.020849	NaN
0.021073	NaN
0.02122	NaN
0.021294	NaN
0.021293	NaN
0.021218	NaN
0.021071	NaN
0.020852	NaN
0.020566	NaN
0.020222	NaN
0.019829	NaN
0.019396	NaN
0.018933	NaN
0.018447	NaN
0.017949	NaN
0.017446	NaN
0.016945	NaN
0.016448	NaN
0.015958	NaN
0.015478	NaN
0.01501	NaN
0.014557	NaN
0.014122	NaN
0.013707	NaN
0.013313	NaN
0.012937	NaN
0.012576	NaN
0.012229	NaN
0.011892	NaN
0.011564	NaN
0.011241	NaN
0.010922	NaN
0.010604	NaN
0.010288	NaN
0.009973	NaN
0.0096593	NaN
0.0093464	NaN
0.0090342	NaN
0.0087223	NaN
0.0084107	NaN
0.0080988	NaN
0.0077854	NaN
0.0074695	NaN
0.00715	NaN
0.0068258	NaN
0.0064959	NaN
0.0061591	NaN
0.0058143	NaN
0.0054619	NaN
0.0051044	NaN
0.0047445	NaN
0.0043849	NaN
0.0040283	NaN
0.0036774	NaN
0.003335	NaN
0.0030037	NaN
0.0026863	NaN
0.0023851	NaN
0.0021026	NaN
0.0018414	NaN
0.0016038	NaN
0.0013924	NaN
0.0012096	NaN
0.0010579	NaN
0.00093873	NaN
0.0008511	NaN
0.00079386	NaN
0.00076578	NaN
0.00076567	NaN
0.0007923	NaN
0.00084447	NaN
0.00092097	NaN
0.0010202	NaN
0.0011395	NaN
0.0012762	NaN
0.0014273	NaN
0.0015903	NaN
0.0017621	NaN
0.0019402	NaN
0.0021217	NaN
0.002304	NaN
0.0024857	NaN
0.0026653	NaN
0.0028414	NaN
0.0030126	NaN
0.0031774	NaN
0.0033345	NaN
0.0034824	NaN
0.0036201	NaN
0.003748	NaN
0.0038668	NaN
0.0039772	NaN
0.0040799	NaN
0.0041756	NaN
0.004265	NaN
0.0043489	NaN
0.0044278	NaN
0.0045021	NaN
0.004572	NaN
0.0046377	NaN
0.0046995	NaN
0.0047576	NaN
0.0048123	NaN
0.0048638	NaN
0.0049121	NaN
0.0049566	NaN
0.0049964	NaN
0.0050304	NaN
0.0050579	NaN
0.0050778	NaN
0.0050893	NaN
0.0050914	NaN
0.0050833	NaN
0.0050658	NaN
0.00504	NaN
0.0050069	NaN
0.0049678	NaN
0.0049237	NaN
0.0048758	NaN
0.0048252	NaN
0.0047729	NaN
0.0047191	NaN
0.0046638	NaN
0.0046068	NaN
0.0045479	NaN
0.0044872	NaN
0.0044243	NaN
0.0043594	NaN
0.0042921	NaN
0.0042217	NaN
0.0041473	NaN
0.0040678	NaN
0.0039821	NaN
0.0038894	NaN
0.0037887	NaN
0.0036788	NaN
0.0035589	NaN
0.0034296	NaN
0.003292	NaN
0.0031476	NaN
0.0029977	NaN
0.0028434	NaN
0.0026861	NaN
0.0025272	NaN
0.0023679	NaN
0.0022095	NaN
0.0020531	NaN
0.0019001	NaN
0.0017516	NaN
0.0016088	NaN
0.001473	NaN
0.0013453	NaN
0.0012271	NaN
0.0011185	NaN
0.0010195	NaN
0.00092987	NaN
0.00084928	NaN
0.00077755	NaN
0.00071447	NaN
0.0006598	NaN
0.00061333	NaN
0.00057464	NaN
0.00054323	NaN
0.00051855	NaN
0.00050008	NaN
0.00048728	NaN
0.00047962	NaN
0.00047656	NaN
0.00047757	NaN
0.00048209	NaN
0.00048949	NaN
0.00049916	NaN
0.0005105	NaN
0.00052288	NaN
0.0005357	NaN
0.00054835	NaN
0.0005602	NaN
0.00057081	NaN
0.00057987	NaN
0.0005871	NaN
0.00059222	NaN
0.00059494	NaN
0.00059499	NaN
0.00059206	NaN
0.0005859	NaN
0.00057643	NaN
0.00056389	NaN
0.00054853	NaN
0.00053061	NaN
0.00051038	NaN
0.0004881	NaN
0.00046403	NaN
0.00043841	NaN
0.00041157	NaN
0.00038391	NaN
0.00035583	NaN
0.00032775	NaN
0.00030008	NaN
0.00027323	NaN
0.0002476	NaN
0.00022362	NaN
0.00020152	NaN
0.00018122	NaN
0.00016263	NaN
0.00014564	NaN
0.00013014	NaN
0.00011604	NaN
0.00010322	NaN
9.1589e-05	NaN
8.1036e-05	NaN
7.1474e-05	NaN
6.2811e-05	NaN
5.4956e-05	NaN
4.7818e-05	NaN
4.1307e-05	NaN
3.5332e-05	NaN
2.9801e-05	NaN
2.4659e-05	NaN
1.993e-05	NaN
1.5656e-05	NaN
1.1877e-05	NaN
8.6318e-06	NaN
5.9608e-06	NaN
3.9039e-06	NaN
2.5011e-06	NaN
1.7607e-06	NaN
1.5984e-06	NaN
1.9128e-06	NaN
2.6025e-06	NaN
3.5662e-06	NaN
4.7024e-06	NaN
5.9098e-06	NaN
7.087e-06	NaN
8.1515e-06	NaN
9.087e-06	NaN
9.8911e-06	NaN
1.0562e-05	NaN
1.1097e-05	NaN
1.1494e-05	NaN
1.1751e-05	NaN
1.1865e-05	NaN
1.1838e-05	NaN
1.168e-05	NaN
1.1403e-05	NaN
1.1022e-05	NaN
1.0549e-05	NaN
9.9977e-06	NaN
9.3813e-06	NaN
8.7132e-06	NaN
8.007e-06	NaN
7.2793e-06	NaN
6.5473e-06	NaN
5.8283e-06	NaN
5.1396e-06	NaN
4.4984e-06	NaN
3.922e-06	NaN
3.4277e-06	NaN
3.0294e-06	NaN
2.7222e-06	NaN
2.4944e-06	NaN
2.3343e-06	NaN
2.2301e-06	NaN
2.1702e-06	NaN
2.1429e-06	NaN
2.1365e-06	NaN
2.14e-06	NaN
2.1486e-06	NaN
2.1595e-06	NaN
2.1701e-06	NaN
2.1779e-06	NaN
2.1801e-06	NaN
2.1742e-06	NaN
2.1575e-06	NaN
2.128e-06	NaN
2.0873e-06	NaN
2.0392e-06	NaN
1.9874e-06	NaN
1.9356e-06	NaN
1.8873e-06	NaN
1.8465e-06	NaN
1.8166e-06	NaN
1.8012e-06	NaN
1.7997e-06	NaN
1.81e-06	NaN
1.8296e-06	NaN
1.8561e-06	NaN
1.8872e-06	NaN
1.9205e-06	NaN
1.9536e-06	NaN
1.9842e-06	NaN
2.0094e-06	NaN
2.0265e-06	NaN
2.0324e-06	NaN
2.0243e-06	NaN
1.9992e-06	NaN
1.9542e-06	NaN
1.8864e-06	NaN
1.7932e-06	NaN
1.6768e-06	NaN
1.5429e-06	NaN
1.3973e-06	NaN
1.2458e-06	NaN
1.0943e-06	NaN
9.4857e-07	NaN
8.1449e-07	NaN
6.9762e-07	NaN
5.9932e-07	NaN
5.1723e-07	NaN
4.4888e-07	NaN
3.9178e-07	NaN
3.4346e-07	NaN
3.0142e-07	NaN
2.632e-07	NaN
2.2637e-07	NaN
1.9015e-07	NaN
1.5537e-07	NaN
1.2294e-07	NaN
9.3785e-08	NaN
6.8803e-08	NaN
4.8912e-08	NaN
3.5022e-08	NaN
2.802e-08	NaN
2.7985e-08	NaN
3.4058e-08	NaN
4.5326e-08	NaN
6.0877e-08	NaN
7.9797e-08	NaN
1.0118e-07	NaN
1.241e-07	NaN
1.4765e-07	NaN
1.7108e-07	NaN
1.9382e-07	NaN
2.1531e-07	NaN
2.35e-07	NaN
2.5235e-07	NaN
2.6679e-07	NaN
2.7778e-07	NaN
2.8477e-07	NaN
2.8763e-07	NaN
2.8685e-07	NaN
2.8299e-07	NaN
2.7661e-07	NaN
2.6826e-07	NaN
2.585e-07	NaN
2.4787e-07	NaN
2.3694e-07	NaN
2.2606e-07	NaN
2.1521e-07	NaN
2.0434e-07	NaN
1.934e-07	NaN
1.8234e-07	NaN
1.7111e-07	NaN
1.5965e-07	NaN
1.4791e-07	NaN
1.36e-07	NaN
1.2433e-07	NaN
1.1336e-07	NaN
1.0355e-07	NaN
9.5359e-08	NaN
8.9239e-08	NaN
8.5651e-08	NaN
8.5053e-08	NaN
8.7654e-08	NaN
9.3051e-08	NaN
1.0075e-07	NaN
1.1025e-07	NaN
1.2107e-07	NaN
1.327e-07	NaN
1.4466e-07	NaN
1.5644e-07	NaN
1.6764e-07	NaN
1.7805e-07	NaN
1.8751e-07	NaN
1.9587e-07	NaN
2.0298e-07	NaN
2.0867e-07	NaN
2.1279e-07	NaN
2.1519e-07	NaN
2.157e-07	NaN
2.1417e-07	NaN
2.1045e-07	NaN
2.0437e-07	NaN
1.9578e-07	NaN
