5.9484e-07	NaN
6.634e-07	NaN
7.3479e-07	NaN
1.032e-06	NaN
1.0178e-06	NaN
9.9664e-07	NaN
9.6932e-07	NaN
9.3674e-07	NaN
8.9975e-07	NaN
8.5925e-07	NaN
8.1608e-07	NaN
7.7113e-07	NaN
7.2527e-07	NaN
6.7935e-07	NaN
6.3426e-07	NaN
5.9087e-07	NaN
5.5003e-07	NaN
5.1263e-07	NaN
4.7952e-07	NaN
4.5159e-07	NaN
4.2948e-07	NaN
4.1266e-07	NaN
4.0018e-07	NaN
3.9108e-07	NaN
3.844e-07	NaN
3.792e-07	NaN
3.7453e-07	NaN
3.6942e-07	NaN
3.6301e-07	NaN
3.5504e-07	NaN
3.4546e-07	NaN
3.3426e-07	NaN
3.2139e-07	NaN
3.0682e-07	NaN
2.9052e-07	NaN
2.7247e-07	NaN
2.5267e-07	NaN
2.315e-07	NaN
2.0951e-07	NaN
1.8726e-07	NaN
1.6528e-07	NaN
1.4414e-07	NaN
1.2438e-07	NaN
1.0655e-07	NaN
9.1158e-08	NaN
7.8242e-08	NaN
6.7595e-08	NaN
5.9005e-08	NaN
5.226e-08	NaN
4.715e-08	NaN
4.3462e-08	NaN
4.0984e-08	NaN
3.9525e-08	NaN
3.9113e-08	NaN
3.9922e-08	NaN
4.2125e-08	NaN
4.5896e-08	NaN
5.1412e-08	NaN
5.8845e-08	NaN
6.837e-08	NaN
8.0144e-08	NaN
9.4069e-08	NaN
1.0986e-07	NaN
1.2723e-07	NaN
1.4588e-07	NaN
1.6553e-07	NaN
1.8589e-07	NaN
2.0666e-07	NaN
2.2755e-07	NaN
2.4822e-07	NaN
2.6825e-07	NaN
2.8723e-07	NaN
3.0477e-07	NaN
3.2045e-07	NaN
3.3386e-07	NaN
3.4461e-07	NaN
3.5233e-07	NaN
3.5788e-07	NaN
3.6335e-07	NaN
3.7084e-07	NaN
3.8247e-07	NaN
4.0036e-07	NaN
4.2663e-07	NaN
4.634e-07	NaN
5.1287e-07	NaN
5.7975e-07	NaN
6.7161e-07	NaN
7.9619e-07	NaN
9.6121e-07	NaN
1.1744e-06	NaN
1.4435e-06	NaN
1.7763e-06	NaN
2.1803e-06	NaN
2.6573e-06	NaN
3.2014e-06	NaN
3.8064e-06	NaN
4.4659e-06	NaN
5.1734e-06	NaN
5.9226e-06	NaN
6.7071e-06	NaN
7.5206e-06	NaN
8.3602e-06	NaN
9.228e-06	NaN
1.0127e-05	NaN
1.1058e-05	NaN
1.2026e-05	NaN
1.3033e-05	NaN
1.408e-05	NaN
1.5171e-05	NaN
1.6313e-05	NaN
1.752e-05	NaN
1.8806e-05	NaN
2.0187e-05	NaN
2.1679e-05	NaN
2.3295e-05	NaN
2.5052e-05	NaN
2.6964e-05	NaN
2.904e-05	NaN
3.1276e-05	NaN
3.3667e-05	NaN
3.6208e-05	NaN
3.8894e-05	NaN
4.1719e-05	NaN
4.4677e-05	NaN
4.7765e-05	NaN
5.0984e-05	NaN
5.4359e-05	NaN
5.7916e-05	NaN
6.1681e-05	NaN
6.5682e-05	NaN
6.9945e-05	NaN
7.4497e-05	NaN
7.9364e-05	NaN
8.4595e-05	NaN
9.0307e-05	NaN
9.6623e-05	NaN
0.00010367	NaN
0.00011158	NaN
0.00012047	NaN
0.00013047	NaN
0.0001417	NaN
0.00015428	NaN
0.00016825	NaN
0.00018367	NaN
0.00020056	NaN
0.00021897	NaN
0.00023894	NaN
0.0002605	NaN
0.00028371	NaN
0.00030858	NaN
0.00033503	NaN
0.00036295	NaN
0.00039227	NaN
0.00042286	NaN
0.00045463	NaN
0.00048749	NaN
0.00052134	NaN
0.00055603	NaN
0.00059124	NaN
0.00062657	NaN
0.00066167	NaN
0.00069612	NaN
0.00072957	NaN
0.00076162	NaN
0.00079189	NaN
0.00082003	NaN
0.00084584	NaN
0.00086918	NaN
0.00088991	NaN
0.00090789	NaN
0.00092299	NaN
0.00093504	NaN
0.00094393	NaN
0.00094955	NaN
0.00095214	NaN
0.00095205	NaN
0.00094966	NaN
0.00094532	NaN
0.00093939	NaN
0.00093224	NaN
0.00092423	NaN
0.00091568	NaN
0.00090673	NaN
0.00089739	NaN
0.00088769	NaN
0.00087765	NaN
0.00086729	NaN
0.00085664	NaN
0.00084572	NaN
0.00083453	NaN
0.00082289	NaN
0.00081049	NaN
0.00079706	NaN
0.0007823	NaN
0.00076592	NaN
0.00074763	NaN
0.00072715	NaN
0.00070419	NaN
0.00067886	NaN
0.00065144	NaN
0.00062224	NaN
0.00059154	NaN
0.00055964	NaN
0.00052686	NaN
0.00049347	NaN
0.00045978	NaN
0.00042606	NaN
0.00039256	NaN
0.00035952	NaN
0.00032718	NaN
0.00029581	NaN
0.00026565	NaN
0.00023695	NaN
0.00020994	NaN
0.00018475	NaN
0.00016141	NaN
0.00013992	NaN
0.00012032	NaN
0.00010261	NaN
8.6814e-05	NaN
7.2957e-05	NaN
6.1049e-05	NaN
5.1021e-05	NaN
4.2722e-05	NaN
3.6e-05	NaN
3.0699e-05	NaN
2.6667e-05	NaN
2.3748e-05	NaN
2.1789e-05	NaN
2.0636e-05	NaN
2.013e-05	NaN
2.0106e-05	NaN
2.0398e-05	NaN
2.0842e-05	NaN
2.1273e-05	NaN
2.1525e-05	NaN
2.1433e-05	NaN
2.0836e-05	NaN
1.9688e-05	NaN
1.8098e-05	NaN
1.6184e-05	NaN
1.4064e-05	NaN
1.1855e-05	NaN
9.6754e-06	NaN
7.6437e-06	NaN
5.8765e-06	NaN
4.4321e-06	NaN
3.2815e-06	NaN
2.3881e-06	NaN
1.7158e-06	NaN
1.2282e-06	NaN
8.888e-07	NaN
6.6138e-07	NaN
5.0995e-07	NaN
4.307e-07	NaN
4.7563e-07	NaN
7.0231e-07	NaN
1.1683e-06	NaN
1.9312e-06	NaN
3.0485e-06	NaN
4.5778e-06	NaN
6.5765e-06	NaN
9.0672e-06	NaN
1.2003e-05	NaN
1.5327e-05	NaN
1.8985e-05	NaN
2.2921e-05	NaN
2.7079e-05	NaN
3.1404e-05	NaN
3.584e-05	NaN
4.0319e-05	NaN
4.475e-05	NaN
4.9035e-05	NaN
5.3076e-05	NaN
5.6779e-05	NaN
6.0044e-05	NaN
6.2776e-05	NaN
6.4878e-05	NaN
6.63e-05	NaN
6.712e-05	NaN
6.7439e-05	NaN
6.7357e-05	NaN
6.6975e-05	NaN
6.6394e-05	NaN
6.5714e-05	NaN
6.5036e-05	NaN
6.4453e-05	NaN
6.4039e-05	NaN
6.3859e-05	NaN
6.3983e-05	NaN
6.4477e-05	NaN
6.541e-05	NaN
6.6849e-05	NaN
6.8862e-05	NaN
7.1467e-05	NaN
7.4499e-05	NaN
7.7749e-05	NaN
8.1006e-05	NaN
8.406e-05	NaN
8.6701e-05	NaN
8.8719e-05	NaN
8.9905e-05	NaN
9.0079e-05	NaN
8.9207e-05	NaN
8.7291e-05	NaN
8.4335e-05	NaN
8.0343e-05	NaN
7.5319e-05	NaN
6.9266e-05	NaN
6.2189e-05	NaN
5.4142e-05	NaN
4.5455e-05	NaN
3.6549e-05	NaN
2.7843e-05	NaN
1.9758e-05	NaN
1.2714e-05	NaN
7.1308e-06	NaN
3.4295e-06	NaN
1.979e-06	NaN
2.8264e-06	NaN
5.8937e-06	NaN
1.1103e-05	NaN
1.8375e-05	NaN
2.7633e-05	NaN
3.8798e-05	NaN
5.1791e-05	NaN
6.6503e-05	NaN
8.2586e-05	NaN
9.9584e-05	NaN
0.00011704	NaN
0.0001345	NaN
0.0001515	NaN
0.00016759	NaN
0.00018231	NaN
0.00019524	NaN
0.00020629	NaN
0.00021554	NaN
0.00022306	NaN
0.00022895	NaN
0.00023328	NaN
0.00023612	NaN
0.00023757	NaN
0.00023772	NaN
0.00023678	NaN
0.00023504	NaN
0.00023281	NaN
0.00023037	NaN
0.00022802	NaN
0.00022605	NaN
0.00022477	NaN
0.00022444	NaN
0.00022511	NaN
0.00022668	NaN
0.00022902	NaN
0.00023202	NaN
0.00023556	NaN
0.00023953	NaN
0.00024379	NaN
0.00024824	NaN
0.00025262	NaN
0.00025655	NaN
0.00025969	NaN
0.00026167	NaN
0.00026211	NaN
0.00026066	NaN
0.00025696	NaN
0.00025065	NaN
0.00024177	NaN
0.00023071	NaN
0.00021787	NaN
0.00020365	NaN
0.00018847	NaN
0.00017272	NaN
0.00015681	NaN
0.00014114	NaN
0.00012596	NaN
0.00011138	NaN
9.7485e-05	NaN
8.4367e-05	NaN
7.2119e-05	NaN
6.0832e-05	NaN
5.0599e-05	NaN
4.151e-05	NaN
3.359e-05	NaN
2.6786e-05	NaN
2.104e-05	NaN
1.6292e-05	NaN
1.2483e-05	NaN
9.5551e-06	NaN
7.4483e-06	NaN
6.1062e-06	NaN
5.5948e-06	NaN
6.1592e-06	NaN
8.0589e-06	NaN
1.1554e-05	NaN
1.6903e-05	NaN
2.4366e-05	NaN
3.4202e-05	NaN
4.6669e-05	NaN
6.186e-05	NaN
7.9587e-05	NaN
9.9638e-05	NaN
0.0001218	NaN
0.00014585	NaN
0.00017158	NaN
0.00019878	NaN
0.00022724	NaN
0.00025661	NaN
0.00028635	NaN
0.00031586	NaN
0.00034458	NaN
0.0003719	NaN
0.00039725	NaN
0.00042005	NaN
0.0004397	NaN
0.00045585	NaN
0.0004686	NaN
0.00047816	NaN
0.00048471	NaN
0.00048844	NaN
0.00048955	NaN
0.00048822	NaN
0.00048465	NaN
0.00047916	NaN
0.00047249	NaN
0.00046542	NaN
0.00045874	NaN
0.00045324	NaN
0.0004497	NaN
0.00044891	NaN
0.00045167	NaN
0.00045876	NaN
0.00047101	NaN
0.00048922	NaN
0.00051421	NaN
0.0005468	NaN
0.00058781	NaN
0.00063805	NaN
0.00069834	NaN
0.00077134	NaN
0.00086654	NaN
0.00099503	NaN
0.0011679	NaN
0.0013963	NaN
0.0016912	NaN
0.0020638	NaN
0.0025252	NaN
0.0030902	NaN
0.003791	NaN
0.004664	NaN
0.0057461	NaN
0.0070736	NaN
0.0086834	NaN
0.010612	NaN
0.012896	NaN
0.015574	NaN
0.018695	NaN
0.022311	NaN
0.026474	NaN
0.031235	NaN
0.036647	NaN
0.042763	NaN
0.049633	NaN
0.057307	NaN
0.065814	NaN
0.075177	NaN
0.085417	NaN
0.096558	NaN
0.10862	-0.61422
0.12163	-0.61146
0.1356	-0.60736
0.15056	-0.60205
0.16652	-0.59559
0.18346	-0.58804
0.2014	-0.57946
0.22033	-0.56991
0.24024	-0.55944
0.26115	-0.54811
0.28305	-0.53598
0.30592	-0.52311
0.32972	-0.50952
0.35435	-0.49524
0.37971	-0.48029
0.40573	-0.46468
0.4323	-0.44843
0.45933	-0.43157
0.48674	-0.41412
0.51443	-0.39609
0.54233	-0.37753
0.57033	-0.35849
0.59835	-0.33902
0.62632	-0.31917
0.65413	-0.29899
0.68171	-0.27854
0.70898	-0.25786
0.73583	-0.23702
0.76217	-0.21613
0.78785	-0.19534
0.81276	-0.17481
0.83675	-0.1547
0.8597	-0.13517
0.88148	-0.11636
0.90196	-0.098452
0.921	-0.081585
0.93844	-0.065903
0.9541	-0.051534
0.96778	-0.038606
0.97931	-0.027243
0.98848	-0.017575
0.99511	-0.0097279
0.99901	-0.0038283
1	0
0.9981	0.0017068
0.9935	0.0013097
0.98641	-0.0011708
0.97703	-0.0057147
0.96555	-0.012301
0.95219	-0.020911
0.93714	-0.031523
0.92061	-0.044117
0.9028	-0.058675
0.88393	-0.075182
0.86422	-0.093622
0.84387	-0.11398
0.8231	-0.13624
0.80213	-0.16039
0.78116	-0.18642
0.76042	-0.21429
0.73996	-0.24394
0.71969	-0.27521
0.69948	-0.30792
0.67923	-0.3419
0.65881	-0.377
0.63811	-0.41305
0.61701	-0.44987
0.5954	-0.48732
0.5732	-0.52554
0.55041	-0.56513
0.52705	-0.60676
0.50309	-0.65104
0.47856	-0.69863
0.45344	-0.75017
0.42775	-0.8063
0.40147	-0.86764
0.37472	-0.93384
0.34773	-1.0029
0.32075	-1.0726
0.29406	-1.1408
0.26791	-1.2054
0.24255	-1.2642
0.21825	-1.3149
0.19527	-1.3556
0.17379	-1.3876
0.15388	-1.4193
0.13557	-1.46
0.11891	-1.5189
0.10395	-1.6051
0.090725	NaN
0.079279	NaN
0.069656	NaN
0.061834	NaN
0.05565	NaN
0.050916	NaN
0.04745	NaN
0.045065	NaN
0.043577	NaN
0.042801	NaN
0.042551	NaN
0.04268	NaN
0.043131	NaN
0.043867	NaN
0.044847	NaN
0.046032	NaN
0.047383	NaN
0.04886	NaN
0.050425	NaN
0.05204	NaN
0.053676	NaN
0.055308	NaN
0.056906	NaN
0.058445	NaN
0.059897	NaN
0.061234	NaN
0.06243	NaN
0.063458	NaN
0.064296	NaN
0.064923	NaN
0.065315	NaN
0.065452	NaN
0.065312	NaN
0.064873	NaN
0.064113	NaN
0.063018	NaN
0.061605	NaN
0.0599	NaN
0.057927	NaN
0.055712	NaN
0.05328	NaN
0.050657	NaN
0.047868	NaN
0.04494	NaN
0.041907	NaN
0.038806	NaN
0.035673	NaN
0.032544	NaN
0.029456	NaN
0.026446	NaN
0.023549	NaN
0.0208	NaN
0.018216	NaN
0.015809	NaN
0.013588	NaN
0.011566	NaN
0.009754	NaN
0.0081628	NaN
0.0068037	NaN
0.0056858	NaN
0.0048039	NaN
0.0041462	NaN
0.003701	NaN
0.0034566	NaN
0.0034012	NaN
0.0035232	NaN
0.0038108	NaN
0.0042517	NaN
0.004829	NaN
0.0055231	NaN
0.0063145	NaN
0.0071839	NaN
0.0081118	NaN
0.0090786	NaN
0.010065	NaN
0.011052	NaN
0.012026	NaN
0.012977	NaN
0.013895	NaN
0.01477	NaN
0.015591	NaN
0.016349	NaN
0.017033	NaN
0.017635	NaN
0.01815	NaN
0.018582	NaN
0.018934	NaN
0.019207	NaN
0.019403	NaN
0.019527	NaN
0.019579	NaN
0.019562	NaN
0.019482	NaN
0.019344	NaN
0.019156	NaN
0.018924	NaN
0.018654	NaN
0.018354	NaN
0.01803	NaN
0.017689	NaN
0.017333	NaN
0.016963	NaN
0.01658	NaN
0.016184	NaN
0.015775	NaN
0.015353	NaN
0.014919	NaN
0.014473	NaN
0.014015	NaN
0.013549	NaN
0.013075	NaN
0.012594	NaN
0.012109	NaN
0.011621	NaN
0.011131	NaN
0.010642	NaN
0.010155	NaN
0.0096738	NaN
0.009201	NaN
0.0087398	NaN
0.0082933	NaN
0.0078643	NaN
0.007456	NaN
0.0070714	NaN
0.0067113	NaN
0.0063741	NaN
0.0060575	NaN
0.0057596	NaN
0.0054782	NaN
0.0052113	NaN
0.0049568	NaN
0.0047127	NaN
0.0044781	NaN
0.0042544	NaN
0.004043	NaN
0.0038454	NaN
0.0036632	NaN
0.0034977	NaN
0.0033505	NaN
0.003223	NaN
0.0031163	NaN
0.0030308	NaN
0.0029667	NaN
0.0029243	NaN
0.0029039	NaN
0.0029057	NaN
0.00293	NaN
0.0029771	NaN
0.0030461	NaN
0.0031337	NaN
0.0032364	NaN
0.0033505	NaN
0.0034726	NaN
0.0035989	NaN
0.0037259	NaN
0.0038501	NaN
0.0039684	NaN
0.0040795	NaN
0.0041822	NaN
0.0042754	NaN
0.004358	NaN
0.0044288	NaN
0.0044866	NaN
0.0045304	NaN
0.0045596	NaN
0.0045752	NaN
0.0045786	NaN
0.0045713	NaN
0.0045545	NaN
0.0045297	NaN
0.0044983	NaN
0.0044616	NaN
0.004421	NaN
0.0043776	NaN
0.0043323	NaN
0.0042863	NaN
0.0042405	NaN
0.004196	NaN
0.0041539	NaN
0.0041151	NaN
0.0040804	NaN
0.0040499	NaN
0.0040233	NaN
0.0040002	NaN
0.0039805	NaN
0.0039638	NaN
0.0039499	NaN
0.0039385	NaN
0.0039295	NaN
0.0039226	NaN
0.003918	NaN
0.0039157	NaN
0.0039158	NaN
0.0039181	NaN
0.0039229	NaN
0.00393	NaN
0.0039394	NaN
0.0039506	NaN
0.0039629	NaN
0.0039754	NaN
0.0039874	NaN
0.0039982	NaN
0.0040071	NaN
0.0040133	NaN
0.004016	NaN
0.004015	NaN
0.00401	NaN
0.0040007	NaN
0.0039869	NaN
0.0039683	NaN
0.0039448	NaN
0.003916	NaN
0.0038817	NaN
0.0038418	NaN
0.0037961	NaN
0.0037444	NaN
0.0036866	NaN
0.0036226	NaN
0.0035522	NaN
0.0034753	NaN
0.0033917	NaN
0.0033016	NaN
0.0032053	NaN
0.0031029	NaN
0.0029949	NaN
0.0028815	NaN
0.0027628	NaN
0.0026394	NaN
0.0025114	NaN
0.0023797	NaN
0.0022456	NaN
0.0021105	NaN
0.0019755	NaN
0.001842	NaN
0.0017112	NaN
0.0015844	NaN
0.0014629	NaN
0.0013474	NaN
0.0012382	NaN
0.0011356	NaN
0.0010401	NaN
0.00095178	NaN
0.00087112	NaN
0.00079839	NaN
0.0007339	NaN
0.00067763	NaN
0.00062922	NaN
0.00058833	NaN
0.00055461	NaN
0.00052771	NaN
0.00050728	NaN
0.00049298	NaN
0.00048444	NaN
0.0004811	NaN
0.00048215	NaN
0.0004868	NaN
0.00049424	NaN
0.00050367	NaN
0.0005143	NaN
0.0005253	NaN
0.0005359	NaN
0.00054547	NaN
0.00055364	NaN
0.00056003	NaN
0.00056429	NaN
0.00056602	NaN
0.00056487	NaN
0.00056047	NaN
0.00055245	NaN
0.00054074	NaN
0.00052569	NaN
0.00050765	NaN
0.000487	NaN
0.00046411	NaN
0.00043934	NaN
0.00041306	NaN
0.00038564	NaN
0.00035744	NaN
0.00032882	NaN
0.00030013	NaN
0.00027174	NaN
0.00024399	NaN
0.00021724	NaN
0.00019186	NaN
0.00016818	NaN
0.00014644	NaN
0.0001266	NaN
0.00010859	NaN
9.2374e-05	NaN
7.7877e-05	NaN
6.5045e-05	NaN
5.3818e-05	NaN
4.4138e-05	NaN
3.5921e-05	NaN
2.9031e-05	NaN
2.3324e-05	NaN
1.8658e-05	NaN
1.489e-05	NaN
1.1877e-05	NaN
9.4753e-06	NaN
7.5428e-06	NaN
5.9633e-06	NaN
4.6895e-06	NaN
3.6844e-06	NaN
2.9111e-06	NaN
2.3327e-06	NaN
1.9123e-06	NaN
1.6129e-06	NaN
1.3977e-06	NaN
1.236e-06	NaN
1.1155e-06	NaN
1.0276e-06	NaN
9.6326e-07	NaN
9.1375e-07	NaN
8.7023e-07	NaN
8.2388e-07	NaN
7.6586e-07	NaN
6.9084e-07	NaN
6.056e-07	NaN
5.1952e-07	NaN
4.42e-07	NaN
3.8244e-07	NaN
3.5024e-07	NaN
3.5478e-07	NaN
4.0547e-07	NaN
5.0879e-07	NaN
6.593e-07	NaN
8.4851e-07	NaN
1.0679e-06	NaN
1.3091e-06	NaN
1.5634e-06	NaN
1.8226e-06	NaN
2.0779e-06	NaN
2.3223e-06	NaN
2.5542e-06	NaN
2.7744e-06	NaN
2.9831e-06	NaN
3.1808e-06	NaN
3.3681e-06	NaN
3.5453e-06	NaN
3.713e-06	NaN
3.8712e-06	NaN
4.0176e-06	NaN
4.149e-06	NaN
4.2623e-06	NaN
4.3543e-06	NaN
4.422e-06	NaN
4.4621e-06	NaN
4.4715e-06	NaN
4.4476e-06	NaN
4.3916e-06	NaN
4.3061e-06	NaN
4.1938e-06	NaN
4.0574e-06	NaN
3.8997e-06	NaN
3.7233e-06	NaN
3.5308e-06	NaN
3.3252e-06	NaN
3.1101e-06	NaN
2.8897e-06	NaN
2.6683e-06	NaN
2.4499e-06	NaN
2.2387e-06	NaN
2.039e-06	NaN
1.855e-06	NaN
1.6903e-06	NaN
1.5453e-06	NaN
1.418e-06	NaN
1.3066e-06	NaN
1.2091e-06	NaN
1.1238e-06	NaN
1.0487e-06	NaN
9.8184e-07	NaN
9.2156e-07	NaN
8.6719e-07	NaN
8.1885e-07	NaN
7.767e-07	NaN
7.4087e-07	NaN
7.1152e-07	NaN
6.8878e-07	NaN
6.728e-07	NaN
6.6367e-07	NaN
6.6077e-07	NaN
6.6292e-07	NaN
6.6892e-07	NaN
6.7758e-07	NaN
6.8772e-07	NaN
6.9814e-07	NaN
7.0765e-07	NaN
7.1508e-07	NaN
7.1954e-07	NaN
7.2045e-07	NaN
7.172e-07	NaN
7.0919e-07	NaN
6.9583e-07	NaN
6.7651e-07	NaN
6.5065e-07	NaN
6.1768e-07	NaN
5.7802e-07	NaN
5.3306e-07	NaN
4.8422e-07	NaN
4.3294e-07	NaN
3.8064e-07	NaN
3.2877e-07	NaN
2.7875e-07	NaN
2.32e-07	NaN
1.8942e-07	NaN
1.5135e-07	NaN
1.1806e-07	NaN
8.9843e-08	NaN
6.699e-08	NaN
4.9789e-08	NaN
3.8527e-08	NaN
3.3474e-08	NaN
3.4196e-08	NaN
3.9298e-08	NaN
4.7323e-08	NaN
5.681e-08	NaN
6.63e-08	NaN
7.4334e-08	NaN
7.9452e-08	NaN
8.0214e-08	NaN
7.6281e-08	NaN
6.9039e-08	NaN
6.0025e-08	NaN
5.0773e-08	NaN
4.282e-08	NaN
3.7701e-08	NaN
3.6952e-08	NaN
4.2097e-08	NaN
5.3593e-08	NaN
6.9965e-08	NaN
8.9534e-08	NaN
1.1062e-07	NaN
1.3154e-07	NaN
1.5063e-07	NaN
1.6619e-07	NaN
1.7656e-07	NaN
1.808e-07	NaN
1.7954e-07	NaN
1.7362e-07	NaN
1.6386e-07	NaN
1.5109e-07	NaN
1.3614e-07	NaN
1.1984e-07	NaN
1.0302e-07	NaN
8.6461e-08	NaN
7.086e-08	NaN
5.6886e-08	NaN
4.5211e-08	NaN
3.6508e-08	NaN
3.1449e-08	NaN
3.0708e-08	NaN
3.4956e-08	NaN
4.4672e-08	NaN
5.9773e-08	NaN
8.0079e-08	NaN
1.0541e-07	NaN
1.3557e-07	NaN
1.704e-07	NaN
2.097e-07	NaN
2.533e-07	NaN
3.01e-07	NaN
3.5264e-07	NaN
4.0802e-07	NaN
4.6697e-07	NaN
5.2931e-07	NaN
