3.0729e-09	NaN
3.195e-09	NaN
3.3466e-09	NaN
3.5272e-09	NaN
3.7363e-09	NaN
3.9733e-09	NaN
4.2377e-09	NaN
4.5288e-09	NaN
4.8461e-09	NaN
5.1892e-09	NaN
5.5573e-09	NaN
5.95e-09	NaN
6.3668e-09	NaN
6.807e-09	NaN
7.2701e-09	NaN
7.7732e-09	NaN
8.4324e-09	NaN
9.3977e-09	NaN
1.0819e-08	NaN
1.2848e-08	NaN
1.5633e-08	NaN
1.9325e-08	NaN
2.4074e-08	NaN
2.9985e-08	NaN
3.6854e-08	NaN
4.4356e-08	NaN
5.2161e-08	NaN
5.9945e-08	NaN
6.7378e-08	NaN
7.4134e-08	NaN
7.9886e-08	NaN
8.4344e-08	NaN
8.7512e-08	NaN
8.9537e-08	NaN
9.0564e-08	NaN
9.074e-08	NaN
9.0211e-08	NaN
8.9124e-08	NaN
8.7623e-08	NaN
8.5841e-08	NaN
8.3757e-08	NaN
8.1271e-08	NaN
7.8281e-08	NaN
7.4684e-08	NaN
7.0378e-08	NaN
6.5262e-08	NaN
5.9233e-08	NaN
5.2246e-08	NaN
4.4918e-08	NaN
3.8289e-08	NaN
3.3406e-08	NaN
3.1316e-08	NaN
3.3066e-08	NaN
3.9704e-08	NaN
5.2275e-08	NaN
7.1747e-08	NaN
9.7951e-08	NaN
1.2988e-07	NaN
1.665e-07	NaN
2.0678e-07	NaN
2.4969e-07	NaN
2.942e-07	NaN
3.3929e-07	NaN
3.8391e-07	NaN
4.27e-07	NaN
4.6746e-07	NaN
5.0418e-07	NaN
5.3605e-07	NaN
5.6198e-07	NaN
5.8085e-07	NaN
5.9157e-07	NaN
5.931e-07	NaN
5.8618e-07	NaN
5.733e-07	NaN
5.57e-07	NaN
5.3983e-07	NaN
5.2435e-07	NaN
5.131e-07	NaN
5.0865e-07	NaN
5.1351e-07	NaN
5.2929e-07	NaN
5.5654e-07	NaN
5.9575e-07	NaN
6.4742e-07	NaN
7.1206e-07	NaN
7.9015e-07	NaN
8.8219e-07	NaN
9.8865e-07	NaN
1.109e-06	NaN
1.2412e-06	NaN
1.3834e-06	NaN
1.5334e-06	NaN
1.6892e-06	NaN
1.8489e-06	NaN
2.0104e-06	NaN
2.1717e-06	NaN
2.3319e-06	NaN
2.4922e-06	NaN
2.6536e-06	NaN
2.8174e-06	NaN
2.9848e-06	NaN
3.157e-06	NaN
3.3351e-06	NaN
3.5203e-06	NaN
3.718e-06	NaN
3.9407e-06	NaN
4.2017e-06	NaN
4.5141e-06	NaN
4.8913e-06	NaN
5.3465e-06	NaN
5.893e-06	NaN
6.544e-06	NaN
7.3167e-06	NaN
8.2358e-06	NaN
9.3274e-06	NaN
1.0617e-05	NaN
1.2131e-05	NaN
1.3895e-05	NaN
1.5935e-05	NaN
1.8277e-05	NaN
2.0936e-05	NaN
2.3908e-05	NaN
2.7181e-05	NaN
3.0746e-05	NaN
3.4595e-05	NaN
3.8715e-05	NaN
4.3099e-05	NaN
4.7736e-05	NaN
5.2627e-05	NaN
5.7799e-05	NaN
6.3287e-05	NaN
6.9123e-05	NaN
7.534e-05	NaN
8.1972e-05	NaN
8.9051e-05	NaN
9.6612e-05	NaN
0.00010468	NaN
0.00011326	NaN
0.00012236	NaN
0.00013197	NaN
0.00014209	NaN
0.00015274	NaN
0.0001639	NaN
0.00017557	NaN
0.00018777	NaN
0.00020053	NaN
0.00021389	NaN
0.00022787	NaN
0.00024252	NaN
0.00025788	NaN
0.00027398	NaN
0.00029086	NaN
0.00030856	NaN
0.0003271	NaN
0.00034651	NaN
0.00036681	NaN
0.00038804	NaN
0.00041021	NaN
0.00043335	NaN
0.00045748	NaN
0.00048261	NaN
0.00050859	NaN
0.0005352	NaN
0.00056225	NaN
0.00058954	NaN
0.00061686	NaN
0.00064401	NaN
0.0006708	NaN
0.000697	NaN
0.0007223	NaN
0.00074638	NaN
0.00076887	NaN
0.00078944	NaN
0.00080775	NaN
0.00082345	NaN
0.0008362	NaN
0.00084567	NaN
0.00085164	NaN
0.00085393	NaN
0.00085236	NaN
0.00084677	NaN
0.00083698	NaN
0.00082281	NaN
0.00080409	NaN
0.00078069	NaN
0.00075294	NaN
0.00072139	NaN
0.00068661	NaN
0.00064916	NaN
0.00060962	NaN
0.00056853	NaN
0.00052648	NaN
0.00048401	NaN
0.00044169	NaN
0.00040008	NaN
0.00035971	NaN
0.00032116	NaN
0.00028496	NaN
0.00025167	NaN
0.00022185	NaN
0.00019602	NaN
0.00017451	NaN
0.00015746	NaN
0.00014501	NaN
0.00013732	NaN
0.00013452	NaN
0.00013676	NaN
0.00014418	NaN
0.00015694	NaN
0.0001752	NaN
0.00019914	NaN
0.00022897	NaN
0.00026485	NaN
0.00030699	NaN
0.00035558	NaN
0.00041079	NaN
0.00047281	NaN
0.00054149	NaN
0.00061638	NaN
0.00069701	NaN
0.00078292	NaN
0.00087364	NaN
0.00096871	NaN
0.0010677	NaN
0.00117	NaN
0.0012755	NaN
0.0013838	NaN
0.0014947	NaN
0.0016081	NaN
0.0017236	NaN
0.0018412	NaN
0.0019605	NaN
0.0020813	NaN
0.0022037	NaN
0.0023278	NaN
0.0024537	NaN
0.0025818	NaN
0.0027121	NaN
0.0028449	NaN
0.0029803	NaN
0.0031186	NaN
0.0032596	NaN
0.0034025	NaN
0.0035466	NaN
0.0036911	NaN
0.0038353	NaN
0.0039782	NaN
0.0041193	NaN
0.0042576	NaN
0.0043926	NaN
0.0045239	NaN
0.004651	NaN
0.0047736	NaN
0.0048912	NaN
0.0050036	NaN
0.0051102	NaN
0.0052108	NaN
0.0053052	NaN
0.0053939	NaN
0.0054773	NaN
0.0055561	NaN
0.0056307	NaN
0.0057016	NaN
0.0057695	NaN
0.0058347	NaN
0.0058977	NaN
0.0059586	NaN
0.0060174	NaN
0.0060739	NaN
0.0061283	NaN
0.0061806	NaN
0.0062307	NaN
0.0062786	NaN
0.0063242	NaN
0.0063665	NaN
0.0064044	NaN
0.006437	NaN
0.0064634	NaN
0.0064823	NaN
0.0064929	NaN
0.0064942	NaN
0.0064852	NaN
0.0064659	NaN
0.0064363	NaN
0.0063963	NaN
0.0063458	NaN
0.0062849	NaN
0.0062136	NaN
0.0061318	NaN
0.0060396	NaN
0.0059377	NaN
0.0058271	NaN
0.0057085	NaN
0.0055829	NaN
0.005451	NaN
0.0053137	NaN
0.0051719	NaN
0.0050264	NaN
0.0048781	NaN
0.0047277	NaN
0.0045762	NaN
0.0044242	NaN
0.0042728	NaN
0.0041226	NaN
0.0039746	NaN
0.0038295	NaN
0.0036883	NaN
0.0035519	NaN
0.0034212	NaN
0.0032972	NaN
0.0031809	NaN
0.0030731	NaN
0.0029748	NaN
0.002887	NaN
0.0028109	NaN
0.0027477	NaN
0.0026987	NaN
0.0026652	NaN
0.0026486	NaN
0.0026499	NaN
0.0026706	NaN
0.0027119	NaN
0.0027741	NaN
0.0028573	NaN
0.0029617	NaN
0.0030874	NaN
0.0032344	NaN
0.0034028	NaN
0.0035928	NaN
0.0038042	NaN
0.0040356	NaN
0.0042846	NaN
0.004549	NaN
0.0048263	NaN
0.0051143	NaN
0.0054106	NaN
0.005713	NaN
0.0060191	NaN
0.0063259	NaN
0.0066303	NaN
0.0069289	NaN
0.0072186	NaN
0.0074961	NaN
0.0077582	NaN
0.0080016	NaN
0.0082232	NaN
0.0084215	NaN
0.0085959	NaN
0.0087461	NaN
0.0088715	NaN
0.0089718	NaN
0.0090465	NaN
0.0090952	NaN
0.0091175	NaN
0.0091131	NaN
0.0090821	NaN
0.0090247	NaN
0.0089408	NaN
0.0088306	NaN
0.008694	NaN
0.0085311	NaN
0.0083421	NaN
0.0081279	NaN
0.0078905	NaN
0.0076317	NaN
0.0073534	NaN
0.0070577	NaN
0.0067464	NaN
0.0064213	NaN
0.0060846	NaN
0.0057386	NaN
0.0053867	NaN
0.005032	NaN
0.0046778	NaN
0.0043273	NaN
0.0039837	NaN
0.0036504	NaN
0.0033304	NaN
0.003026	NaN
0.0027379	NaN
0.0024668	NaN
0.0022133	NaN
0.0019782	NaN
0.0017621	NaN
0.0015658	NaN
0.0013897	NaN
0.001234	NaN
0.0010973	NaN
0.00097833	NaN
0.00087584	NaN
0.00078851	NaN
0.00071503	NaN
0.00065411	NaN
0.00060443	NaN
0.00056478	NaN
0.00053402	NaN
0.00051106	NaN
0.00049476	NaN
0.00048404	NaN
0.00047777	NaN
0.00047484	NaN
0.00047416	NaN
0.00047505	NaN
0.00047773	NaN
0.00048254	NaN
0.00048977	NaN
0.00049977	NaN
0.00051284	NaN
0.00052932	NaN
0.00054951	NaN
0.00057316	NaN
0.00059867	NaN
0.00062426	NaN
0.00064816	NaN
0.00066859	NaN
0.00068376	NaN
0.00069189	NaN
0.0006912	NaN
0.00068063	NaN
0.00066099	NaN
0.0006334	NaN
0.00059902	NaN
0.00055898	NaN
0.00051441	NaN
0.00046644	NaN
0.00041621	NaN
0.00036488	NaN
0.00031363	NaN
0.00026365	NaN
0.00021614	NaN
0.00017231	NaN
0.00013334	NaN
0.00010044	NaN
7.4801e-05	NaN
5.7903e-05	NaN
5.2291e-05	NaN
6.0756e-05	NaN
8.6088e-05	NaN
0.00013108	NaN
0.00019852	NaN
0.0002912	NaN
0.0004119	NaN
0.00056586	NaN
0.000769	NaN
0.0010402	NaN
0.0013982	NaN
0.0018621	NaN
0.0024505	NaN
0.0031825	NaN
0.0040768	NaN
0.0051553	NaN
0.0064562	NaN
0.0080224	NaN
0.0098971	NaN
0.012124	NaN
0.014745	NaN
0.017804	NaN
0.021344	NaN
0.025411	NaN
0.030062	NaN
0.035361	NaN
0.04137	NaN
0.048153	NaN
0.055774	NaN
0.064294	NaN
0.073778	NaN
0.084282	NaN
0.095831	NaN
0.10843	-0.62075
0.12209	-0.61911
0.1368	-0.61673
0.15259	-0.61338
0.16945	-0.60883
0.1874	-0.60286
0.20642	-0.59526
0.22649	-0.58607
0.24753	-0.57544
0.26947	-0.56352
0.29225	-0.55048
0.31581	-0.53646
0.34007	-0.52163
0.36496	-0.50612
0.39043	-0.4901
0.41639	-0.47362
0.44276	-0.45666
0.46946	-0.43922
0.49641	-0.42129
0.52352	-0.40287
0.55071	-0.38395
0.5779	-0.36453
0.60501	-0.3446
0.63198	-0.32423
0.65876	-0.30351
0.68531	-0.28256
0.71157	-0.26147
0.7375	-0.24035
0.76306	-0.21931
0.78819	-0.19845
0.81285	-0.17788
0.83689	-0.15772
0.86009	-0.13813
0.88222	-0.11924
0.90305	-0.10121
0.92237	-0.084179
0.93995	-0.068297
0.95556	-0.05371
0.96898	-0.040564
0.98007	-0.028975
0.98878	-0.019034
0.99505	-0.010831
0.9988	-0.0044567
1	0
0.99857	0.0024489
0.99447	0.0028002
0.98763	0.00096669
0.9782	-0.0030713
0.96651	-0.0092606
0.95292	-0.017544
0.93778	-0.027866
0.92144	-0.040168
0.90424	-0.054395
0.88654	-0.070488
0.86869	-0.088394
0.85085	-0.10808
0.833	-0.12956
0.81507	-0.15283
0.79702	-0.17791
0.7788	-0.20479
0.76035	-0.2335
0.74162	-0.26403
0.72257	-0.29639
0.70311	-0.33055
0.68315	-0.3664
0.66258	-0.40384
0.6413	-0.44275
0.61919	-0.48304
0.59615	-0.52458
0.57208	-0.56728
0.54688	-0.61104
0.52055	-0.656
0.4933	-0.70275
0.46538	-0.75192
0.43699	-0.80413
0.40838	-0.86
0.37977	-0.92018
0.35139	-0.98527
0.32347	-1.0559
0.29622	-1.1318
0.26982	-1.2109
0.24444	-1.2911
0.22025	-1.3701
0.19744	-1.4457
0.17617	-1.5156
0.15662	-1.5778
0.13896	-1.63
0.12328	-1.6729
0.10949	-1.7141
0.09747	NaN
0.087097	NaN
0.078251	NaN
0.070812	NaN
0.06466	NaN
0.059673	NaN
0.05574	NaN
0.052769	NaN
0.050672	NaN
0.049361	NaN
0.048747	NaN
0.048742	NaN
0.049259	NaN
0.050208	NaN
0.05151	NaN
0.053109	NaN
0.054951	NaN
0.056987	NaN
0.059164	NaN
0.06143	NaN
0.063734	NaN
0.066024	NaN
0.06825	NaN
0.070368	NaN
0.072336	NaN
0.074112	NaN
0.075653	NaN
0.076918	NaN
0.077864	NaN
0.078448	NaN
0.078638	NaN
0.078435	NaN
0.077854	NaN
0.076907	NaN
0.075608	NaN
0.073968	NaN
0.072003	NaN
0.069723	NaN
0.067146	NaN
0.064298	NaN
0.061211	NaN
0.057916	NaN
0.054444	NaN
0.050828	NaN
0.047097	NaN
0.043284	NaN
0.039421	NaN
0.035549	NaN
0.03171	NaN
0.027948	NaN
0.024307	NaN
0.02083	NaN
0.017559	NaN
0.014539	NaN
0.011809	NaN
0.0093841	NaN
0.0072689	NaN
0.0054679	NaN
0.0039854	NaN
0.0028259	NaN
0.0019938	NaN
0.0014935	NaN
0.0013262	NaN
0.0014656	NaN
0.0018713	NaN
0.0025029	NaN
0.00332	NaN
0.0042821	NaN
0.0053488	NaN
0.0064797	NaN
0.0076353	NaN
0.008787	NaN
0.009912	NaN
0.010988	NaN
0.011992	NaN
0.012903	NaN
0.013697	NaN
0.014351	NaN
0.014846	NaN
0.015178	NaN
0.015358	NaN
0.015395	NaN
0.015301	NaN
0.015085	NaN
0.014759	NaN
0.014331	NaN
0.013813	NaN
0.013219	NaN
0.012563	NaN
0.011863	NaN
0.011132	NaN
0.010388	NaN
0.0096463	NaN
0.0089222	NaN
0.0082313	NaN
0.0075812	NaN
0.0069721	NaN
0.0064042	NaN
0.0058776	NaN
0.0053923	NaN
0.0049485	NaN
0.0045461	NaN
0.0041852	NaN
0.0038638	NaN
0.0035776	NaN
0.0033225	NaN
0.0030941	NaN
0.0028882	NaN
0.0027004	NaN
0.0025266	NaN
0.0023625	NaN
0.0022055	NaN
0.0020549	NaN
0.0019104	NaN
0.0017714	NaN
0.0016375	NaN
0.0015081	NaN
0.0013827	NaN
0.001261	NaN
0.0011428	NaN
0.0010288	NaN
0.00091965	NaN
0.00081594	NaN
0.00071835	NaN
0.00062753	NaN
0.00054414	NaN
0.00046881	NaN
0.00040173	NaN
0.00034231	NaN
0.0002899	NaN
0.00024384	NaN
0.0002035	NaN
0.00016822	NaN
0.00013734	NaN
0.00011022	NaN
8.6387e-05	NaN
6.5717e-05	NaN
4.8122e-05	NaN
3.3515e-05	NaN
2.1809e-05	NaN
1.2917e-05	NaN
6.7519e-06	NaN
3.2256e-06	NaN
2.2011e-06	NaN
3.4319e-06	NaN
6.6569e-06	NaN
1.1615e-05	NaN
1.8045e-05	NaN
2.5686e-05	NaN
3.4276e-05	NaN
4.3556e-05	NaN
5.3246e-05	NaN
6.3026e-05	NaN
7.2571e-05	NaN
8.1553e-05	NaN
8.9644e-05	NaN
9.6519e-05	NaN
0.00010185	NaN
0.00010531	NaN
0.0001067	NaN
0.0001062	NaN
0.00010407	NaN
0.00010057	NaN
9.5942e-05	NaN
9.0449e-05	NaN
8.4346e-05	NaN
7.7886e-05	NaN
7.1306e-05	NaN
6.4765e-05	NaN
5.8406e-05	NaN
5.2373e-05	NaN
4.6809e-05	NaN
4.1857e-05	NaN
3.7661e-05	NaN
3.4365e-05	NaN
3.2062e-05	NaN
3.0634e-05	NaN
2.991e-05	NaN
2.9718e-05	NaN
2.9885e-05	NaN
3.0239e-05	NaN
3.0609e-05	NaN
3.0823e-05	NaN
3.0736e-05	NaN
3.0353e-05	NaN
2.9719e-05	NaN
2.8882e-05	NaN
2.7888e-05	NaN
2.6786e-05	NaN
2.562e-05	NaN
2.444e-05	NaN
2.3286e-05	NaN
2.2174e-05	NaN
2.1109e-05	NaN
2.0096e-05	NaN
1.9139e-05	NaN
1.8244e-05	NaN
1.7415e-05	NaN
1.6658e-05	NaN
1.5975e-05	NaN
1.5358e-05	NaN
1.4792e-05	NaN
1.4263e-05	NaN
1.3757e-05	NaN
1.3258e-05	NaN
1.2753e-05	NaN
1.2228e-05	NaN
1.1671e-05	NaN
1.11e-05	NaN
1.0548e-05	NaN
1.0046e-05	NaN
9.6276e-06	NaN
9.3242e-06	NaN
9.1683e-06	NaN
9.1922e-06	NaN
9.4237e-06	NaN
9.8466e-06	NaN
1.0419e-05	NaN
1.11e-05	NaN
1.1846e-05	NaN
1.2616e-05	NaN
1.3369e-05	NaN
1.4061e-05	NaN
1.4654e-05	NaN
1.5135e-05	NaN
1.5514e-05	NaN
1.5799e-05	NaN
1.5996e-05	NaN
1.6115e-05	NaN
1.6163e-05	NaN
1.6149e-05	NaN
1.6081e-05	NaN
1.5966e-05	NaN
1.5813e-05	NaN
1.5628e-05	NaN
1.542e-05	NaN
1.5195e-05	NaN
1.4962e-05	NaN
1.4727e-05	NaN
1.4499e-05	NaN
1.4277e-05	NaN
1.4053e-05	NaN
1.3822e-05	NaN
1.3575e-05	NaN
1.3307e-05	NaN
1.3008e-05	NaN
1.2674e-05	NaN
1.2297e-05	NaN
1.1896e-05	NaN
1.1515e-05	NaN
1.1198e-05	NaN
1.0992e-05	NaN
1.094e-05	NaN
1.1089e-05	NaN
1.1482e-05	NaN
1.2164e-05	NaN
1.3157e-05	NaN
1.4452e-05	NaN
1.6041e-05	NaN
1.7916e-05	NaN
2.0068e-05	NaN
2.2488e-05	NaN
2.5167e-05	NaN
2.8096e-05	NaN
3.1223e-05	NaN
3.4438e-05	NaN
3.7629e-05	NaN
4.068e-05	NaN
4.348e-05	NaN
4.5914e-05	NaN
4.7868e-05	NaN
4.9231e-05	NaN
4.9948e-05	NaN
5.0066e-05	NaN
4.9635e-05	NaN
4.871e-05	NaN
4.7342e-05	NaN
4.5583e-05	NaN
4.3488e-05	NaN
4.1107e-05	NaN
3.8501e-05	NaN
3.5738e-05	NaN
3.289e-05	NaN
3.0028e-05	NaN
2.7223e-05	NaN
2.4545e-05	NaN
2.2066e-05	NaN
1.9857e-05	NaN
1.7961e-05	NaN
1.6366e-05	NaN
1.505e-05	NaN
1.3993e-05	NaN
1.3174e-05	NaN
1.2572e-05	NaN
1.2165e-05	NaN
1.1934e-05	NaN
1.1856e-05	NaN
1.1906e-05	NaN
1.2059e-05	NaN
1.2289e-05	NaN
1.2572e-05	NaN
1.2882e-05	NaN
1.3193e-05	NaN
1.3481e-05	NaN
1.3726e-05	NaN
1.3929e-05	NaN
1.4094e-05	NaN
1.4225e-05	NaN
1.4326e-05	NaN
1.4402e-05	NaN
1.4455e-05	NaN
1.4491e-05	NaN
1.4516e-05	NaN
1.4543e-05	NaN
1.459e-05	NaN
1.4672e-05	NaN
1.4804e-05	NaN
1.5004e-05	NaN
1.5287e-05	NaN
1.5669e-05	NaN
1.6156e-05	NaN
1.6712e-05	NaN
1.7288e-05	NaN
1.7837e-05	NaN
1.8311e-05	NaN
1.8664e-05	NaN
1.8847e-05	NaN
1.8813e-05	NaN
1.8525e-05	NaN
1.8003e-05	NaN
1.728e-05	NaN
1.6392e-05	NaN
1.5372e-05	NaN
1.4257e-05	NaN
1.3079e-05	NaN
1.1875e-05	NaN
1.0677e-05	NaN
9.5025e-06	NaN
8.3657e-06	NaN
7.2801e-06	NaN
6.2594e-06	NaN
5.3172e-06	NaN
4.4671e-06	NaN
3.7227e-06	NaN
3.0951e-06	NaN
2.5788e-06	NaN
2.1609e-06	NaN
1.8289e-06	NaN
1.57e-06	NaN
1.3716e-06	NaN
1.2209e-06	NaN
1.1052e-06	NaN
1.0129e-06	NaN
9.3985e-07	NaN
8.8576e-07	NaN
8.5033e-07	NaN
8.3328e-07	NaN
8.3433e-07	NaN
8.5318e-07	NaN
8.8954e-07	NaN
9.4287e-07	NaN
1.01e-06	NaN
1.0864e-06	NaN
1.1674e-06	NaN
1.2485e-06	NaN
1.325e-06	NaN
1.3923e-06	NaN
1.4458e-06	NaN
1.4812e-06	NaN
1.497e-06	NaN
1.4934e-06	NaN
1.471e-06	NaN
1.4301e-06	NaN
1.3712e-06	NaN
1.2945e-06	NaN
1.2006e-06	NaN
1.09e-06	NaN
9.6629e-07	NaN
8.3512e-07	NaN
7.0229e-07	NaN
5.7358e-07	NaN
4.5476e-07	NaN
3.5162e-07	NaN
2.6992e-07	NaN
2.152e-07	NaN
1.8846e-07	NaN
1.8673e-07	NaN
2.0691e-07	NaN
2.459e-07	NaN
3.0061e-07	NaN
3.6794e-07	NaN
4.4478e-07	NaN
5.2804e-07	NaN
6.1428e-07	NaN
6.9981e-07	NaN
7.8089e-07	NaN
8.5379e-07	NaN
9.1478e-07	NaN
9.6014e-07	NaN
9.8613e-07	NaN
9.8913e-07	NaN
9.6877e-07	NaN
9.2846e-07	NaN
8.7184e-07	NaN
8.0254e-07	NaN
7.242e-07	NaN
6.4044e-07	NaN
5.549e-07	NaN
4.7118e-07	NaN
3.9188e-07	NaN
3.1819e-07	NaN
2.5122e-07	NaN
1.9207e-07	NaN
1.4185e-07	NaN
1.0166e-07	NaN
7.2606e-08	NaN
5.5778e-08	NaN
5.1204e-08	NaN
5.7261e-08	NaN
7.2186e-08	NaN
9.4211e-08	NaN
1.2157e-07	NaN
1.525e-07	NaN
1.8524e-07	NaN
2.1801e-07	NaN
2.493e-07	NaN
2.7798e-07	NaN
3.0299e-07	NaN
3.2326e-07	NaN
3.3772e-07	NaN
3.4531e-07	NaN
3.4494e-07	NaN
3.3557e-07	NaN
3.1709e-07	NaN
2.9146e-07	NaN
2.609e-07	NaN
2.2761e-07	NaN
1.938e-07	NaN
1.6168e-07	NaN
1.3348e-07	NaN
1.1139e-07	NaN
9.6858e-08	NaN
8.9441e-08	NaN
8.8409e-08	NaN
9.3031e-08	NaN
1.0258e-07	NaN
1.1632e-07	NaN
1.3353e-07	NaN
1.5348e-07	NaN
1.7537e-07	NaN
1.9829e-07	NaN
2.2127e-07	NaN
2.4335e-07	NaN
2.6357e-07	NaN
2.8096e-07	NaN
2.9457e-07	NaN
3.0343e-07	NaN
3.0659e-07	NaN
3.0307e-07	NaN
2.9193e-07	NaN
2.722e-07	NaN
2.4293e-07	NaN
2.0314e-07	NaN
1.5187e-07	NaN
8.8177e-08	NaN
2.9197e-09	NaN
2.9809e-09	NaN
