2.2305e-08	NaN
2.4732e-08	NaN
2.7352e-08	NaN
3.0116e-08	NaN
5.0374e-08	NaN
4.7978e-08	NaN
4.5605e-08	NaN
4.3275e-08	NaN
4.1006e-08	NaN
3.8819e-08	NaN
3.6732e-08	NaN
3.4764e-08	NaN
3.2935e-08	NaN
3.1263e-08	NaN
2.9769e-08	NaN
2.8471e-08	NaN
2.7388e-08	NaN
2.654e-08	NaN
2.5946e-08	NaN
2.5625e-08	NaN
2.5596e-08	NaN
2.5872e-08	NaN
2.6424e-08	NaN
2.7212e-08	NaN
2.8194e-08	NaN
2.9328e-08	NaN
3.0573e-08	NaN
3.1888e-08	NaN
3.3232e-08	NaN
3.4594e-08	NaN
3.6178e-08	NaN
3.8271e-08	NaN
4.1161e-08	NaN
4.5138e-08	NaN
5.0489e-08	NaN
5.7503e-08	NaN
6.6469e-08	NaN
7.7649e-08	NaN
9.1101e-08	NaN
1.0679e-07	NaN
1.2467e-07	NaN
1.4471e-07	NaN
1.6687e-07	NaN
1.9111e-07	NaN
2.1739e-07	NaN
2.4572e-07	NaN
2.7642e-07	NaN
3.1006e-07	NaN
3.4716e-07	NaN
3.8827e-07	NaN
4.3392e-07	NaN
4.8467e-07	NaN
5.4105e-07	NaN
6.0357e-07	NaN
6.7229e-07	NaN
7.47e-07	NaN
8.275e-07	NaN
9.1357e-07	NaN
1.005e-06	NaN
1.1016e-06	NaN
1.203e-06	NaN
1.3093e-06	NaN
1.4203e-06	NaN
1.5366e-06	NaN
1.6583e-06	NaN
1.7858e-06	NaN
1.9195e-06	NaN
2.0596e-06	NaN
2.2066e-06	NaN
2.3607e-06	NaN
2.5223e-06	NaN
2.6921e-06	NaN
2.8707e-06	NaN
3.0585e-06	NaN
3.2562e-06	NaN
3.4643e-06	NaN
3.6834e-06	NaN
3.9141e-06	NaN
4.1569e-06	NaN
4.4123e-06	NaN
4.6808e-06	NaN
4.9631e-06	NaN
5.2595e-06	NaN
5.5706e-06	NaN
5.8969e-06	NaN
6.239e-06	NaN
6.6004e-06	NaN
6.9876e-06	NaN
7.4075e-06	NaN
7.8668e-06	NaN
8.3723e-06	NaN
8.9308e-06	NaN
9.549e-06	NaN
1.0234e-05	NaN
1.0988e-05	NaN
1.181e-05	NaN
1.2697e-05	NaN
1.3647e-05	NaN
1.4657e-05	NaN
1.5727e-05	NaN
1.6852e-05	NaN
1.8032e-05	NaN
1.9261e-05	NaN
2.0535e-05	NaN
2.1847e-05	NaN
2.3192e-05	NaN
2.4562e-05	NaN
2.5952e-05	NaN
2.7355e-05	NaN
2.8766e-05	NaN
3.0178e-05	NaN
3.158e-05	NaN
3.2963e-05	NaN
3.4318e-05	NaN
3.5635e-05	NaN
3.6904e-05	NaN
3.8116e-05	NaN
3.9261e-05	NaN
4.0333e-05	NaN
4.1329e-05	NaN
4.2251e-05	NaN
4.3099e-05	NaN
4.3871e-05	NaN
4.4568e-05	NaN
4.519e-05	NaN
4.5736e-05	NaN
4.6208e-05	NaN
4.6608e-05	NaN
4.6942e-05	NaN
4.7212e-05	NaN
4.7423e-05	NaN
4.7577e-05	NaN
4.768e-05	NaN
4.7735e-05	NaN
4.7742e-05	NaN
4.7689e-05	NaN
4.7564e-05	NaN
4.7353e-05	NaN
4.7044e-05	NaN
4.6622e-05	NaN
4.6075e-05	NaN
4.5389e-05	NaN
4.4557e-05	NaN
4.3588e-05	NaN
4.2494e-05	NaN
4.1287e-05	NaN
3.9981e-05	NaN
3.8587e-05	NaN
3.7119e-05	NaN
3.5589e-05	NaN
3.4009e-05	NaN
3.2393e-05	NaN
3.0754e-05	NaN
2.9103e-05	NaN
2.7456e-05	NaN
2.5824e-05	NaN
2.422e-05	NaN
2.2658e-05	NaN
2.115e-05	NaN
1.9704e-05	NaN
1.8328e-05	NaN
1.7031e-05	NaN
1.5819e-05	NaN
1.4701e-05	NaN
1.3684e-05	NaN
1.2775e-05	NaN
1.1982e-05	NaN
1.1303e-05	NaN
1.0734e-05	NaN
1.027e-05	NaN
9.907e-06	NaN
9.6415e-06	NaN
9.4689e-06	NaN
9.3853e-06	NaN
9.3854e-06	NaN
9.4583e-06	NaN
9.5904e-06	NaN
9.7682e-06	NaN
9.9784e-06	NaN
1.0207e-05	NaN
1.0442e-05	NaN
1.0668e-05	NaN
1.0873e-05	NaN
1.1056e-05	NaN
1.1215e-05	NaN
1.1354e-05	NaN
1.1472e-05	NaN
1.1572e-05	NaN
1.1653e-05	NaN
1.1718e-05	NaN
1.1766e-05	NaN
1.1788e-05	NaN
1.1769e-05	NaN
1.1692e-05	NaN
1.1544e-05	NaN
1.1308e-05	NaN
1.097e-05	NaN
1.0514e-05	NaN
9.9269e-06	NaN
9.225e-06	NaN
8.4407e-06	NaN
7.6071e-06	NaN
6.7573e-06	NaN
5.9246e-06	NaN
5.142e-06	NaN
4.4426e-06	NaN
3.8577e-06	NaN
3.3932e-06	NaN
3.0366e-06	NaN
2.7747e-06	NaN
2.5947e-06	NaN
2.4835e-06	NaN
2.4282e-06	NaN
2.4158e-06	NaN
2.4338e-06	NaN
2.4801e-06	NaN
2.5609e-06	NaN
2.6829e-06	NaN
2.8527e-06	NaN
3.0768e-06	NaN
3.3618e-06	NaN
3.7143e-06	NaN
4.1411e-06	NaN
4.6514e-06	NaN
5.2568e-06	NaN
5.9693e-06	NaN
6.8006e-06	NaN
7.7625e-06	NaN
8.8669e-06	NaN
1.0126e-05	NaN
1.1549e-05	NaN
1.3117e-05	NaN
1.4771e-05	NaN
1.6455e-05	NaN
1.8109e-05	NaN
1.9674e-05	NaN
2.1092e-05	NaN
2.2306e-05	NaN
2.3255e-05	NaN
2.3911e-05	NaN
2.4274e-05	NaN
2.4351e-05	NaN
2.4148e-05	NaN
2.3668e-05	NaN
2.2917e-05	NaN
2.1901e-05	NaN
2.0625e-05	NaN
1.9114e-05	NaN
1.7421e-05	NaN
1.5602e-05	NaN
1.3712e-05	NaN
1.1807e-05	NaN
9.9427e-06	NaN
8.1747e-06	NaN
6.5583e-06	NaN
5.1346e-06	NaN
3.9191e-06	NaN
2.9248e-06	NaN
2.1649e-06	NaN
1.6524e-06	NaN
1.4004e-06	NaN
1.422e-06	NaN
1.73e-06	NaN
2.3119e-06	NaN
3.1035e-06	NaN
4.0345e-06	NaN
5.0345e-06	NaN
6.0334e-06	NaN
6.9607e-06	NaN
7.7463e-06	NaN
8.3198e-06	NaN
8.6457e-06	NaN
8.7699e-06	NaN
8.75e-06	NaN
8.6435e-06	NaN
8.508e-06	NaN
8.4012e-06	NaN
8.3805e-06	NaN
8.5035e-06	NaN
8.805e-06	NaN
9.2566e-06	NaN
9.8195e-06	NaN
1.0454e-05	NaN
1.1123e-05	NaN
1.1785e-05	NaN
1.2403e-05	NaN
1.2937e-05	NaN
1.3356e-05	NaN
1.3654e-05	NaN
1.383e-05	NaN
1.3884e-05	NaN
1.3814e-05	NaN
1.362e-05	NaN
1.33e-05	NaN
1.2855e-05	NaN
1.2291e-05	NaN
1.1647e-05	NaN
1.0969e-05	NaN
1.0304e-05	NaN
9.6968e-06	NaN
9.1947e-06	NaN
8.8436e-06	NaN
8.6897e-06	NaN
8.7732e-06	NaN
9.1074e-06	NaN
9.6981e-06	NaN
1.0551e-05	NaN
1.1673e-05	NaN
1.3068e-05	NaN
1.4743e-05	NaN
1.6704e-05	NaN
1.8949e-05	NaN
2.1433e-05	NaN
2.4099e-05	NaN
2.689e-05	NaN
2.9747e-05	NaN
3.2614e-05	NaN
3.5432e-05	NaN
3.8143e-05	NaN
4.0699e-05	NaN
4.31e-05	NaN
4.5366e-05	NaN
4.752e-05	NaN
4.9582e-05	NaN
5.1573e-05	NaN
5.3514e-05	NaN
5.5426e-05	NaN
5.7345e-05	NaN
5.9417e-05	NaN
6.1841e-05	NaN
6.4815e-05	NaN
6.8537e-05	NaN
7.3205e-05	NaN
7.9017e-05	NaN
8.617e-05	NaN
9.4834e-05	NaN
0.00010491	NaN
0.00011617	NaN
0.00012836	NaN
0.00014126	NaN
0.00015461	NaN
0.0001682	NaN
0.00018177	NaN
0.00019509	NaN
0.00020799	NaN
0.00022032	NaN
0.00023194	NaN
0.00024271	NaN
0.00025248	NaN
0.00026111	NaN
0.00026846	NaN
0.00027438	NaN
0.00027878	NaN
0.00028158	NaN
0.0002827	NaN
0.00028208	NaN
0.00027962	NaN
0.00027527	NaN
0.00026895	NaN
0.00026058	NaN
0.00025032	NaN
0.00023845	NaN
0.00022528	NaN
0.0002111	NaN
0.00019622	NaN
0.00018095	NaN
0.00016558	NaN
0.00015041	NaN
0.00013563	NaN
0.00012136	NaN
0.00010769	NaN
9.4719e-05	NaN
8.2547e-05	NaN
7.1275e-05	NaN
6.1001e-05	NaN
5.1824e-05	NaN
4.3787e-05	NaN
3.6878e-05	NaN
3.1081e-05	NaN
2.6378e-05	NaN
2.2754e-05	NaN
2.0191e-05	NaN
1.8675e-05	NaN
1.8189e-05	NaN
1.8737e-05	NaN
2.0352e-05	NaN
2.3065e-05	NaN
2.6911e-05	NaN
3.1922e-05	NaN
3.813e-05	NaN
4.5569e-05	NaN
5.4274e-05	NaN
6.4433e-05	NaN
7.6453e-05	NaN
9.0761e-05	NaN
0.00010778	NaN
0.00012794	NaN
0.00015167	NaN
0.00017938	NaN
0.00021151	NaN
0.00024808	NaN
0.00028845	NaN
0.00033194	NaN
0.00037783	NaN
0.00042544	NaN
0.00047406	NaN
0.000523	NaN
0.00057155	NaN
0.00061902	NaN
0.00066472	NaN
0.00070794	NaN
0.00074799	NaN
0.00078418	NaN
0.0008158	NaN
0.00084215	NaN
0.00086256	NaN
0.00087658	NaN
0.00088442	NaN
0.00088637	NaN
0.00088271	NaN
0.00087372	NaN
0.00085969	NaN
0.00084092	NaN
0.00081768	NaN
0.00079019	NaN
0.0007585	NaN
0.00072262	NaN
0.00068257	NaN
0.00063836	NaN
0.00059001	NaN
0.00053752	NaN
0.00048092	NaN
0.00042118	NaN
0.00036239	NaN
0.00030921	NaN
0.00026631	NaN
0.00023838	NaN
0.00023009	NaN
0.00024611	NaN
0.00029111	NaN
0.00037118	NaN
0.00049764	NaN
0.00068301	NaN
0.00093983	NaN
0.0012806	NaN
0.001718	NaN
0.0022644	NaN
0.0029324	NaN
0.0037388	NaN
0.0047195	NaN
0.0059154	NaN
0.0073676	NaN
0.0091172	NaN
0.011205	NaN
0.013672	NaN
0.01656	NaN
0.019909	NaN
0.023766	NaN
0.028176	NaN
0.033184	NaN
0.038838	NaN
0.045183	NaN
0.052264	NaN
0.060129	NaN
0.068821	NaN
0.078365	NaN
0.088782	NaN
0.10009	-0.63354
0.11232	-0.63097
0.12547	-0.62676
0.13958	-0.62114
0.15466	-0.61433
0.17074	-0.60652
0.18781	-0.59779
0.20587	-0.58819
0.22492	-0.57773
0.24495	-0.56646
0.26598	-0.55441
0.28798	-0.5416
0.31096	-0.52808
0.33492	-0.51387
0.35976	-0.49902
0.38539	-0.48354
0.4117	-0.46748
0.43856	-0.45087
0.46589	-0.43374
0.49355	-0.41614
0.52145	-0.39808
0.54947	-0.3796
0.57752	-0.36075
0.60553	-0.34155
0.63342	-0.32202
0.66109	-0.30222
0.68849	-0.28216
0.71551	-0.26188
0.74209	-0.24142
0.76814	-0.22081
0.79353	-0.20017
0.81813	-0.17967
0.84178	-0.15948
0.86433	-0.13978
0.88563	-0.12075
0.90554	-0.10255
0.9239	-0.085362
0.94056	-0.069352
0.95541	-0.054657
0.96832	-0.041383
0.97919	-0.029635
0.9879	-0.019517
0.99435	-0.011136
0.99842	-0.004595
1	0
0.99899	0.0025474
0.99544	0.0030084
0.98954	0.001403
0.98148	-0.0022468
0.97148	-0.0079188
0.95971	-0.015591
0.94638	-0.025241
0.9317	-0.036846
0.91584	-0.050386
0.899	-0.065849
0.88131	-0.083238
0.86292	-0.10256
0.84398	-0.1238
0.82464	-0.14699
0.80504	-0.1721
0.78532	-0.19916
0.76564	-0.22816
0.74601	-0.25903
0.72631	-0.29163
0.7064	-0.32581
0.68614	-0.36142
0.6654	-0.39831
0.64404	-0.43632
0.62193	-0.47531
0.59893	-0.51513
0.575	-0.55595
0.5502	-0.59838
0.52462	-0.64306
0.49835	-0.69063
0.47146	-0.74174
0.44405	-0.79703
0.4162	-0.85715
0.38799	-0.92272
0.35958	-0.9934
0.33124	-1.0672
0.30328	-1.1419
0.27597	-1.2155
0.24961	-1.2857
0.22448	-1.3505
0.20088	-1.4076
0.17909	-1.455
0.1593	-1.4939
0.14145	-1.5322
0.12549	-1.5785
0.11133	-1.6414
0.098922	NaN
0.088187	NaN
0.079061	NaN
0.071476	NaN
0.065342	NaN
0.060522	NaN
0.056873	NaN
0.05425	NaN
0.052509	NaN
0.051508	NaN
0.051101	NaN
0.051146	NaN
0.051527	NaN
0.052199	NaN
0.053132	NaN
0.054294	NaN
0.055654	NaN
0.05718	NaN
0.058842	NaN
0.060607	NaN
0.06244	NaN
0.064294	NaN
0.066118	NaN
0.067863	NaN
0.069479	NaN
0.070916	NaN
0.072123	NaN
0.073052	NaN
0.073657	NaN
0.073922	NaN
0.073833	NaN
0.073377	NaN
0.072541	NaN
0.071312	NaN
0.069677	NaN
0.067623	NaN
0.065149	NaN
0.062307	NaN
0.059161	NaN
0.055777	NaN
0.052221	NaN
0.048557	NaN
0.044852	NaN
0.04117	NaN
0.03757	NaN
0.034081	NaN
0.03072	NaN
0.027504	NaN
0.024452	NaN
0.021582	NaN
0.01891	NaN
0.016455	NaN
0.014232	NaN
0.012243	NaN
0.010483	NaN
0.0089498	NaN
0.0076384	NaN
0.0065454	NaN
0.005667	NaN
0.0049993	NaN
0.0045378	NaN
0.0042715	NaN
0.0041872	NaN
0.0042712	NaN
0.0045103	NaN
0.0048908	NaN
0.0053995	NaN
0.0060227	NaN
0.0067468	NaN
0.0075563	NaN
0.0084347	NaN
0.0093652	NaN
0.010332	NaN
0.011317	NaN
0.012305	NaN
0.013279	NaN
0.014224	NaN
0.015128	NaN
0.015987	NaN
0.016793	NaN
0.017541	NaN
0.018224	NaN
0.018836	NaN
0.019371	NaN
0.019823	NaN
0.020192	NaN
0.020481	NaN
0.020694	NaN
0.020835	NaN
0.020907	NaN
0.020914	NaN
0.020859	NaN
0.020746	NaN
0.02058	NaN
0.020366	NaN
0.020108	NaN
0.019812	NaN
0.019482	NaN
0.019125	NaN
0.018745	NaN
0.018346	NaN
0.017932	NaN
0.017502	NaN
0.017055	NaN
0.016591	NaN
0.016109	NaN
0.015609	NaN
0.015091	NaN
0.014555	NaN
0.014001	NaN
0.013433	NaN
0.012854	NaN
0.012268	NaN
0.011678	NaN
0.011087	NaN
0.0105	NaN
0.0099181	NaN
0.0093463	NaN
0.0087871	NaN
0.0082438	NaN
0.0077195	NaN
0.0072173	NaN
0.0067405	NaN
0.0062921	NaN
0.0058753	NaN
0.0054914	NaN
0.005139	NaN
0.0048165	NaN
0.0045224	NaN
0.004255	NaN
0.0040129	NaN
0.0037945	NaN
0.0035982	NaN
0.0034229	NaN
0.0032685	NaN
0.0031348	NaN
0.0030216	NaN
0.0029288	NaN
0.0028561	NaN
0.0028035	NaN
0.0027708	NaN
0.0027575	NaN
0.0027624	NaN
0.0027843	NaN
0.0028221	NaN
0.0028745	NaN
0.0029403	NaN
0.0030182	NaN
0.0031072	NaN
0.0032058	NaN
0.0033129	NaN
0.0034271	NaN
0.0035471	NaN
0.0036716	NaN
0.0037992	NaN
0.0039286	NaN
0.0040586	NaN
0.0041879	NaN
0.0043155	NaN
0.0044406	NaN
0.0045624	NaN
0.0046798	NaN
0.004792	NaN
0.0048982	NaN
0.0049973	NaN
0.0050887	NaN
0.0051715	NaN
0.0052449	NaN
0.0053084	NaN
0.0053611	NaN
0.0054023	NaN
0.0054312	NaN
0.0054473	NaN
0.00545	NaN
0.0054407	NaN
0.0054208	NaN
0.0053918	NaN
0.0053552	NaN
0.0053126	NaN
0.0052654	NaN
0.0052152	NaN
0.0051632	NaN
0.0051106	NaN
0.0050582	NaN
0.0050067	NaN
0.0049571	NaN
0.0049102	NaN
0.0048669	NaN
0.004828	NaN
0.0047941	NaN
0.0047652	NaN
0.0047408	NaN
0.0047204	NaN
0.0047036	NaN
0.00469	NaN
0.0046791	NaN
0.0046706	NaN
0.0046639	NaN
0.0046581	NaN
0.0046523	NaN
0.0046456	NaN
0.0046369	NaN
0.0046253	NaN
0.0046097	NaN
0.0045893	NaN
0.0045632	NaN
0.0045309	NaN
0.0044922	NaN
0.0044471	NaN
0.0043953	NaN
0.0043367	NaN
0.0042712	NaN
0.0041985	NaN
0.0041186	NaN
0.0040318	NaN
0.0039388	NaN
0.0038401	NaN
0.0037365	NaN
0.0036285	NaN
0.0035167	NaN
0.0034018	NaN
0.0032843	NaN
0.0031644	NaN
0.0030418	NaN
0.0029164	NaN
0.0027879	NaN
0.0026562	NaN
0.002521	NaN
0.0023823	NaN
0.0022398	NaN
0.0020944	NaN
0.0019474	NaN
0.0018003	NaN
0.0016546	NaN
0.0015115	NaN
0.0013726	NaN
0.0012392	NaN
0.0011127	NaN
0.00099403	NaN
0.00088367	NaN
0.00078211	NaN
0.00068982	NaN
0.00060729	NaN
0.000535	NaN
0.00047345	NaN
0.00042309	NaN
0.00038414	NaN
0.00035654	NaN
0.00034026	NaN
0.00033523	NaN
0.00034142	NaN
0.00035877	NaN
0.00038723	NaN
0.00042673	NaN
0.00047667	NaN
0.00053594	NaN
0.00060336	NaN
0.00067778	NaN
0.00075806	NaN
0.00084303	NaN
0.00093153	NaN
0.0010224	NaN
0.0011145	NaN
0.0012064	NaN
0.001297	NaN
0.001385	NaN
0.0014691	NaN
0.001548	NaN
0.0016204	NaN
0.0016852	NaN
0.0017414	NaN
0.0017888	NaN
0.0018272	NaN
0.0018564	NaN
0.0018761	NaN
0.0018862	NaN
0.0018864	NaN
0.0018765	NaN
0.0018566	NaN
0.0018272	NaN
0.001789	NaN
0.0017425	NaN
0.0016884	NaN
0.0016272	NaN
0.0015595	NaN
0.0014859	NaN
0.0014073	NaN
0.0013246	NaN
0.0012391	NaN
0.0011519	NaN
0.0010641	NaN
0.00097678	NaN
0.0008912	NaN
0.00080844	NaN
0.00072941	NaN
0.00065455	NaN
0.0005842	NaN
0.00051875	NaN
0.00045855	NaN
0.00040396	NaN
0.00035535	NaN
0.00031307	NaN
0.00027724	NaN
0.00024727	NaN
0.0002225	NaN
0.00020225	NaN
0.00018585	NaN
0.00017263	NaN
0.0001619	NaN
0.00015301	NaN
0.00014538	NaN
0.00013879	NaN
0.00013307	NaN
0.00012804	NaN
0.00012354	NaN
0.00011938	NaN
0.00011541	NaN
0.00011145	NaN
0.00010737	NaN
0.00010316	NaN
9.8843e-05	NaN
9.4443e-05	NaN
8.998e-05	NaN
8.5479e-05	NaN
8.096e-05	NaN
7.6447e-05	NaN
7.1962e-05	NaN
6.7524e-05	NaN
6.3154e-05	NaN
5.8872e-05	NaN
5.4696e-05	NaN
5.0648e-05	NaN
4.6747e-05	NaN
4.3013e-05	NaN
3.9462e-05	NaN
3.6097e-05	NaN
3.2913e-05	NaN
2.9909e-05	NaN
2.7082e-05	NaN
2.4428e-05	NaN
2.1944e-05	NaN
1.9628e-05	NaN
1.7477e-05	NaN
1.5489e-05	NaN
1.3667e-05	NaN
1.2009e-05	NaN
1.0515e-05	NaN
9.1857e-06	NaN
8.0213e-06	NaN
7.0216e-06	NaN
6.1851e-06	NaN
5.4984e-06	NaN
4.9431e-06	NaN
4.501e-06	NaN
4.1539e-06	NaN
3.8834e-06	NaN
3.6712e-06	NaN
3.4992e-06	NaN
3.3498e-06	NaN
3.2136e-06	NaN
3.0844e-06	NaN
2.9563e-06	NaN
2.8233e-06	NaN
2.6796e-06	NaN
2.5191e-06	NaN
2.3359e-06	NaN
2.1249e-06	NaN
1.8902e-06	NaN
1.6411e-06	NaN
1.3868e-06	NaN
1.1365e-06	NaN
8.996e-07	NaN
6.8524e-07	NaN
5.0273e-07	NaN
3.6058e-07	NaN
2.5835e-07	NaN
1.8975e-07	NaN
1.484e-07	NaN
1.2791e-07	NaN
1.2188e-07	NaN
1.2393e-07	NaN
1.2767e-07	NaN
1.2701e-07	NaN
1.2023e-07	NaN
1.0891e-07	NaN
9.4714e-08	NaN
7.9315e-08	NaN
6.4377e-08	NaN
5.1566e-08	NaN
4.255e-08	NaN
3.8918e-08	NaN
4.0885e-08	NaN
4.746e-08	NaN
5.761e-08	NaN
7.0303e-08	NaN
8.4507e-08	NaN
9.919e-08	NaN
1.1332e-07	NaN
1.2588e-07	NaN
1.3636e-07	NaN
1.4472e-07	NaN
1.5094e-07	NaN
1.5503e-07	NaN
1.5697e-07	NaN
1.5675e-07	NaN
1.5436e-07	NaN
1.498e-07	NaN
1.4322e-07	NaN
1.3499e-07	NaN
1.2546e-07	NaN
1.1499e-07	NaN
1.0394e-07	NaN
9.2685e-08	NaN
8.1578e-08	NaN
7.0981e-08	NaN
6.1165e-08	NaN
5.2282e-08	NaN
4.4472e-08	NaN
3.7879e-08	NaN
3.2645e-08	NaN
2.8912e-08	NaN
2.6823e-08	NaN
2.6519e-08	NaN
2.812e-08	NaN
3.1712e-08	NaN
3.7376e-08	NaN
4.5194e-08	NaN
5.5249e-08	NaN
6.7622e-08	NaN
8.2396e-08	NaN
9.9648e-08	NaN
1.1905e-07	NaN
1.3954e-07	NaN
1.5998e-07	NaN
1.7923e-07	NaN
1.9615e-07	NaN
2.096e-07	NaN
2.1845e-07	NaN
2.2154e-07	NaN
2.1842e-07	NaN
2.0999e-07	NaN
1.9733e-07	NaN
1.8153e-07	NaN
1.6368e-07	NaN
1.4487e-07	NaN
1.2617e-07	NaN
1.0868e-07	NaN
9.3154e-08	NaN
7.956e-08	NaN
6.7741e-08	NaN
5.7544e-08	NaN
4.8812e-08	NaN
4.1392e-08	NaN
3.5126e-08	NaN
2.9862e-08	NaN
2.5467e-08	NaN
2.1882e-08	NaN
1.9059e-08	NaN
1.6951e-08	NaN
1.551e-08	NaN
1.4689e-08	NaN
1.444e-08	NaN
1.4716e-08	NaN
1.5469e-08	NaN
1.6652e-08	NaN
1.8218e-08	NaN
2.0118e-08	NaN
