2.2875e-07	NaN
2.1038e-07	NaN
1.9333e-07	NaN
1.779e-07	NaN
1.6444e-07	NaN
1.5326e-07	NaN
1.4469e-07	NaN
1.3906e-07	NaN
1.3669e-07	NaN
1.3791e-07	NaN
1.4304e-07	NaN
1.5242e-07	NaN
1.6626e-07	NaN
1.8422e-07	NaN
2.0577e-07	NaN
2.3035e-07	NaN
2.5742e-07	NaN
2.8646e-07	NaN
3.169e-07	NaN
3.4821e-07	NaN
3.7987e-07	NaN
4.1148e-07	NaN
4.4271e-07	NaN
4.732e-07	NaN
5.0262e-07	NaN
5.3063e-07	NaN
5.5688e-07	NaN
5.8103e-07	NaN
6.0272e-07	NaN
6.2151e-07	NaN
6.3688e-07	NaN
6.4834e-07	NaN
6.5538e-07	NaN
6.575e-07	NaN
6.5419e-07	NaN
6.4495e-07	NaN
6.2941e-07	NaN
6.0836e-07	NaN
5.8328e-07	NaN
5.5561e-07	NaN
5.2684e-07	NaN
4.9842e-07	NaN
4.7183e-07	NaN
4.4853e-07	NaN
4.2985e-07	NaN
4.1558e-07	NaN
4.0452e-07	NaN
3.9547e-07	NaN
3.872e-07	NaN
3.785e-07	NaN
3.6815e-07	NaN
3.5495e-07	NaN
3.3774e-07	NaN
3.164e-07	NaN
2.9152e-07	NaN
2.6374e-07	NaN
2.3367e-07	NaN
2.0196e-07	NaN
1.6922e-07	NaN
1.3608e-07	NaN
1.0327e-07	NaN
7.3396e-08	NaN
5.0661e-08	NaN
3.9322e-08	NaN
4.3636e-08	NaN
6.786e-08	NaN
1.1625e-07	NaN
1.9307e-07	NaN
3.0236e-07	NaN
4.4372e-07	NaN
6.1228e-07	NaN
8.0299e-07	NaN
1.0108e-06	NaN
1.2307e-06	NaN
1.4576e-06	NaN
1.6864e-06	NaN
1.9121e-06	NaN
2.1282e-06	NaN
2.3264e-06	NaN
2.4986e-06	NaN
2.6363e-06	NaN
2.7315e-06	NaN
2.7758e-06	NaN
2.7609e-06	NaN
2.6789e-06	NaN
2.5308e-06	NaN
2.3299e-06	NaN
2.0902e-06	NaN
1.8257e-06	NaN
1.5506e-06	NaN
1.2788e-06	NaN
1.0243e-06	NaN
8.0132e-07	NaN
6.2496e-07	NaN
5.1219e-07	NaN
4.8011e-07	NaN
5.458e-07	NaN
7.2636e-07	NaN
1.0389e-06	NaN
1.5005e-06	NaN
2.1281e-06	NaN
2.9299e-06	NaN
3.8981e-06	NaN
5.0234e-06	NaN
6.2965e-06	NaN
7.708e-06	NaN
9.2485e-06	NaN
1.0909e-05	NaN
1.268e-05	NaN
1.4548e-05	NaN
1.6497e-05	NaN
1.8505e-05	NaN
2.0553e-05	NaN
2.2623e-05	NaN
2.4694e-05	NaN
2.6747e-05	NaN
2.8764e-05	NaN
3.0735e-05	NaN
3.2684e-05	NaN
3.4634e-05	NaN
3.6613e-05	NaN
3.8645e-05	NaN
4.0757e-05	NaN
4.2973e-05	NaN
4.5319e-05	NaN
4.7828e-05	NaN
5.0547e-05	NaN
5.3526e-05	NaN
5.6816e-05	NaN
6.0469e-05	NaN
6.4535e-05	NaN
6.9065e-05	NaN
7.411e-05	NaN
7.9721e-05	NaN
8.5949e-05	NaN
9.2849e-05	NaN
0.00010047	NaN
0.00010887	NaN
0.0001181	NaN
0.0001282	NaN
0.00013924	NaN
0.00015126	NaN
0.00016429	NaN
0.00017834	NaN
0.00019345	NaN
0.00020963	NaN
0.0002269	NaN
0.00024528	NaN
0.00026481	NaN
0.00028549	NaN
0.00030737	NaN
0.00033049	NaN
0.00035487	NaN
0.00038056	NaN
0.00040759	NaN
0.00043601	NaN
0.00046585	NaN
0.00049713	NaN
0.00052986	NaN
0.000564	NaN
0.00059953	NaN
0.00063643	NaN
0.00067468	NaN
0.00071425	NaN
0.00075511	NaN
0.0007972	NaN
0.00084018	NaN
0.00088356	NaN
0.0009269	NaN
0.00096971	NaN
0.0010116	NaN
0.0010519	NaN
0.0010904	NaN
0.0011265	NaN
0.0011598	NaN
0.0011898	NaN
0.001216	NaN
0.0012379	NaN
0.0012552	NaN
0.0012673	NaN
0.0012738	NaN
0.0012742	NaN
0.0012687	NaN
0.0012575	NaN
0.001241	NaN
0.0012196	NaN
0.0011934	NaN
0.001163	NaN
0.0011286	NaN
0.0010905	NaN
0.001049	NaN
0.0010045	NaN
0.00095735	NaN
0.00090773	NaN
0.000856	NaN
0.00080248	NaN
0.00074747	NaN
0.00069129	NaN
0.00063443	NaN
0.00057749	NaN
0.00052109	NaN
0.00046584	NaN
0.00041233	NaN
0.00036118	NaN
0.00031301	NaN
0.0002684	NaN
0.00022783	NaN
0.00019166	NaN
0.00016025	NaN
0.00013394	NaN
0.0001131	NaN
9.8073e-05	NaN
8.9226e-05	NaN
8.6915e-05	NaN
9.1612e-05	NaN
0.0001039	NaN
0.00012436	NaN
0.00015358	NaN
0.00019215	NaN
0.00024065	NaN
0.00029967	NaN
0.00036976	NaN
0.00045078	NaN
0.00054177	NaN
0.00064175	NaN
0.00074973	NaN
0.0008647	NaN
0.00098569	NaN
0.0011117	NaN
0.0012417	NaN
0.001375	NaN
0.0015108	NaN
0.0016486	NaN
0.0017878	NaN
0.0019277	NaN
0.0020677	NaN
0.0022073	NaN
0.0023458	NaN
0.002483	NaN
0.0026194	NaN
0.0027554	NaN
0.0028916	NaN
0.0030283	NaN
0.0031661	NaN
0.0033054	NaN
0.0034468	NaN
0.0035902	NaN
0.0037351	NaN
0.0038806	NaN
0.004026	NaN
0.0041707	NaN
0.0043138	NaN
0.0044546	NaN
0.0045924	NaN
0.0047263	NaN
0.0048552	NaN
0.0049781	NaN
0.0050938	NaN
0.0052012	NaN
0.0052992	NaN
0.0053866	NaN
0.0054624	NaN
0.0055257	NaN
0.005576	NaN
0.0056131	NaN
0.0056367	NaN
0.0056465	NaN
0.0056421	NaN
0.0056232	NaN
0.0055896	NaN
0.005541	NaN
0.0054771	NaN
0.0053979	NaN
0.005303	NaN
0.0051925	NaN
0.005066	NaN
0.0049234	NaN
0.0047646	NaN
0.0045898	NaN
0.0044005	NaN
0.0041988	NaN
0.0039865	NaN
0.0037654	NaN
0.0035376	NaN
0.0033048	NaN
0.0030691	NaN
0.0028324	NaN
0.0025974	NaN
0.0023671	NaN
0.0021443	NaN
0.0019318	NaN
0.0017325	NaN
0.0015492	NaN
0.0013849	NaN
0.0012418	NaN
0.0011202	NaN
0.0010197	NaN
0.00093974	NaN
0.00088	NaN
0.00084	NaN
0.00081934	NaN
0.00081756	NaN
0.0008341	NaN
0.00086758	NaN
0.00091638	NaN
0.00097885	NaN
0.0010534	NaN
0.0011383	NaN
0.001232	NaN
0.0013329	NaN
0.0014394	NaN
0.001551	NaN
0.0016674	NaN
0.0017884	NaN
0.0019138	NaN
0.0020434	NaN
0.0021768	NaN
0.0023138	NaN
0.0024543	NaN
0.0025982	NaN
0.0027454	NaN
0.0028958	NaN
0.0030495	NaN
0.0032065	NaN
0.0033666	NaN
0.0035298	NaN
0.0036962	NaN
0.0038662	NaN
0.0040403	NaN
0.0042192	NaN
0.0044035	NaN
0.0045938	NaN
0.0047906	NaN
0.0049946	NaN
0.0052062	NaN
0.0054248	NaN
0.0056488	NaN
0.0058768	NaN
0.0061072	NaN
0.0063386	NaN
0.0065694	NaN
0.0067981	NaN
0.0070232	NaN
0.0072432	NaN
0.0074563	NaN
0.007661	NaN
0.0078556	NaN
0.0080384	NaN
0.0082078	NaN
0.0083621	NaN
0.0084998	NaN
0.0086209	NaN
0.008727	NaN
0.0088195	NaN
0.0088999	NaN
0.0089697	NaN
0.0090304	NaN
0.0090835	NaN
0.0091304	NaN
0.0091727	NaN
0.009212	NaN
0.0092498	NaN
0.0092877	NaN
0.0093272	NaN
0.0093699	NaN
0.0094174	NaN
0.0094712	NaN
0.0095317	NaN
0.0095983	NaN
0.0096702	NaN
0.0097466	NaN
0.0098268	NaN
0.00991	NaN
0.0099954	NaN
0.010082	NaN
0.01017	NaN
0.010258	NaN
0.010346	NaN
0.010433	NaN
0.010519	NaN
0.010603	NaN
0.010685	NaN
0.010764	NaN
0.010838	NaN
0.010906	NaN
0.010964	NaN
0.011009	NaN
0.01104	NaN
0.011053	NaN
0.011045	NaN
0.011014	NaN
0.010959	NaN
0.010878	NaN
0.010773	NaN
0.010643	NaN
0.010488	NaN
0.010309	NaN
0.010106	NaN
0.0098782	NaN
0.0096281	NaN
0.0093596	NaN
0.0090772	NaN
0.0087856	NaN
0.0084892	NaN
0.0081926	NaN
0.0079004	NaN
0.0076172	NaN
0.0073454	NaN
0.0070831	NaN
0.0068275	NaN
0.0065759	NaN
0.0063255	NaN
0.0060736	NaN
0.0058176	NaN
0.0055548	NaN
0.005284	NaN
0.0050091	NaN
0.0047345	NaN
0.0044646	NaN
0.004204	NaN
0.003957	NaN
0.0037282	NaN
0.003522	NaN
0.0033427	NaN
0.003194	NaN
0.0030795	NaN
0.0030026	NaN
0.0029671	NaN
0.0029764	NaN
0.0030341	NaN
0.0031437	NaN
0.0033081	NaN
0.0035269	NaN
0.0037991	NaN
0.0041237	NaN
0.0044997	NaN
0.004926	NaN
0.0054017	NaN
0.0059257	NaN
0.0064992	NaN
0.0071331	NaN
0.0078409	NaN
0.008636	NaN
0.0095321	NaN
0.010543	NaN
0.011681	NaN
0.012961	NaN
0.014398	NaN
0.016018	NaN
0.01785	NaN
0.019924	NaN
0.02227	NaN
0.024916	NaN
0.027892	NaN
0.031227	NaN
0.03495	NaN
0.039084	NaN
0.043648	NaN
0.048662	NaN
0.054147	NaN
0.060123	NaN
0.06661	NaN
0.073628	NaN
0.081197	NaN
0.08933	NaN
0.098037	NaN
0.10733	-0.55015
0.11722	-0.55182
0.12771	-0.55274
0.13883	-0.55275
0.15057	-0.5517
0.16296	-0.54941
0.17603	-0.54587
0.18986	-0.54108
0.20451	-0.53507
0.22003	-0.52786
0.23649	-0.51948
0.25396	-0.50993
0.2725	-0.49925
0.29216	-0.48747
0.31293	-0.47465
0.33475	-0.4609
0.35755	-0.44634
0.38128	-0.43108
0.40589	-0.41521
0.43129	-0.39886
0.45745	-0.38212
0.48429	-0.3651
0.51172	-0.34786
0.5396	-0.3304
0.56783	-0.31273
0.59627	-0.29486
0.62481	-0.27681
0.65331	-0.25858
0.68165	-0.24018
0.70972	-0.22164
0.73737	-0.20301
0.76448	-0.18444
0.79091	-0.16604
0.81651	-0.14793
0.84116	-0.13026
0.86472	-0.11313
0.88705	-0.096675
0.90802	-0.081023
0.92742	-0.0663
0.94504	-0.052634
0.96064	-0.040152
0.97397	-0.028983
0.98481	-0.019255
0.99292	-0.011097
0.99806	-0.0046364
1	0
0.99877	0.0027303
0.99465	0.0035206
0.98793	0.0023396
0.97892	-0.00084438
0.96791	-0.0060627
0.95519	-0.013347
0.94107	-0.022729
0.92584	-0.034239
0.90972	-0.047908
0.89283	-0.063765
0.87529	-0.081839
0.85721	-0.10216
0.83872	-0.12475
0.81992	-0.14964
0.80095	-0.17687
0.78191	-0.20645
0.76278	-0.23832
0.74333	-0.27229
0.72332	-0.30814
0.70252	-0.34567
0.68067	-0.38466
0.65755	-0.42491
0.63291	-0.46621
0.60651	-0.50835
0.57831	-0.55138
0.54858	-0.59578
0.51764	-0.64208
0.48577	-0.69078
0.4533	-0.7424
0.42052	-0.79747
0.38775	-0.8565
0.35528	-0.92
0.32341	-0.98776
0.29242	-1.0582
0.26256	-1.1294
0.23409	-1.1998
0.2073	-1.2674
0.18244	-1.3306
0.15977	-1.3875
0.13957	-1.4365
0.12197	-1.4783
0.10685	-1.5203
0.094058	NaN
0.08342	NaN
0.074777	NaN
0.067967	NaN
0.062827	NaN
0.059194	NaN
0.056905	NaN
0.055791	NaN
0.055681	NaN
0.056404	NaN
0.057792	NaN
0.059673	NaN
0.061877	NaN
0.064235	NaN
0.066596	NaN
0.068875	NaN
0.070997	NaN
0.072889	NaN
0.074476	NaN
0.075685	NaN
0.076441	NaN
0.076671	NaN
0.076322	NaN
0.075414	NaN
0.073986	NaN
0.072078	NaN
0.069727	NaN
0.066972	NaN
0.063852	NaN
0.060406	NaN
0.056674	NaN
0.052715	NaN
0.048587	NaN
0.044352	NaN
0.04007	NaN
0.0358	NaN
0.031604	NaN
0.027542	NaN
0.023669	NaN
0.020016	NaN
0.016606	NaN
0.013462	NaN
0.010607	NaN
0.0080645	NaN
0.0058573	NaN
0.0040083	NaN
0.0025362	NaN
0.001431	NaN
0.00067282	NaN
0.00024147	NaN
0.00011684	NaN
0.00027883	NaN
0.00070731	NaN
0.0013822	NaN
0.0022806	NaN
0.00336	NaN
0.0045696	NaN
0.0058584	NaN
0.0071752	NaN
0.0084693	NaN
0.0096895	NaN
0.010785	NaN
0.011708	NaN
0.012441	NaN
0.01298	NaN
0.013324	NaN
0.013468	NaN
0.013411	NaN
0.013149	NaN
0.012679	NaN
0.012002	NaN
0.011142	NaN
0.010141	NaN
0.0090414	NaN
0.0078833	NaN
0.0067084	NaN
0.0055582	NaN
0.004474	NaN
0.0034954	NaN
0.0026385	NaN
0.0019037	NaN
0.001291	NaN
0.00080039	NaN
0.00043182	NaN
0.00018532	NaN
6.0884e-05	NaN
5.7824e-05	NaN
0.00016469	NaN
0.00036157	NaN
0.0006283	NaN
0.00094472	NaN
0.0012907	NaN
0.001646	NaN
0.0019906	NaN
0.0023047	NaN
0.0025781	NaN
0.002809	NaN
0.0029962	NaN
0.003138	NaN
0.0032333	NaN
0.0032805	NaN
0.0032783	NaN
0.0032254	NaN
0.0031249	NaN
0.002984	NaN
0.0028103	NaN
0.0026114	NaN
0.002395	NaN
0.0021685	NaN
0.0019396	NaN
0.0017157	NaN
0.0015022	NaN
0.0013013	NaN
0.0011153	NaN
0.00094649	NaN
0.00079711	NaN
0.00066939	NaN
0.00056558	NaN
0.00048788	NaN
0.00043626	NaN
0.0004076	NaN
0.00039855	NaN
0.00040573	NaN
0.00042579	NaN
0.00045537	NaN
0.00049111	NaN
0.00052965	NaN
0.00056857	NaN
0.0006069	NaN
0.00064383	NaN
0.00067855	NaN
0.00071023	NaN
0.00073806	NaN
0.00076121	NaN
0.00077889	NaN
0.00079077	NaN
0.00079752	NaN
0.0007999	NaN
0.00079868	NaN
0.00079461	NaN
0.00078846	NaN
0.00078099	NaN
0.00077297	NaN
0.00076493	NaN
0.00075696	NaN
0.00074906	NaN
0.00074124	NaN
0.00073351	NaN
0.00072588	NaN
0.00071836	NaN
0.00071096	NaN
0.00070362	NaN
0.00069616	NaN
0.00068834	NaN
0.00067995	NaN
0.00067075	NaN
0.00066053	NaN
0.00064906	NaN
0.00063613	NaN
0.00062156	NaN
0.00060544	NaN
0.00058786	NaN
0.00056893	NaN
0.00054875	NaN
0.00052742	NaN
0.00050504	NaN
0.00048172	NaN
0.00045762	NaN
0.00043311	NaN
0.00040859	NaN
0.0003845	NaN
0.00036122	NaN
0.00033919	NaN
0.00031882	NaN
0.00030051	NaN
0.0002846	NaN
0.00027109	NaN
0.0002599	NaN
0.00025093	NaN
0.00024409	NaN
0.00023931	NaN
0.00023648	NaN
0.00023551	NaN
0.0002363	NaN
0.0002385	NaN
0.00024173	NaN
0.00024562	NaN
0.00024977	NaN
0.00025381	NaN
0.00025735	NaN
0.00026	NaN
0.00026145	NaN
0.0002617	NaN
0.00026089	NaN
0.00025916	NaN
0.00025665	NaN
0.00025349	NaN
0.00024983	NaN
0.0002458	NaN
0.00024152	NaN
0.0002371	NaN
0.00023261	NaN
0.00022811	NaN
0.00022368	NaN
0.0002194	NaN
0.00021534	NaN
0.00021157	NaN
0.00020815	NaN
0.00020501	NaN
0.00020203	NaN
0.00019908	NaN
0.00019604	NaN
0.00019278	NaN
0.00018916	NaN
0.00018507	NaN
0.00018039	NaN
0.00017515	NaN
0.00016943	NaN
0.00016336	NaN
0.00015702	NaN
0.00015051	NaN
0.00014395	NaN
0.00013743	NaN
0.00013104	NaN
0.00012486	NaN
0.00011892	NaN
0.00011325	NaN
0.0001079	NaN
0.0001029	NaN
9.8292e-05	NaN
9.411e-05	NaN
9.0391e-05	NaN
8.7134e-05	NaN
8.4312e-05	NaN
8.1896e-05	NaN
7.9858e-05	NaN
7.8169e-05	NaN
7.6801e-05	NaN
7.5725e-05	NaN
7.4912e-05	NaN
7.4338e-05	NaN
7.3979e-05	NaN
7.3813e-05	NaN
7.3819e-05	NaN
7.3972e-05	NaN
7.4251e-05	NaN
7.4632e-05	NaN
7.5093e-05	NaN
7.559e-05	NaN
7.6055e-05	NaN
7.6423e-05	NaN
7.6625e-05	NaN
7.6594e-05	NaN
7.6265e-05	NaN
7.5568e-05	NaN
7.444e-05	NaN
7.2866e-05	NaN
7.0894e-05	NaN
6.8576e-05	NaN
6.5964e-05	NaN
6.3109e-05	NaN
6.0063e-05	NaN
5.6877e-05	NaN
5.3605e-05	NaN
5.0301e-05	NaN
4.703e-05	NaN
4.3856e-05	NaN
4.0842e-05	NaN
3.8052e-05	NaN
3.5551e-05	NaN
3.3402e-05	NaN
3.1668e-05	NaN
3.0375e-05	NaN
2.9488e-05	NaN
2.8966e-05	NaN
2.8767e-05	NaN
2.8852e-05	NaN
2.918e-05	NaN
2.9709e-05	NaN
3.04e-05	NaN
3.1204e-05	NaN
3.2065e-05	NaN
3.2924e-05	NaN
3.372e-05	NaN
3.4396e-05	NaN
3.4891e-05	NaN
3.5147e-05	NaN
3.5105e-05	NaN
3.4736e-05	NaN
3.4074e-05	NaN
3.3164e-05	NaN
3.2048e-05	NaN
3.0771e-05	NaN
2.9375e-05	NaN
2.7904e-05	NaN
2.6402e-05	NaN
2.4902e-05	NaN
2.3416e-05	NaN
2.1951e-05	NaN
2.0514e-05	NaN
1.9113e-05	NaN
1.7756e-05	NaN
1.645e-05	NaN
1.5201e-05	NaN
1.4017e-05	NaN
1.29e-05	NaN
1.1852e-05	NaN
1.0874e-05	NaN
9.9681e-06	NaN
9.1364e-06	NaN
8.3807e-06	NaN
7.7027e-06	NaN
7.1025e-06	NaN
6.5739e-06	NaN
6.1095e-06	NaN
5.7018e-06	NaN
5.3435e-06	NaN
5.027e-06	NaN
4.7449e-06	NaN
4.4898e-06	NaN
4.2548e-06	NaN
4.0357e-06	NaN
3.8288e-06	NaN
3.6307e-06	NaN
3.4376e-06	NaN
3.2459e-06	NaN
3.0522e-06	NaN
2.8527e-06	NaN
2.6448e-06	NaN
2.4307e-06	NaN
2.214e-06	NaN
1.9982e-06	NaN
1.7869e-06	NaN
1.5837e-06	NaN
1.3922e-06	NaN
1.2159e-06	NaN
1.058e-06	NaN
9.1916e-07	NaN
7.9923e-07	NaN
6.9802e-07	NaN
6.1532e-07	NaN
5.5096e-07	NaN
5.0474e-07	NaN
4.7649e-07	NaN
4.6582e-07	NaN
4.7118e-07	NaN
4.9047e-07	NaN
5.2161e-07	NaN
5.6252e-07	NaN
6.1111e-07	NaN
6.6531e-07	NaN
7.2303e-07	NaN
7.8217e-07	NaN
8.4047e-07	NaN
8.9564e-07	NaN
9.4534e-07	NaN
9.8727e-07	NaN
1.0191e-06	NaN
1.0385e-06	NaN
1.0432e-06	NaN
1.0313e-06	NaN
1.0045e-06	NaN
9.669e-07	NaN
9.2241e-07	NaN
8.7505e-07	NaN
8.288e-07	NaN
7.8765e-07	NaN
7.5558e-07	NaN
7.3627e-07	NaN
7.2952e-07	NaN
7.3261e-07	NaN
7.428e-07	NaN
7.5732e-07	NaN
7.7342e-07	NaN
7.8835e-07	NaN
7.9934e-07	NaN
8.0377e-07	NaN
8.0088e-07	NaN
7.9135e-07	NaN
7.7587e-07	NaN
7.5514e-07	NaN
7.2988e-07	NaN
7.0076e-07	NaN
6.6851e-07	NaN
6.3382e-07	NaN
5.9764e-07	NaN
5.6108e-07	NaN
5.2527e-07	NaN
4.9133e-07	NaN
4.604e-07	NaN
4.336e-07	NaN
4.1206e-07	NaN
3.9686e-07	NaN
3.8807e-07	NaN
3.8471e-07	NaN
3.8576e-07	NaN
3.9022e-07	NaN
3.9705e-07	NaN
4.0526e-07	NaN
4.1381e-07	NaN
4.2169e-07	NaN
4.2805e-07	NaN
4.3217e-07	NaN
4.3336e-07	NaN
4.3095e-07	NaN
4.2422e-07	NaN
4.125e-07	NaN
3.9508e-07	NaN
3.7131e-07	NaN
3.4141e-07	NaN
3.0682e-07	NaN
2.6907e-07	NaN
2.2968e-07	NaN
1.9019e-07	NaN
1.5212e-07	NaN
1.17e-07	NaN
8.6348e-08	NaN
6.1333e-08	NaN
4.2558e-08	NaN
3.0581e-08	NaN
2.5959e-08	NaN
2.9248e-08	NaN
4.1007e-08	NaN
6.1793e-08	NaN
9.2152e-08	NaN
1.3159e-07	NaN
1.7771e-07	NaN
2.2793e-07	NaN
2.7966e-07	NaN
3.3031e-07	NaN
3.7731e-07	NaN
4.1805e-07	NaN
4.4996e-07	NaN
4.7167e-07	NaN
4.8437e-07	NaN
4.8957e-07	NaN
4.8879e-07	NaN
4.8352e-07	NaN
4.753e-07	NaN
4.6562e-07	NaN
4.5599e-07	NaN
4.4766e-07	NaN
4.412e-07	NaN
4.3707e-07	NaN
4.3573e-07	NaN
4.3766e-07	NaN
4.4332e-07	NaN
4.5318e-07	NaN
4.6771e-07	NaN
4.87e-07	NaN
5.1012e-07	NaN
5.3591e-07	NaN
5.6326e-07	NaN
5.9102e-07	NaN
6.1806e-07	NaN
6.4324e-07	NaN
6.6543e-07	NaN
6.8349e-07	NaN
6.9628e-07	NaN
7.0268e-07	NaN
7.0154e-07	NaN
6.9172e-07	NaN
6.721e-07	NaN
6.4154e-07	NaN
5.9889e-07	NaN
3.2873e-07	NaN
3.0873e-07	NaN
2.8841e-07	NaN
2.6808e-07	NaN
2.4809e-07	NaN
