1.7209e-07	NaN
1.6428e-07	NaN
1.5362e-07	NaN
1.4067e-07	NaN
1.2596e-07	NaN
1.1004e-07	NaN
9.345e-08	NaN
7.6742e-08	NaN
6.0457e-08	NaN
4.5139e-08	NaN
3.1333e-08	NaN
1.9582e-08	NaN
1.0433e-08	NaN
4.4284e-09	NaN
2.1133e-09	NaN
4.0322e-09	NaN
1.0729e-08	NaN
2.275e-08	NaN
4.0638e-08	NaN
6.4937e-08	NaN
9.6194e-08	NaN
1.3495e-07	NaN
1.8164e-07	NaN
2.3591e-07	NaN
2.9712e-07	NaN
3.6461e-07	NaN
4.3773e-07	NaN
5.1582e-07	NaN
5.9823e-07	NaN
6.843e-07	NaN
7.7323e-07	NaN
8.6304e-07	NaN
9.5122e-07	NaN
1.0352e-06	NaN
1.1125e-06	NaN
1.1805e-06	NaN
1.2368e-06	NaN
1.2787e-06	NaN
1.3041e-06	NaN
1.3131e-06	NaN
1.3074e-06	NaN
1.2886e-06	NaN
1.2585e-06	NaN
1.2186e-06	NaN
1.1705e-06	NaN
1.1161e-06	NaN
1.0567e-06	NaN
9.9379e-07	NaN
9.2818e-07	NaN
8.6089e-07	NaN
7.9287e-07	NaN
7.251e-07	NaN
6.5854e-07	NaN
5.9415e-07	NaN
5.3297e-07	NaN
4.7691e-07	NaN
4.2857e-07	NaN
3.9053e-07	NaN
3.6541e-07	NaN
3.558e-07	NaN
3.6429e-07	NaN
3.935e-07	NaN
4.4585e-07	NaN
5.2087e-07	NaN
6.1558e-07	NaN
7.2692e-07	NaN
8.5183e-07	NaN
9.8725e-07	NaN
1.1301e-06	NaN
1.2774e-06	NaN
1.4261e-06	NaN
1.5735e-06	NaN
1.7178e-06	NaN
1.8568e-06	NaN
1.9885e-06	NaN
2.111e-06	NaN
2.2221e-06	NaN
2.3198e-06	NaN
2.4022e-06	NaN
2.4674e-06	NaN
2.5137e-06	NaN
2.5394e-06	NaN
2.5429e-06	NaN
2.5226e-06	NaN
2.4767e-06	NaN
2.4036e-06	NaN
2.3017e-06	NaN
2.1734e-06	NaN
2.0258e-06	NaN
1.8666e-06	NaN
1.7033e-06	NaN
1.5437e-06	NaN
1.3953e-06	NaN
1.2657e-06	NaN
1.1626e-06	NaN
1.0952e-06	NaN
1.075e-06	NaN
1.1138e-06	NaN
1.2234e-06	NaN
1.4155e-06	NaN
1.702e-06	NaN
2.0945e-06	NaN
2.6049e-06	NaN
3.2456e-06	NaN
4.0305e-06	NaN
4.9735e-06	NaN
6.0885e-06	NaN
7.3895e-06	NaN
8.8905e-06	NaN
1.0605e-05	NaN
1.2548e-05	NaN
1.4732e-05	NaN
1.7172e-05	NaN
1.9883e-05	NaN
2.2878e-05	NaN
2.6171e-05	NaN
2.9777e-05	NaN
3.371e-05	NaN
3.7984e-05	NaN
4.2613e-05	NaN
4.7606e-05	NaN
5.2974e-05	NaN
5.8727e-05	NaN
6.4875e-05	NaN
7.1428e-05	NaN
7.8397e-05	NaN
8.579e-05	NaN
9.3632e-05	NaN
0.00010198	NaN
0.00011088	NaN
0.00012041	NaN
0.00013063	NaN
0.00014159	NaN
0.00015336	NaN
0.00016599	NaN
0.00017952	NaN
0.00019383	NaN
0.0002088	NaN
0.00022429	NaN
0.00024019	NaN
0.00025635	NaN
0.00027265	NaN
0.00028897	NaN
0.00030518	NaN
0.00032126	NaN
0.00033718	NaN
0.00035292	NaN
0.00036846	NaN
0.00038379	NaN
0.00039889	NaN
0.00041373	NaN
0.00042828	NaN
0.00044248	NaN
0.00045624	NaN
0.00046945	NaN
0.00048205	NaN
0.00049394	NaN
0.00050503	NaN
0.00051524	NaN
0.00052452	NaN
0.00053302	NaN
0.00054098	NaN
0.00054862	NaN
0.00055616	NaN
0.00056385	NaN
0.00057191	NaN
0.00058056	NaN
0.00059002	NaN
0.0006004	NaN
0.00061176	NaN
0.00062419	NaN
0.00063775	NaN
0.00065251	NaN
0.00066854	NaN
0.00068591	NaN
0.00070465	NaN
0.00072454	NaN
0.00074521	NaN
0.00076631	NaN
0.00078747	NaN
0.00080834	NaN
0.00082856	NaN
0.00084776	NaN
0.00086562	NaN
0.000882	NaN
0.00089686	NaN
0.00091019	NaN
0.00092196	NaN
0.00093215	NaN
0.00094072	NaN
0.00094766	NaN
0.00095294	NaN
0.00095659	NaN
0.00095869	NaN
0.00095929	NaN
0.00095847	NaN
0.00095628	NaN
0.0009528	NaN
0.00094809	NaN
0.00094221	NaN
0.00093513	NaN
0.00092675	NaN
0.00091699	NaN
0.00090574	NaN
0.00089292	NaN
0.00087842	NaN
0.00086215	NaN
0.00084404	NaN
0.00082436	NaN
0.00080366	NaN
0.00078252	NaN
0.0007615	NaN
0.00074117	NaN
0.00072209	NaN
0.00070484	NaN
0.00068999	NaN
0.0006781	NaN
0.00066976	NaN
0.00066554	NaN
0.00066602	NaN
0.00067178	NaN
0.0006834	NaN
0.00070145	NaN
0.00072651	NaN
0.000759	NaN
0.00079916	NaN
0.00084725	NaN
0.0009035	NaN
0.00096816	NaN
0.0010415	NaN
0.0011237	NaN
0.001215	NaN
0.0013153	NaN
0.0014238	NaN
0.0015398	NaN
0.0016626	NaN
0.0017913	NaN
0.0019254	NaN
0.002064	NaN
0.0022064	NaN
0.0023516	NaN
0.0024984	NaN
0.0026455	NaN
0.0027916	NaN
0.0029355	NaN
0.0030758	NaN
0.0032112	NaN
0.0033406	NaN
0.0034629	NaN
0.0035776	NaN
0.0036844	NaN
0.0037826	NaN
0.0038721	NaN
0.0039522	NaN
0.0040226	NaN
0.0040828	NaN
0.0041327	NaN
0.0041725	NaN
0.0042027	NaN
0.0042236	NaN
0.0042356	NaN
0.004239	NaN
0.0042342	NaN
0.0042216	NaN
0.0042017	NaN
0.0041753	NaN
0.0041432	NaN
0.0041063	NaN
0.0040653	NaN
0.0040212	NaN
0.0039747	NaN
0.0039268	NaN
0.0038783	NaN
0.0038306	NaN
0.0037851	NaN
0.0037432	NaN
0.0037063	NaN
0.0036758	NaN
0.003653	NaN
0.0036393	NaN
0.0036358	NaN
0.0036417	NaN
0.0036562	NaN
0.0036783	NaN
0.0037072	NaN
0.0037418	NaN
0.0037814	NaN
0.0038249	NaN
0.0038715	NaN
0.00392	NaN
0.0039694	NaN
0.0040187	NaN
0.0040667	NaN
0.0041124	NaN
0.0041546	NaN
0.0041923	NaN
0.0042249	NaN
0.0042534	NaN
0.0042794	NaN
0.0043048	NaN
0.004331	NaN
0.0043597	NaN
0.0043926	NaN
0.0044313	NaN
0.0044772	NaN
0.0045304	NaN
0.0045905	NaN
0.0046572	NaN
0.0047302	NaN
0.004809	NaN
0.0048934	NaN
0.004983	NaN
0.0050774	NaN
0.0051758	NaN
0.0052776	NaN
0.0053819	NaN
0.005488	NaN
0.0055951	NaN
0.0057023	NaN
0.0058088	NaN
0.0059142	NaN
0.0060187	NaN
0.0061234	NaN
0.0062292	NaN
0.0063371	NaN
0.0064481	NaN
0.0065631	NaN
0.0066831	NaN
0.006809	NaN
0.0069409	NaN
0.0070787	NaN
0.0072221	NaN
0.0073708	NaN
0.0075248	NaN
0.0076837	NaN
0.0078474	NaN
0.0080155	NaN
0.0081866	NaN
0.0083585	NaN
0.0085292	NaN
0.0086963	NaN
0.0088579	NaN
0.0090117	NaN
0.0091556	NaN
0.0092874	NaN
0.0094059	NaN
0.0095102	NaN
0.0095994	NaN
0.0096727	NaN
0.0097292	NaN
0.0097682	NaN
0.0097886	NaN
0.0097899	NaN
0.0097719	NaN
0.0097356	NaN
0.0096816	NaN
0.0096107	NaN
0.0095238	NaN
0.0094216	NaN
0.0093049	NaN
0.0091744	NaN
0.0090305	NaN
0.0088731	NaN
0.0087021	NaN
0.0085174	NaN
0.008319	NaN
0.0081066	NaN
0.0078804	NaN
0.00764	NaN
0.0073863	NaN
0.0071209	NaN
0.0068453	NaN
0.006561	NaN
0.0062698	NaN
0.0059731	NaN
0.0056727	NaN
0.00537	NaN
0.0050667	NaN
0.0047644	NaN
0.0044646	NaN
0.0041691	NaN
0.0038794	NaN
0.0035971	NaN
0.0033238	NaN
0.0030611	NaN
0.0028101	NaN
0.0025705	NaN
0.0023425	NaN
0.0021259	NaN
0.0019207	NaN
0.0017267	NaN
0.0015439	NaN
0.0013722	NaN
0.0012117	NaN
0.0010623	NaN
0.0009242	NaN
0.0007975	NaN
0.00068228	NaN
0.00057863	NaN
0.00048666	NaN
0.00040645	NaN
0.00033775	NaN
0.00027959	NaN
0.00023093	NaN
0.00019074	NaN
0.00015796	NaN
0.00013157	NaN
0.00011051	NaN
9.3744e-05	NaN
8.0483e-05	NaN
7.0502e-05	NaN
6.3657e-05	NaN
5.9806e-05	NaN
5.8804e-05	NaN
6.0509e-05	NaN
6.4777e-05	NaN
7.1466e-05	NaN
8.0608e-05	NaN
9.2713e-05	NaN
0.00010837	NaN
0.00012816	NaN
0.00015269	NaN
0.00018252	NaN
0.00021827	NaN
0.0002605	NaN
0.00031021	NaN
0.00036964	NaN
0.00044128	NaN
0.00052762	NaN
0.00063115	NaN
0.00075436	NaN
0.00089975	NaN
0.0010698	NaN
0.0012671	NaN
0.0014947	NaN
0.0017556	NaN
0.0020529	NaN
0.0023898	NaN
0.0027693	NaN
0.0031945	NaN
0.0036685	NaN
0.0041954	NaN
0.0047841	NaN
0.0054446	NaN
0.0061869	NaN
0.0070212	NaN
0.0079575	NaN
0.0090058	NaN
0.010176	NaN
0.011482	NaN
0.012952	NaN
0.01462	NaN
0.01652	NaN
0.018687	NaN
0.021154	NaN
0.023955	NaN
0.027125	NaN
0.030698	NaN
0.034716	NaN
0.039222	NaN
0.04426	NaN
0.049873	NaN
0.056105	NaN
0.062999	NaN
0.0706	NaN
0.07895	NaN
0.088096	NaN
0.098086	NaN
0.10897	-0.66207
0.12079	-0.65188
0.1336	-0.64093
0.14744	-0.62927
0.16236	-0.61694
0.17841	-0.60398
0.19557	-0.59044
0.21381	-0.57638
0.2331	-0.56185
0.2534	-0.5469
0.27468	-0.53158
0.2969	-0.51596
0.32002	-0.50007
0.34402	-0.48398
0.36882	-0.46766
0.39434	-0.45107
0.4205	-0.43415
0.44722	-0.41686
0.47442	-0.39915
0.50201	-0.38096
0.52991	-0.36225
0.55804	-0.34298
0.58632	-0.32319
0.61467	-0.303
0.64303	-0.28255
0.67131	-0.26196
0.69944	-0.24134
0.72735	-0.22082
0.75495	-0.20052
0.78217	-0.18057
0.80883	-0.16108
0.83469	-0.14216
0.85949	-0.12394
0.88298	-0.10652
0.9049	-0.090008
0.92501	-0.074529
0.94306	-0.060193
0.95879	-0.047111
0.97207	-0.035382
0.98284	-0.025092
0.99106	-0.016324
0.99669	-0.0091626
0.99969	-0.0036933
1	0
0.99759	0.0018326
0.99241	0.0017219
0.98459	-0.00036449
0.97442	-0.004405
0.96221	-0.010376
0.94826	-0.018252
0.93287	-0.02801
0.91635	-0.039625
0.899	-0.053074
0.88112	-0.068333
0.86288	-0.085423
0.84432	-0.10442
0.82543	-0.12541
0.80625	-0.14847
0.78677	-0.17369
0.76702	-0.20113
0.747	-0.23089
0.72674	-0.26304
0.70619	-0.29755
0.68525	-0.33427
0.66381	-0.373
0.64177	-0.41357
0.619	-0.45579
0.59541	-0.49949
0.57088	-0.54448
0.5453	-0.59059
0.51868	-0.63786
0.4912	-0.6867
0.46307	-0.73755
0.43449	-0.79088
0.40567	-0.84711
0.37682	-0.9067
0.34813	-0.9701
0.31981	-1.0377
0.29207	-1.1093
0.2651	-1.183
0.2391	-1.2569
0.21427	-1.3291
0.19079	-1.3975
0.16888	-1.4602
0.14872	-1.5154
0.13051	-1.561
0.11437	-1.598
0.10022	-1.6342
0.087965	NaN
0.077505	NaN
0.068742	NaN
0.061578	NaN
0.055915	NaN
0.051655	NaN
0.048693	NaN
0.046916	NaN
0.046207	NaN
0.046449	NaN
0.047525	NaN
0.049318	NaN
0.051711	NaN
0.054588	NaN
0.057831	NaN
0.061327	NaN
0.064958	NaN
0.068609	NaN
0.072166	NaN
0.075513	NaN
0.078534	NaN
0.081114	NaN
0.083159	NaN
0.084655	NaN
0.085605	NaN
0.086013	NaN
0.08588	NaN
0.085212	NaN
0.084011	NaN
0.08228	NaN
0.080032	NaN
0.07732	NaN
0.074209	NaN
0.070762	NaN
0.067044	NaN
0.063119	NaN
0.05905	NaN
0.054902	NaN
0.050735	NaN
0.046585	NaN
0.042482	NaN
0.038455	NaN
0.034536	NaN
0.030752	NaN
0.027134	NaN
0.023712	NaN
0.020514	NaN
0.017563	NaN
0.014879	NaN
0.012482	NaN
0.010393	NaN
0.0086305	NaN
0.0072161	NaN
0.0061698	NaN
0.0055066	NaN
0.0052065	NaN
0.005234	NaN
0.0055534	NaN
0.0061292	NaN
0.0069259	NaN
0.0079078	NaN
0.0090394	NaN
0.010285	NaN
0.011604	NaN
0.012956	NaN
0.014299	NaN
0.015592	NaN
0.016792	NaN
0.017859	NaN
0.018752	NaN
0.019431	NaN
0.019888	NaN
0.020134	NaN
0.020179	NaN
0.020032	NaN
0.019703	NaN
0.019204	NaN
0.018543	NaN
0.017732	NaN
0.01679	NaN
0.015742	NaN
0.014612	NaN
0.013425	NaN
0.012205	NaN
0.010979	NaN
0.0097701	NaN
0.0086029	NaN
0.0074916	NaN
0.006442	NaN
0.00546	NaN
0.0045515	NaN
0.0037222	NaN
0.002978	NaN
0.0023247	NaN
0.0017676	NaN
0.0013052	NaN
0.00092905	NaN
0.00063069	NaN
0.00040161	NaN
0.00023329	NaN
0.0001172	NaN
4.4822e-05	NaN
7.7045e-06	NaN
1.1998e-06	NaN
1.2559e-05	NaN
4.3503e-05	NaN
8.6154e-05	NaN
0.00013503	NaN
0.00018466	NaN
0.00022956	NaN
0.00026435	NaN
0.00028678	NaN
0.00029842	NaN
0.0003011	NaN
0.00029661	NaN
0.00028676	NaN
0.00027335	NaN
0.0002582	NaN
0.0002431	NaN
0.00022919	NaN
0.00021669	NaN
0.00020576	NaN
0.00019655	NaN
0.00018922	NaN
0.00018392	NaN
0.0001808	NaN
0.00018003	NaN
0.00018146	NaN
0.00018454	NaN
0.00018864	NaN
0.00019316	NaN
0.00019748	NaN
0.000201	NaN
0.00020308	NaN
0.00020313	NaN
0.0002008	NaN
0.00019624	NaN
0.00018965	NaN
0.00018124	NaN
0.00017122	NaN
0.00015979	NaN
0.00014715	NaN
0.00013352	NaN
0.00011916	NaN
0.00010447	NaN
8.9861e-05	NaN
7.5751e-05	NaN
6.2555e-05	NaN
5.0691e-05	NaN
4.0572e-05	NaN
3.2615e-05	NaN
2.7073e-05	NaN
2.3786e-05	NaN
2.2527e-05	NaN
2.307e-05	NaN
2.5187e-05	NaN
2.8652e-05	NaN
3.3238e-05	NaN
3.8718e-05	NaN
4.4846e-05	NaN
5.1315e-05	NaN
5.7805e-05	NaN
6.3998e-05	NaN
6.9576e-05	NaN
7.422e-05	NaN
7.7611e-05	NaN
7.943e-05	NaN
7.9466e-05	NaN
7.7888e-05	NaN
7.4946e-05	NaN
7.0896e-05	NaN
6.5988e-05	NaN
6.0476e-05	NaN
5.4613e-05	NaN
4.8651e-05	NaN
4.2811e-05	NaN
3.7179e-05	NaN
3.1808e-05	NaN
2.6749e-05	NaN
2.2052e-05	NaN
1.7771e-05	NaN
1.3955e-05	NaN
1.0658e-05	NaN
7.9171e-06	NaN
5.7063e-06	NaN
3.9795e-06	NaN
2.6906e-06	NaN
1.7935e-06	NaN
1.2419e-06	NaN
9.8972e-07	NaN
9.9083e-07	NaN
1.2006e-06	NaN
1.5835e-06	NaN
2.1071e-06	NaN
2.7392e-06	NaN
3.4475e-06	NaN
4.1997e-06	NaN
4.9635e-06	NaN
5.7066e-06	NaN
6.3996e-06	NaN
7.0335e-06	NaN
7.608e-06	NaN
8.1228e-06	NaN
8.5777e-06	NaN
8.9722e-06	NaN
9.3062e-06	NaN
9.5793e-06	NaN
9.79e-06	NaN
9.9276e-06	NaN
9.9764e-06	NaN
9.9208e-06	NaN
9.7451e-06	NaN
9.4338e-06	NaN
8.9713e-06	NaN
8.3419e-06	NaN
7.536e-06	NaN
6.6037e-06	NaN
5.6297e-06	NaN
4.6992e-06	NaN
3.8972e-06	NaN
3.3087e-06	NaN
3.0189e-06	NaN
3.1128e-06	NaN
3.6681e-06	NaN
4.6725e-06	NaN
6.0533e-06	NaN
7.7369e-06	NaN
9.6495e-06	NaN
1.1718e-05	NaN
1.3867e-05	NaN
1.6025e-05	NaN
1.8119e-05	NaN
2.0089e-05	NaN
2.1889e-05	NaN
2.3472e-05	NaN
2.4791e-05	NaN
2.58e-05	NaN
2.6451e-05	NaN
2.6698e-05	NaN
2.6496e-05	NaN
2.5864e-05	NaN
2.4875e-05	NaN
2.3601e-05	NaN
2.2118e-05	NaN
2.05e-05	NaN
1.8821e-05	NaN
1.7155e-05	NaN
1.5576e-05	NaN
1.4124e-05	NaN
1.2808e-05	NaN
1.1635e-05	NaN
1.0612e-05	NaN
9.745e-06	NaN
9.0413e-06	NaN
8.5078e-06	NaN
8.1509e-06	NaN
7.9711e-06	NaN
7.9606e-06	NaN
8.1116e-06	NaN
8.416e-06	NaN
8.866e-06	NaN
9.4536e-06	NaN
1.0171e-05	NaN
1.1009e-05	NaN
1.195e-05	NaN
1.2959e-05	NaN
1.4e-05	NaN
1.5038e-05	NaN
1.6038e-05	NaN
1.6965e-05	NaN
1.7783e-05	NaN
1.8457e-05	NaN
1.8976e-05	NaN
1.9368e-05	NaN
1.9663e-05	NaN
1.9893e-05	NaN
2.0088e-05	NaN
2.0279e-05	NaN
2.0497e-05	NaN
2.0773e-05	NaN
2.1122e-05	NaN
2.1527e-05	NaN
2.1971e-05	NaN
2.2434e-05	NaN
2.2898e-05	NaN
2.3344e-05	NaN
2.3754e-05	NaN
2.4109e-05	NaN
2.4396e-05	NaN
2.4615e-05	NaN
2.4768e-05	NaN
2.4857e-05	NaN
2.4884e-05	NaN
2.485e-05	NaN
2.4757e-05	NaN
2.4607e-05	NaN
2.4402e-05	NaN
2.4138e-05	NaN
2.3816e-05	NaN
2.3433e-05	NaN
2.2986e-05	NaN
2.2476e-05	NaN
2.1899e-05	NaN
2.1254e-05	NaN
2.0544e-05	NaN
1.9785e-05	NaN
1.8994e-05	NaN
1.8189e-05	NaN
1.7389e-05	NaN
1.6611e-05	NaN
1.5874e-05	NaN
1.5196e-05	NaN
1.4593e-05	NaN
1.4078e-05	NaN
1.3664e-05	NaN
1.3363e-05	NaN
1.3187e-05	NaN
1.3148e-05	NaN
1.3259e-05	NaN
1.3531e-05	NaN
1.3966e-05	NaN
1.4521e-05	NaN
1.514e-05	NaN
1.577e-05	NaN
1.6356e-05	NaN
1.6843e-05	NaN
1.7177e-05	NaN
1.7303e-05	NaN
1.7177e-05	NaN
1.6815e-05	NaN
1.6248e-05	NaN
1.5506e-05	NaN
1.4621e-05	NaN
1.3624e-05	NaN
1.2547e-05	NaN
1.142e-05	NaN
1.0275e-05	NaN
9.1304e-06	NaN
8.0065e-06	NaN
6.921e-06	NaN
5.8922e-06	NaN
4.9385e-06	NaN
4.0781e-06	NaN
3.3293e-06	NaN
2.7074e-06	NaN
2.2064e-06	NaN
1.8116e-06	NaN
1.5084e-06	NaN
1.282e-06	NaN
1.1178e-06	NaN
1.001e-06	NaN
9.1707e-07	NaN
8.5217e-07	NaN
8.0097e-07	NaN
7.6208e-07	NaN
7.3413e-07	NaN
7.1578e-07	NaN
7.0567e-07	NaN
7.0244e-07	NaN
7.0474e-07	NaN
7.1123e-07	NaN
7.208e-07	NaN
7.3251e-07	NaN
7.4536e-07	NaN
7.584e-07	NaN
7.7066e-07	NaN
7.8117e-07	NaN
7.8896e-07	NaN
7.9312e-07	NaN
7.935e-07	NaN
7.9041e-07	NaN
7.8419e-07	NaN
7.7515e-07	NaN
7.6364e-07	NaN
7.4998e-07	NaN
7.345e-07	NaN
7.1752e-07	NaN
6.9936e-07	NaN
6.8028e-07	NaN
6.6056e-07	NaN
6.4049e-07	NaN
6.2033e-07	NaN
6.0037e-07	NaN
5.8088e-07	NaN
5.6213e-07	NaN
5.4428e-07	NaN
5.2736e-07	NaN
5.1144e-07	NaN
4.9653e-07	NaN
4.827e-07	NaN
4.6998e-07	NaN
4.5842e-07	NaN
4.4804e-07	NaN
4.3844e-07	NaN
4.2881e-07	NaN
4.1831e-07	NaN
4.0609e-07	NaN
3.9133e-07	NaN
3.7317e-07	NaN
3.5078e-07	NaN
3.2336e-07	NaN
2.912e-07	NaN
2.5585e-07	NaN
2.1894e-07	NaN
1.8212e-07	NaN
1.4701e-07	NaN
1.1524e-07	NaN
8.8442e-08	NaN
6.8229e-08	NaN
5.5044e-08	NaN
4.7773e-08	NaN
4.5194e-08	NaN
4.6083e-08	NaN
4.9216e-08	NaN
5.337e-08	NaN
5.7321e-08	NaN
5.9855e-08	NaN
6.0319e-08	NaN
5.8931e-08	NaN
5.5989e-08	NaN
5.1787e-08	NaN
4.6624e-08	NaN
4.0794e-08	NaN
3.4594e-08	NaN
2.8319e-08	NaN
2.2235e-08	NaN
1.6548e-08	NaN
1.1463e-08	NaN
7.1803e-09	NaN
3.9028e-09	NaN
1.8328e-09	NaN
1.1724e-09	NaN
2.1234e-09	NaN
4.7859e-09	NaN
9.0468e-09	NaN
1.4766e-08	NaN
2.1802e-08	NaN
3.0016e-08	NaN
3.9267e-08	NaN
4.9415e-08	NaN
6.0318e-08	NaN
7.1705e-08	NaN
8.298e-08	NaN
9.3496e-08	NaN
1.0261e-07	NaN
1.0968e-07	NaN
1.1405e-07	NaN
1.1508e-07	NaN
1.1213e-07	NaN
1.0491e-07	NaN
9.4163e-08	NaN
8.0824e-08	NaN
6.5822e-08	NaN
5.0088e-08	NaN
3.4553e-08	NaN
2.0147e-08	NaN
7.8008e-09	NaN
1.5539e-09	NaN
6.9867e-09	NaN
7.5669e-09	NaN
2.3636e-09	NaN
9.554e-09	NaN
2.9117e-08	NaN
5.7255e-08	NaN
9.4901e-08	NaN
1.7302e-07	NaN
1.77e-07	NaN
1.7651e-07	NaN
