1.9368e-07	NaN
1.8156e-07	NaN
1.7171e-07	NaN
1.6403e-07	NaN
1.5841e-07	NaN
1.5473e-07	NaN
1.5288e-07	NaN
1.5275e-07	NaN
1.5424e-07	NaN
1.5723e-07	NaN
1.6161e-07	NaN
1.6727e-07	NaN
1.741e-07	NaN
1.8199e-07	NaN
1.9086e-07	NaN
2.0085e-07	NaN
2.1213e-07	NaN
2.2492e-07	NaN
2.3939e-07	NaN
2.5575e-07	NaN
2.7418e-07	NaN
2.9489e-07	NaN
3.1801e-07	NaN
3.4336e-07	NaN
3.7063e-07	NaN
3.995e-07	NaN
4.2965e-07	NaN
4.6077e-07	NaN
4.9253e-07	NaN
5.2462e-07	NaN
5.5679e-07	NaN
5.8935e-07	NaN
6.2282e-07	NaN
6.5778e-07	NaN
6.9477e-07	NaN
7.3434e-07	NaN
7.7706e-07	NaN
8.2346e-07	NaN
8.7407e-07	NaN
9.2897e-07	NaN
9.8806e-07	NaN
1.0512e-06	NaN
1.1183e-06	NaN
1.1892e-06	NaN
1.2638e-06	NaN
1.3419e-06	NaN
1.4233e-06	NaN
1.5055e-06	NaN
1.5844e-06	NaN
1.6562e-06	NaN
1.717e-06	NaN
1.7628e-06	NaN
1.7896e-06	NaN
1.7935e-06	NaN
1.7709e-06	NaN
1.7223e-06	NaN
1.6511e-06	NaN
1.5611e-06	NaN
1.4558e-06	NaN
1.3388e-06	NaN
1.2139e-06	NaN
1.0845e-06	NaN
9.543e-07	NaN
8.26e-07	NaN
7.0157e-07	NaN
5.8299e-07	NaN
4.7221e-07	NaN
3.712e-07	NaN
2.8191e-07	NaN
2.0631e-07	NaN
1.464e-07	NaN
1.0492e-07	NaN
8.5346e-08	NaN
9.1206e-08	NaN
1.2601e-07	NaN
1.9328e-07	NaN
2.9654e-07	NaN
4.3929e-07	NaN
6.2511e-07	NaN
8.5942e-07	NaN
1.1497e-06	NaN
1.5035e-06	NaN
1.9285e-06	NaN
2.4322e-06	NaN
3.0222e-06	NaN
3.7062e-06	NaN
4.4917e-06	NaN
5.3836e-06	NaN
6.3837e-06	NaN
7.4932e-06	NaN
8.7136e-06	NaN
1.0046e-05	NaN
1.1493e-05	NaN
1.3054e-05	NaN
1.4732e-05	NaN
1.6516e-05	NaN
1.8381e-05	NaN
2.03e-05	NaN
2.2245e-05	NaN
2.4189e-05	NaN
2.6105e-05	NaN
2.7965e-05	NaN
2.9742e-05	NaN
3.1419e-05	NaN
3.2994e-05	NaN
3.4469e-05	NaN
3.5844e-05	NaN
3.712e-05	NaN
3.8299e-05	NaN
3.9381e-05	NaN
4.0367e-05	NaN
4.1263e-05	NaN
4.2088e-05	NaN
4.2861e-05	NaN
4.36e-05	NaN
4.4326e-05	NaN
4.5057e-05	NaN
4.5812e-05	NaN
4.6612e-05	NaN
4.7476e-05	NaN
4.843e-05	NaN
4.9499e-05	NaN
5.0708e-05	NaN
5.2083e-05	NaN
5.365e-05	NaN
5.5434e-05	NaN
5.746e-05	NaN
5.9743e-05	NaN
6.227e-05	NaN
6.5022e-05	NaN
6.7978e-05	NaN
7.112e-05	NaN
7.4429e-05	NaN
7.7887e-05	NaN
8.1472e-05	NaN
8.5175e-05	NaN
8.9008e-05	NaN
9.2988e-05	NaN
9.7135e-05	NaN
0.00010147	NaN
0.000106	NaN
0.00011076	NaN
0.00011575	NaN
0.00012102	NaN
0.0001267	NaN
0.00013294	NaN
0.00013988	NaN
0.00014768	NaN
0.00015648	NaN
0.00016644	NaN
0.0001777	NaN
0.0001904	NaN
0.00020464	NaN
0.00022049	NaN
0.00023803	NaN
0.00025734	NaN
0.0002785	NaN
0.00030158	NaN
0.00032666	NaN
0.00035379	NaN
0.00038279	NaN
0.00041342	NaN
0.00044544	NaN
0.00047861	NaN
0.00051268	NaN
0.00054742	NaN
0.00058258	NaN
0.00061789	NaN
0.00065296	NaN
0.00068732	NaN
0.00072052	NaN
0.00075209	NaN
0.00078157	NaN
0.00080851	NaN
0.00083244	NaN
0.00085293	NaN
0.00086977	NaN
0.00088286	NaN
0.00089207	NaN
0.0008973	NaN
0.00089843	NaN
0.00089536	NaN
0.00088798	NaN
0.00087622	NaN
0.0008604	NaN
0.00084104	NaN
0.0008187	NaN
0.0007939	NaN
0.00076718	NaN
0.00073906	NaN
0.0007101	NaN
0.0006808	NaN
0.00065149	NaN
0.00062235	NaN
0.00059358	NaN
0.00056537	NaN
0.00053792	NaN
0.00051142	NaN
0.00048606	NaN
0.00046203	NaN
0.00043955	NaN
0.00041886	NaN
0.00040021	NaN
0.00038382	NaN
0.00036993	NaN
0.00035878	NaN
0.00035061	NaN
0.00034567	NaN
0.00034422	NaN
0.00034657	NaN
0.00035304	NaN
0.00036393	NaN
0.00037956	NaN
0.00040022	NaN
0.00042624	NaN
0.00045791	NaN
0.00049536	NaN
0.00053855	NaN
0.00058744	NaN
0.00064197	NaN
0.0007021	NaN
0.00076779	NaN
0.00083898	NaN
0.00091564	NaN
0.00099799	NaN
0.0010865	NaN
0.0011818	NaN
0.0012844	NaN
0.0013947	NaN
0.0015134	NaN
0.0016409	NaN
0.0017778	NaN
0.0019242	NaN
0.0020794	NaN
0.002243	NaN
0.0024143	NaN
0.0025928	NaN
0.002778	NaN
0.0029691	NaN
0.0031658	NaN
0.003367	NaN
0.0035712	NaN
0.003777	NaN
0.0039829	NaN
0.0041874	NaN
0.0043889	NaN
0.004586	NaN
0.0047771	NaN
0.0049606	NaN
0.0051342	NaN
0.0052959	NaN
0.0054435	NaN
0.0055748	NaN
0.0056877	NaN
0.0057801	NaN
0.0058498	NaN
0.0058954	NaN
0.0059177	NaN
0.0059172	NaN
0.0058947	NaN
0.0058509	NaN
0.0057866	NaN
0.0057024	NaN
0.0055992	NaN
0.0054782	NaN
0.0053418	NaN
0.0051927	NaN
0.0050336	NaN
0.0048671	NaN
0.0046958	NaN
0.0045225	NaN
0.0043497	NaN
0.0041796	NaN
0.0040124	NaN
0.0038482	NaN
0.0036871	NaN
0.0035293	NaN
0.0033746	NaN
0.0032233	NaN
0.0030753	NaN
0.002931	NaN
0.0027911	NaN
0.0026564	NaN
0.002528	NaN
0.0024067	NaN
0.0022933	NaN
0.0021888	NaN
0.0020941	NaN
0.0020099	NaN
0.0019369	NaN
0.0018752	NaN
0.0018254	NaN
0.0017877	NaN
0.0017627	NaN
0.0017506	NaN
0.0017519	NaN
0.0017668	NaN
0.0017948	NaN
0.0018351	NaN
0.0018871	NaN
0.0019499	NaN
0.002023	NaN
0.0021056	NaN
0.0021969	NaN
0.0022963	NaN
0.0024039	NaN
0.0025197	NaN
0.002644	NaN
0.0027769	NaN
0.0029186	NaN
0.0030692	NaN
0.0032289	NaN
0.0033978	NaN
0.0035758	NaN
0.0037624	NaN
0.0039575	NaN
0.0041608	NaN
0.0043718	NaN
0.0045904	NaN
0.0048162	NaN
0.0050489	NaN
0.0052879	NaN
0.0055325	NaN
0.0057819	NaN
0.0060354	NaN
0.0062923	NaN
0.0065518	NaN
0.0068133	NaN
0.007076	NaN
0.0073395	NaN
0.0076033	NaN
0.0078671	NaN
0.0081305	NaN
0.0083932	NaN
0.0086548	NaN
0.0089149	NaN
0.009173	NaN
0.0094283	NaN
0.0096792	NaN
0.0099245	NaN
0.010163	NaN
0.010393	NaN
0.010613	NaN
0.010822	NaN
0.011018	NaN
0.0112	NaN
0.011364	NaN
0.011509	NaN
0.01163	NaN
0.011727	NaN
0.011795	NaN
0.011833	NaN
0.011837	NaN
0.011807	NaN
0.011742	NaN
0.011641	NaN
0.011505	NaN
0.011333	NaN
0.011123	NaN
0.010877	NaN
0.010594	NaN
0.010276	NaN
0.0099262	NaN
0.0095497	NaN
0.0091503	NaN
0.0087323	NaN
0.0082999	NaN
0.0078572	NaN
0.0074084	NaN
0.0069572	NaN
0.0065067	NaN
0.0060601	NaN
0.0056206	NaN
0.0051913	NaN
0.0047754	NaN
0.004376	NaN
0.0039962	NaN
0.0036377	NaN
0.0033001	NaN
0.0029829	NaN
0.0026856	NaN
0.0024079	NaN
0.0021492	NaN
0.0019091	NaN
0.0016872	NaN
0.0014828	NaN
0.0012953	NaN
0.0011239	NaN
0.00096806	NaN
0.00082694	NaN
0.00069989	NaN
0.00058619	NaN
0.00048514	NaN
0.00039614	NaN
0.00031873	NaN
0.00025248	NaN
0.00019695	NaN
0.00015172	NaN
0.00011635	NaN
9.0406e-05	NaN
7.3453e-05	NaN
6.4821e-05	NaN
6.3381e-05	NaN
6.795e-05	NaN
7.7343e-05	NaN
9.0377e-05	NaN
0.00010587	NaN
0.00012263	NaN
0.00013949	NaN
0.00015558	NaN
0.00017078	NaN
0.0001851	NaN
0.00019851	NaN
0.00021101	NaN
0.00022259	NaN
0.00023325	NaN
0.00024296	NaN
0.00025172	NaN
0.00025951	NaN
0.00026629	NaN
0.00027205	NaN
0.00027676	NaN
0.00028039	NaN
0.00028291	NaN
0.00028431	NaN
0.00028464	NaN
0.00028426	NaN
0.00028357	NaN
0.00028298	NaN
0.00028289	NaN
0.00028371	NaN
0.00028584	NaN
0.0002897	NaN
0.00029664	NaN
0.00031164	NaN
0.00034048	NaN
0.00038897	NaN
0.0004629	NaN
0.00056807	NaN
0.00071028	NaN
0.00089532	NaN
0.0011305	NaN
0.0014295	NaN
0.0018079	NaN
0.0022813	NaN
0.0028653	NaN
0.0035753	NaN
0.0044269	NaN
0.0054358	NaN
0.0066199	NaN
0.008011	NaN
0.009645	NaN
0.011558	NaN
0.013786	NaN
0.016364	NaN
0.01933	NaN
0.022718	NaN
0.026566	NaN
0.030908	NaN
0.035782	NaN
0.041224	NaN
0.04727	NaN
0.053957	NaN
0.061322	NaN
0.069399	NaN
0.078228	NaN
0.087848	NaN
0.098304	NaN
0.10964	-0.61629
0.1219	-0.6116
0.13512	-0.60566
0.14936	-0.59849
0.16465	-0.59012
0.18103	-0.58059
0.19851	-0.56996
0.21708	-0.55833
0.23673	-0.54581
0.25744	-0.53247
0.2792	-0.51842
0.302	-0.50376
0.32584	-0.48858
0.35068	-0.47296
0.37645	-0.45695
0.40301	-0.44056
0.43022	-0.42381
0.45797	-0.40669
0.48611	-0.38922
0.51452	-0.37141
0.54307	-0.35327
0.57161	-0.33481
0.60005	-0.31607
0.62829	-0.29709
0.65622	-0.27793
0.68376	-0.25863
0.71079	-0.23925
0.73723	-0.21983
0.76298	-0.20042
0.78794	-0.18108
0.81202	-0.16192
0.83513	-0.14311
0.85718	-0.12479
0.87809	-0.10714
0.89777	-0.090319
0.91613	-0.074485
0.93307	-0.059801
0.94853	-0.046428
0.96234	-0.034497
0.97431	-0.024109
0.98426	-0.015364
0.99199	-0.0083644
0.9973	-0.0032093
1	0
0.99989	0.001163
0.9968	0.00018201
0.99076	-0.0029593
0.98206	-0.0081902
0.97102	-0.015436
0.95794	-0.02462
0.94313	-0.035669
0.92689	-0.048508
0.90952	-0.06306
0.89134	-0.079253
0.87253	-0.097079
0.85317	-0.11661
0.83331	-0.13793
0.813	-0.16111
0.79231	-0.18623
0.77129	-0.21337
0.75	-0.2426
0.7285	-0.27401
0.70677	-0.30759
0.68471	-0.34321
0.66222	-0.38075
0.63918	-0.42006
0.61549	-0.46102
0.59103	-0.50349
0.56569	-0.54734
0.53937	-0.59244
0.51208	-0.6389
0.48403	-0.68722
0.45544	-0.73793
0.42654	-0.79158
0.39756	-0.8487
0.36872	-0.90984
0.34026	-0.97552
0.3124	-1.0463
0.28534	-1.1218
0.25923	-1.2002
0.23422	-1.2794
0.21045	-1.3572
0.18806	-1.4316
0.16719	-1.5004
0.148	-1.5615
0.13062	-1.613
0.11513	-1.6555
0.10145	-1.6967
0.089477	NaN
0.079121	NaN
0.070278	NaN
0.062849	NaN
0.056735	NaN
0.051836	NaN
0.048051	NaN
0.045276	NaN
0.043405	NaN
0.042333	NaN
0.041955	NaN
0.042165	NaN
0.042858	NaN
0.043928	NaN
0.045285	NaN
0.046884	NaN
0.048689	NaN
0.050665	NaN
0.052775	NaN
0.054983	NaN
0.057253	NaN
0.05955	NaN
0.061835	NaN
0.064062	NaN
0.066181	NaN
0.068146	NaN
0.069906	NaN
0.071415	NaN
0.072623	NaN
0.073482	NaN
0.073953	NaN
0.074033	NaN
0.073731	NaN
0.073054	NaN
0.072013	NaN
0.070614	NaN
0.068866	NaN
0.066777	NaN
0.06436	NaN
0.061649	NaN
0.058686	NaN
0.055513	NaN
0.052171	NaN
0.048701	NaN
0.045145	NaN
0.041545	NaN
0.037942	NaN
0.034368	NaN
0.030858	NaN
0.027442	NaN
0.024152	NaN
0.021022	NaN
0.018082	NaN
0.015366	NaN
0.012902	NaN
0.010701	NaN
0.0087646	NaN
0.0070961	NaN
0.0056974	NaN
0.0045707	NaN
0.0037185	NaN
0.0031428	NaN
0.0028438	NaN
0.0028013	NaN
0.0029855	NaN
0.0033663	NaN
0.0039135	NaN
0.004597	NaN
0.0053868	NaN
0.0062528	NaN
0.0071652	NaN
0.0080981	NaN
0.0090279	NaN
0.0099307	NaN
0.010783	NaN
0.011561	NaN
0.012242	NaN
0.0128	NaN
0.013215	NaN
0.013482	NaN
0.013607	NaN
0.0136	NaN
0.013466	NaN
0.013215	NaN
0.012853	NaN
0.012389	NaN
0.01183	NaN
0.01119	NaN
0.010483	NaN
0.0097273	NaN
0.0089387	NaN
0.0081336	NaN
0.0073285	NaN
0.0065397	NaN
0.0057834	NaN
0.0050686	NaN
0.0043981	NaN
0.0037746	NaN
0.0032007	NaN
0.0026789	NaN
0.0022118	NaN
0.0018021	NaN
0.0014521	NaN
0.0011607	NaN
0.00092282	NaN
0.00073317	NaN
0.00058652	NaN
0.00047762	NaN
0.00040122	NaN
0.00035208	NaN
0.00032497	NaN
0.00031571	NaN
0.00032138	NaN
0.00033911	NaN
0.00036605	NaN
0.00039936	NaN
0.00043617	NaN
0.00047363	NaN
0.00050891	NaN
0.00054025	NaN
0.00056741	NaN
0.00059026	NaN
0.00060865	NaN
0.00062245	NaN
0.00063153	NaN
0.00063575	NaN
0.00063498	NaN
0.00062932	NaN
0.00061922	NaN
0.00060519	NaN
0.00058772	NaN
0.00056731	NaN
0.00054445	NaN
0.00051964	NaN
0.00049338	NaN
0.00046615	NaN
0.00043843	NaN
0.0004107	NaN
0.00038344	NaN
0.00035711	NaN
0.0003322	NaN
0.00030919	NaN
0.00028854	NaN
0.00027056	NaN
0.00025519	NaN
0.00024231	NaN
0.00023181	NaN
0.00022357	NaN
0.00021746	NaN
0.00021339	NaN
0.00021123	NaN
0.00021083	NaN
0.00021196	NaN
0.00021438	NaN
0.00021785	NaN
0.00022212	NaN
0.00022695	NaN
0.00023209	NaN
0.0002373	NaN
0.00024238	NaN
0.00024722	NaN
0.00025173	NaN
0.00025584	NaN
0.00025946	NaN
0.0002625	NaN
0.00026489	NaN
0.00026655	NaN
0.00026739	NaN
0.00026735	NaN
0.0002664	NaN
0.00026447	NaN
0.00026153	NaN
0.00025751	NaN
0.00025236	NaN
0.00024605	NaN
0.00023852	NaN
0.00022986	NaN
0.00022012	NaN
0.00020941	NaN
0.00019778	NaN
0.00018534	NaN
0.00017216	NaN
0.00015831	NaN
0.00014391	NaN
0.00012918	NaN
0.0001144	NaN
9.9823e-05	NaN
8.5725e-05	NaN
7.2373e-05	NaN
6.0035e-05	NaN
4.8976e-05	NaN
3.9421e-05	NaN
3.1326e-05	NaN
2.455e-05	NaN
1.8955e-05	NaN
1.4399e-05	NaN
1.0744e-05	NaN
7.85e-06	NaN
5.5761e-06	NaN
3.792e-06	NaN
2.4307e-06	NaN
1.452e-06	NaN
8.1617e-07	NaN
4.8315e-07	NaN
4.1305e-07	NaN
5.6593e-07	NaN
9.0188e-07	NaN
1.3837e-06	NaN
1.997e-06	NaN
2.7386e-06	NaN
3.6056e-06	NaN
4.5948e-06	NaN
5.7032e-06	NaN
6.9279e-06	NaN
8.2657e-06	NaN
9.7131e-06	NaN
1.1261e-05	NaN
1.2896e-05	NaN
1.4607e-05	NaN
1.6381e-05	NaN
1.8205e-05	NaN
2.0067e-05	NaN
2.1955e-05	NaN
2.3853e-05	NaN
2.5737e-05	NaN
2.7571e-05	NaN
2.9318e-05	NaN
3.0942e-05	NaN
3.2409e-05	NaN
3.3683e-05	NaN
3.4726e-05	NaN
3.5508e-05	NaN
3.6041e-05	NaN
3.6373e-05	NaN
3.6553e-05	NaN
3.6631e-05	NaN
3.6655e-05	NaN
3.6675e-05	NaN
3.674e-05	NaN
3.6898e-05	NaN
3.7167e-05	NaN
3.7542e-05	NaN
3.8014e-05	NaN
3.8576e-05	NaN
3.9222e-05	NaN
3.9943e-05	NaN
4.0733e-05	NaN
4.1583e-05	NaN
4.2452e-05	NaN
4.3272e-05	NaN
4.3968e-05	NaN
4.447e-05	NaN
4.4704e-05	NaN
4.4597e-05	NaN
4.4079e-05	NaN
4.3078e-05	NaN
4.1594e-05	NaN
3.9706e-05	NaN
3.7502e-05	NaN
3.5065e-05	NaN
3.2483e-05	NaN
2.984e-05	NaN
2.7222e-05	NaN
2.4714e-05	NaN
2.2368e-05	NaN
2.019e-05	NaN
1.818e-05	NaN
1.6343e-05	NaN
1.4681e-05	NaN
1.3194e-05	NaN
1.1887e-05	NaN
1.0761e-05	NaN
9.8118e-06	NaN
9.023e-06	NaN
8.3782e-06	NaN
7.8605e-06	NaN
7.4531e-06	NaN
7.1394e-06	NaN
6.9024e-06	NaN
6.7254e-06	NaN
6.5928e-06	NaN
6.4913e-06	NaN
6.4078e-06	NaN
6.3292e-06	NaN
6.2423e-06	NaN
6.134e-06	NaN
5.9913e-06	NaN
5.8011e-06	NaN
5.5573e-06	NaN
5.2693e-06	NaN
4.9481e-06	NaN
4.6052e-06	NaN
4.2516e-06	NaN
3.8987e-06	NaN
3.5576e-06	NaN
3.2396e-06	NaN
2.9535e-06	NaN
2.7022e-06	NaN
2.4877e-06	NaN
2.3121e-06	NaN
2.1772e-06	NaN
2.0851e-06	NaN
2.0378e-06	NaN
2.0373e-06	NaN
2.0825e-06	NaN
2.164e-06	NaN
2.2705e-06	NaN
2.3909e-06	NaN
2.5141e-06	NaN
2.6289e-06	NaN
2.724e-06	NaN
2.7884e-06	NaN
2.8142e-06	NaN
2.805e-06	NaN
2.7668e-06	NaN
2.7057e-06	NaN
2.6279e-06	NaN
2.5393e-06	NaN
2.4461e-06	NaN
2.3543e-06	NaN
2.2686e-06	NaN
2.1883e-06	NaN
2.1111e-06	NaN
2.0348e-06	NaN
1.9572e-06	NaN
1.8761e-06	NaN
1.7892e-06	NaN
1.6943e-06	NaN
1.5903e-06	NaN
1.4811e-06	NaN
1.3722e-06	NaN
1.2691e-06	NaN
1.1772e-06	NaN
1.1021e-06	NaN
1.0491e-06	NaN
1.0239e-06	NaN
1.0305e-06	NaN
1.0645e-06	NaN
1.1189e-06	NaN
1.1865e-06	NaN
1.2601e-06	NaN
1.3324e-06	NaN
1.3964e-06	NaN
1.4449e-06	NaN
1.4716e-06	NaN
1.4769e-06	NaN
1.4639e-06	NaN
1.4356e-06	NaN
1.395e-06	NaN
1.3453e-06	NaN
1.2894e-06	NaN
1.2306e-06	NaN
1.1717e-06	NaN
1.1157e-06	NaN
1.0653e-06	NaN
1.0233e-06	NaN
9.9238e-07	NaN
9.7542e-07	NaN
9.7513e-07	NaN
9.9427e-07	NaN
1.0353e-06	NaN
1.0972e-06	NaN
1.1774e-06	NaN
1.273e-06	NaN
1.3812e-06	NaN
1.4993e-06	NaN
1.6245e-06	NaN
1.7539e-06	NaN
1.8848e-06	NaN
2.0129e-06	NaN
2.1335e-06	NaN
2.2417e-06	NaN
2.3326e-06	NaN
2.4013e-06	NaN
2.443e-06	NaN
2.4527e-06	NaN
2.426e-06	NaN
2.3643e-06	NaN
2.2735e-06	NaN
2.1594e-06	NaN
2.0282e-06	NaN
1.8856e-06	NaN
1.7378e-06	NaN
1.5906e-06	NaN
1.4499e-06	NaN
1.3182e-06	NaN
1.1951e-06	NaN
1.0804e-06	NaN
9.7368e-07	NaN
8.7448e-07	NaN
7.8245e-07	NaN
6.9722e-07	NaN
6.1841e-07	NaN
5.458e-07	NaN
4.7934e-07	NaN
4.1897e-07	NaN
3.6466e-07	NaN
3.1635e-07	NaN
2.7399e-07	NaN
2.3754e-07	NaN
2.0693e-07	NaN
1.8181e-07	NaN
1.6148e-07	NaN
1.4519e-07	NaN
1.3222e-07	NaN
1.2183e-07	NaN
1.1331e-07	NaN
1.0592e-07	NaN
9.8933e-08	NaN
9.2224e-08	NaN
8.6431e-08	NaN
8.2251e-08	NaN
8.0379e-08	NaN
8.1512e-08	NaN
8.6347e-08	NaN
9.558e-08	NaN
1.099e-07	NaN
1.2923e-07	NaN
1.5234e-07	NaN
1.7791e-07	NaN
2.0458e-07	NaN
2.3103e-07	NaN
2.5591e-07	NaN
2.779e-07	NaN
2.9567e-07	NaN
3.0843e-07	NaN
3.1646e-07	NaN
3.2011e-07	NaN
3.1975e-07	NaN
3.1573e-07	NaN
3.0842e-07	NaN
2.9818e-07	NaN
2.8537e-07	NaN
2.7041e-07	NaN
2.5378e-07	NaN
2.3599e-07	NaN
2.1757e-07	NaN
1.9901e-07	NaN
1.8084e-07	NaN
1.6356e-07	NaN
1.4768e-07	NaN
1.335e-07	NaN
1.2085e-07	NaN
1.0945e-07	NaN
9.9045e-08	NaN
8.9365e-08	NaN
8.0148e-08	NaN
7.1129e-08	NaN
6.2043e-08	NaN
5.2783e-08	NaN
4.3687e-08	NaN
3.5176e-08	NaN
2.767e-08	NaN
2.1588e-08	NaN
1.7351e-08	NaN
1.5378e-08	NaN
1.609e-08	NaN
1.9906e-08	NaN
2.7246e-08	NaN
3.853e-08	NaN
5.4178e-08	NaN
7.461e-08	NaN
1.0025e-07	NaN
1.3151e-07	NaN
1.6881e-07	NaN
2.448e-07	NaN
2.2519e-07	NaN
2.0818e-07	NaN
