7.9957e-09	NaN
8.8745e-09	NaN
7.2349e-09	NaN
3.1725e-09	NaN
3.2172e-09	NaN
1.1839e-08	NaN
2.2596e-08	NaN
3.5394e-08	NaN
5.0137e-08	NaN
6.673e-08	NaN
8.5076e-08	NaN
1.0508e-07	NaN
1.2665e-07	NaN
1.4968e-07	NaN
1.7404e-07	NaN
1.9934e-07	NaN
2.2508e-07	NaN
2.5079e-07	NaN
2.7599e-07	NaN
3.002e-07	NaN
3.2293e-07	NaN
3.437e-07	NaN
3.6208e-07	NaN
3.7808e-07	NaN
3.9183e-07	NaN
4.0348e-07	NaN
4.1318e-07	NaN
4.2108e-07	NaN
4.2734e-07	NaN
4.3209e-07	NaN
4.3547e-07	NaN
4.3741e-07	NaN
4.3775e-07	NaN
4.3632e-07	NaN
4.3297e-07	NaN
4.2755e-07	NaN
4.1988e-07	NaN
4.0982e-07	NaN
3.9723e-07	NaN
3.8229e-07	NaN
3.6537e-07	NaN
3.4681e-07	NaN
3.2697e-07	NaN
3.0621e-07	NaN
2.8488e-07	NaN
2.6334e-07	NaN
2.4193e-07	NaN
2.2091e-07	NaN
2.0048e-07	NaN
1.8084e-07	NaN
1.6219e-07	NaN
1.4471e-07	NaN
1.2862e-07	NaN
1.141e-07	NaN
1.0135e-07	NaN
9.0341e-08	NaN
8.0914e-08	NaN
7.2901e-08	NaN
6.6136e-08	NaN
6.045e-08	NaN
5.5678e-08	NaN
5.1651e-08	NaN
4.8206e-08	NaN
4.5215e-08	NaN
4.2589e-08	NaN
4.0236e-08	NaN
3.8066e-08	NaN
3.5989e-08	NaN
3.3914e-08	NaN
3.1751e-08	NaN
2.9413e-08	NaN
2.6876e-08	NaN
2.4179e-08	NaN
2.1368e-08	NaN
1.8483e-08	NaN
1.5568e-08	NaN
1.2666e-08	NaN
9.8194e-09	NaN
7.0754e-09	NaN
4.5885e-09	NaN
2.6367e-09	NaN
1.5051e-09	NaN
1.4786e-09	NaN
2.8422e-09	NaN
5.8809e-09	NaN
1.088e-08	NaN
1.8158e-08	NaN
2.9407e-08	NaN
4.8134e-08	NaN
7.7969e-08	NaN
1.2254e-07	NaN
1.8548e-07	NaN
2.7043e-07	NaN
3.81e-07	NaN
5.2085e-07	NaN
6.9487e-07	NaN
9.0981e-07	NaN
1.1726e-06	NaN
1.4901e-06	NaN
1.8693e-06	NaN
2.3171e-06	NaN
2.8405e-06	NaN
3.4462e-06	NaN
4.1381e-06	NaN
4.9147e-06	NaN
5.7738e-06	NaN
6.7133e-06	NaN
7.7311e-06	NaN
8.825e-06	NaN
9.9928e-06	NaN
1.1233e-05	NaN
1.2544e-05	NaN
1.3932e-05	NaN
1.5401e-05	NaN
1.6956e-05	NaN
1.8601e-05	NaN
2.0343e-05	NaN
2.2184e-05	NaN
2.4132e-05	NaN
2.6184e-05	NaN
2.8326e-05	NaN
3.0543e-05	NaN
3.2818e-05	NaN
3.5136e-05	NaN
3.7479e-05	NaN
3.9833e-05	NaN
4.218e-05	NaN
4.4517e-05	NaN
4.6868e-05	NaN
4.9266e-05	NaN
5.1743e-05	NaN
5.433e-05	NaN
5.706e-05	NaN
5.9962e-05	NaN
6.3071e-05	NaN
6.6419e-05	NaN
7.0051e-05	NaN
7.4012e-05	NaN
7.8348e-05	NaN
8.3106e-05	NaN
8.8329e-05	NaN
9.4065e-05	NaN
0.00010036	NaN
0.00010725	NaN
0.00011479	NaN
0.00012301	NaN
0.00013194	NaN
0.00014163	NaN
0.00015211	NaN
0.00016342	NaN
0.0001756	NaN
0.00018867	NaN
0.00020259	NaN
0.00021727	NaN
0.00023267	NaN
0.0002487	NaN
0.0002653	NaN
0.0002824	NaN
0.00029993	NaN
0.00031783	NaN
0.00033602	NaN
0.00035444	NaN
0.00037303	NaN
0.00039171	NaN
0.00041042	NaN
0.00042909	NaN
0.00044765	NaN
0.00046604	NaN
0.00048411	NaN
0.00050173	NaN
0.00051875	NaN
0.00053502	NaN
0.00055038	NaN
0.0005647	NaN
0.00057783	NaN
0.00058961	NaN
0.00059986	NaN
0.00060841	NaN
0.00061506	NaN
0.00061963	NaN
0.00062192	NaN
0.00062175	NaN
0.00061893	NaN
0.0006133	NaN
0.00060488	NaN
0.00059381	NaN
0.00058022	NaN
0.00056425	NaN
0.00054603	NaN
0.0005257	NaN
0.00050339	NaN
0.00047925	NaN
0.00045363	NaN
0.000427	NaN
0.00039981	NaN
0.00037253	NaN
0.00034562	NaN
0.00031956	NaN
0.0002948	NaN
0.0002718	NaN
0.00025099	NaN
0.00023272	NaN
0.00021736	NaN
0.0002053	NaN
0.00019691	NaN
0.00019255	NaN
0.00019259	NaN
0.0001974	NaN
0.00020725	NaN
0.0002223	NaN
0.00024271	NaN
0.00026867	NaN
0.00030033	NaN
0.00033786	NaN
0.00038143	NaN
0.0004312	NaN
0.00048709	NaN
0.00054878	NaN
0.00061596	NaN
0.0006883	NaN
0.00076549	NaN
0.00084721	NaN
0.00093313	NaN
0.0010229	NaN
0.0011162	NaN
0.0012126	NaN
0.0013117	NaN
0.001413	NaN
0.001516	NaN
0.0016204	NaN
0.0017258	NaN
0.0018316	NaN
0.0019379	NaN
0.0020449	NaN
0.0021528	NaN
0.0022621	NaN
0.0023731	NaN
0.002486	NaN
0.0026013	NaN
0.0027192	NaN
0.0028397	NaN
0.0029627	NaN
0.0030877	NaN
0.0032144	NaN
0.0033425	NaN
0.0034717	NaN
0.0036016	NaN
0.0037319	NaN
0.0038618	NaN
0.0039902	NaN
0.0041157	NaN
0.004237	NaN
0.0043528	NaN
0.0044617	NaN
0.0045623	NaN
0.0046535	NaN
0.0047341	NaN
0.0048036	NaN
0.0048617	NaN
0.0049079	NaN
0.0049418	NaN
0.004963	NaN
0.0049711	NaN
0.0049657	NaN
0.0049466	NaN
0.0049143	NaN
0.0048693	NaN
0.0048122	NaN
0.0047435	NaN
0.0046638	NaN
0.0045737	NaN
0.0044737	NaN
0.0043643	NaN
0.0042463	NaN
0.0041204	NaN
0.0039873	NaN
0.0038478	NaN
0.0037024	NaN
0.003552	NaN
0.0033973	NaN
0.0032388	NaN
0.0030773	NaN
0.0029132	NaN
0.0027471	NaN
0.0025796	NaN
0.002411	NaN
0.0022421	NaN
0.0020734	NaN
0.0019054	NaN
0.0017392	NaN
0.0015757	NaN
0.0014161	NaN
0.0012613	NaN
0.0011124	NaN
0.00097041	NaN
0.00083643	NaN
0.00071136	NaN
0.00059564	NaN
0.0004896	NaN
0.00039356	NaN
0.00030782	NaN
0.00023271	NaN
0.00016855	NaN
0.00011564	NaN
7.4183e-05	NaN
4.3677e-05	NaN
2.3396e-05	NaN
1.2618e-05	NaN
1.0616e-05	NaN
1.6667e-05	NaN
3.0045e-05	NaN
5.0027e-05	NaN
7.5859e-05	NaN
0.00010661	NaN
0.00014127	NaN
0.00017885	NaN
0.00021834	NaN
0.00025874	NaN
0.00029905	NaN
0.00033826	NaN
0.00037544	NaN
0.0004102	NaN
0.00044237	NaN
0.00047179	NaN
0.00049831	NaN
0.00052177	NaN
0.00054201	NaN
0.00055886	NaN
0.00057221	NaN
0.00058222	NaN
0.00058918	NaN
0.00059341	NaN
0.00059521	NaN
0.00059491	NaN
0.00059279	NaN
0.00058918	NaN
0.00058438	NaN
0.00057865	NaN
0.00057222	NaN
0.00056533	NaN
0.00055821	NaN
0.0005511	NaN
0.00054423	NaN
0.00053784	NaN
0.00053215	NaN
0.00052729	NaN
0.00052332	NaN
0.00052031	NaN
0.0005183	NaN
0.00051736	NaN
0.00051755	NaN
0.00051893	NaN
0.00052154	NaN
0.00052524	NaN
0.00052974	NaN
0.00053474	NaN
0.00053994	NaN
0.00054504	NaN
0.00054974	NaN
0.00055374	NaN
0.00055675	NaN
0.00055845	NaN
0.00055855	NaN
0.00055675	NaN
0.00055275	NaN
0.00054624	NaN
0.00053692	NaN
0.0005245	NaN
0.00050867	NaN
0.00048947	NaN
0.00046727	NaN
0.00044244	NaN
0.00041538	NaN
0.00038647	NaN
0.0003561	NaN
0.00032466	NaN
0.00029253	NaN
0.00026026	NaN
0.0002286	NaN
0.0001983	NaN
0.00017011	NaN
0.0001448	NaN
0.00012313	NaN
0.00010584	NaN
9.3686e-05	NaN
8.7126e-05	NaN
8.6171e-05	NaN
9.0802e-05	NaN
0.000101	NaN
0.00011674	NaN
0.00013801	NaN
0.00016479	NaN
0.00019705	NaN
0.00023439	NaN
0.00027577	NaN
0.00032008	NaN
0.00036623	NaN
0.0004131	NaN
0.0004596	NaN
0.00050461	NaN
0.00054705	NaN
0.00058603	NaN
0.00062117	NaN
0.0006521	NaN
0.00067848	NaN
0.00069996	NaN
0.0007162	NaN
0.00072683	NaN
0.00073153	NaN
0.00073003	NaN
0.00072235	NaN
0.00070852	NaN
0.00068856	NaN
0.00066252	NaN
0.00063043	NaN
0.00059231	NaN
0.00054821	NaN
0.00049851	NaN
0.00044449	NaN
0.00038761	NaN
0.00032933	NaN
0.00027108	NaN
0.00021433	NaN
0.00016052	NaN
0.0001111	NaN
6.802e-05	NaN
3.4755e-05	NaN
1.5098e-05	NaN
1.2837e-05	NaN
3.1761e-05	NaN
7.566e-05	NaN
0.00014832	NaN
0.00025354	NaN
0.00039495	NaN
0.00057567	NaN
0.00079866	NaN
0.0010669	NaN
0.0013834	NaN
0.0017511	NaN
0.002173	NaN
0.002652	NaN
0.0031934	NaN
0.0038118	NaN
0.0045245	NaN
0.0053489	NaN
0.0063023	NaN
0.007402	NaN
0.0086653	NaN
0.01011	NaN
0.011758	NaN
0.013665	NaN
0.015895	NaN
0.018512	NaN
0.021581	NaN
0.025166	NaN
0.02933	NaN
0.03414	NaN
0.039655	NaN
0.045923	NaN
0.052982	NaN
0.060873	NaN
0.069635	NaN
0.079307	NaN
0.08993	NaN
0.10154	-0.5749
0.11418	-0.57605
0.12779	-0.57653
0.14233	-0.57627
0.15771	-0.57517
0.17388	-0.57315
0.19076	-0.57012
0.20829	-0.566
0.22641	-0.56069
0.24504	-0.55412
0.26419	-0.54628
0.28384	-0.53719
0.30401	-0.52688
0.32471	-0.51538
0.34594	-0.50271
0.36771	-0.4889
0.39003	-0.47397
0.4129	-0.45796
0.43628	-0.44094
0.4601	-0.42305
0.48429	-0.4044
0.50878	-0.3851
0.5335	-0.36529
0.55838	-0.34507
0.58336	-0.32458
0.60835	-0.30392
0.6333	-0.28317
0.65812	-0.26239
0.68275	-0.24162
0.7071	-0.22092
0.73111	-0.20033
0.7547	-0.17989
0.77779	-0.15968
0.80032	-0.13973
0.8222	-0.12019
0.84334	-0.10131
0.86367	-0.083302
0.88308	-0.066404
0.90151	-0.050845
0.91885	-0.036856
0.93503	-0.024668
0.94996	-0.014506
0.96344	-0.0064987
0.97523	-0.00068249
0.98504	0.002909
0.99262	0.0042422
0.9977	0.0032837
1	0
0.99926	-0.0056423
0.99522	-0.013674
0.98789	-0.024047
0.97753	-0.03663
0.96446	-0.051287
0.94895	-0.067883
0.93131	-0.086281
0.91182	-0.10635
0.89079	-0.12794
0.8685	-0.15094
0.84517	-0.17527
0.82093	-0.20098
0.79588	-0.22809
0.77016	-0.25664
0.74388	-0.28668
0.71716	-0.31824
0.69012	-0.35135
0.66287	-0.38606
0.63549	-0.42234
0.60802	-0.4601
0.58048	-0.49926
0.55288	-0.5397
0.52525	-0.58133
0.49761	-0.62404
0.46998	-0.66776
0.44239	-0.71236
0.4149	-0.75809
0.38768	-0.80567
0.36087	-0.85588
0.33464	-0.90952
0.30916	-0.96737
0.28457	-1.0302
0.26105	-1.0988
0.23875	-1.174
0.21778	-1.2555
0.19818	-1.3411
0.17996	-1.4285
0.16316	-1.5152
0.14778	-1.5987
0.13385	-1.6768
0.1214	-1.7469
0.11043	-1.8067
0.10094	-1.8568
0.092795	NaN
0.085879	NaN
0.08006	NaN
0.07521	NaN
0.071198	NaN
0.067898	NaN
0.065179	NaN
0.062934	NaN
0.061107	NaN
0.059653	NaN
0.058524	NaN
0.057674	NaN
0.057058	NaN
0.056627	NaN
0.056336	NaN
0.056147	NaN
0.056043	NaN
0.056013	NaN
0.056046	NaN
0.056131	NaN
0.056258	NaN
0.056414	NaN
0.056589	NaN
0.056768	NaN
0.056924	NaN
0.057028	NaN
0.057051	NaN
0.056963	NaN
0.056734	NaN
0.056336	NaN
0.055737	NaN
0.054916	NaN
0.053876	NaN
0.05263	NaN
0.051187	NaN
0.04956	NaN
0.04776	NaN
0.045799	NaN
0.043688	NaN
0.041441	NaN
0.039084	NaN
0.03665	NaN
0.034168	NaN
0.031671	NaN
0.029188	NaN
0.026751	NaN
0.024392	NaN
0.022137	NaN
0.019995	NaN
0.017971	NaN
0.016064	NaN
0.014278	NaN
0.012616	NaN
0.011078	NaN
0.0096674	NaN
0.0083862	NaN
0.0072345	NaN
0.0062115	NaN
0.0053164	NaN
0.0045486	NaN
0.0039072	NaN
0.0033916	NaN
0.0030011	NaN
0.0027344	NaN
0.0025855	NaN
0.0025462	NaN
0.002608	NaN
0.0027627	NaN
0.0030019	NaN
0.0033173	NaN
0.0037005	NaN
0.0041432	NaN
0.0046357	NaN
0.0051681	NaN
0.0057301	NaN
0.0063117	NaN
0.0069028	NaN
0.0074931	NaN
0.0080727	NaN
0.0086317	NaN
0.0091636	NaN
0.0096645	NaN
0.01013	NaN
0.010557	NaN
0.010942	NaN
0.011279	NaN
0.011565	NaN
0.011797	NaN
0.011975	NaN
0.012102	NaN
0.012184	NaN
0.012223	NaN
0.012225	NaN
0.012192	NaN
0.012129	NaN
0.012039	NaN
0.011927	NaN
0.011794	NaN
0.011642	NaN
0.011474	NaN
0.011292	NaN
0.011098	NaN
0.010895	NaN
0.010685	NaN
0.010469	NaN
0.010248	NaN
0.010022	NaN
0.0097914	NaN
0.0095571	NaN
0.0093192	NaN
0.0090781	NaN
0.0088343	NaN
0.0085884	NaN
0.0083417	NaN
0.0080954	NaN
0.0078505	NaN
0.0076082	NaN
0.0073698	NaN
0.0071363	NaN
0.006909	NaN
0.0066883	NaN
0.0064738	NaN
0.0062651	NaN
0.0060616	NaN
0.005863	NaN
0.0056687	NaN
0.0054783	NaN
0.0052913	NaN
0.0051075	NaN
0.0049272	NaN
0.0047506	NaN
0.004578	NaN
0.0044098	NaN
0.0042462	NaN
0.0040875	NaN
0.003934	NaN
0.003786	NaN
0.0036438	NaN
0.0035077	NaN
0.0033779	NaN
0.0032547	NaN
0.0031385	NaN
0.0030295	NaN
0.002928	NaN
0.002834	NaN
0.0027464	NaN
0.0026644	NaN
0.0025868	NaN
0.0025127	NaN
0.0024411	NaN
0.0023709	NaN
0.0023012	NaN
0.0022311	NaN
0.0021604	NaN
0.0020888	NaN
0.0020161	NaN
0.0019423	NaN
0.001867	NaN
0.0017901	NaN
0.0017113	NaN
0.0016307	NaN
0.0015488	NaN
0.0014663	NaN
0.0013839	NaN
0.0013022	NaN
0.0012218	NaN
0.0011436	NaN
0.001068	NaN
0.00099571	NaN
0.00092675	NaN
0.00086113	NaN
0.00079883	NaN
0.00073984	NaN
0.00068416	NaN
0.00063176	NaN
0.00058263	NaN
0.00053676	NaN
0.00049402	NaN
0.00045427	NaN
0.00041739	NaN
0.00038324	NaN
0.00035168	NaN
0.00032259	NaN
0.00029582	NaN
0.00027124	NaN
0.00024869	NaN
0.00022801	NaN
0.00020903	NaN
0.00019159	NaN
0.00017554	NaN
0.0001607	NaN
0.00014691	NaN
0.00013402	NaN
0.00012198	NaN
0.00011076	NaN
0.00010033	NaN
9.0658e-05	NaN
8.1722e-05	NaN
7.3491e-05	NaN
6.5939e-05	NaN
5.9037e-05	NaN
5.2759e-05	NaN
4.7076e-05	NaN
4.196e-05	NaN
3.7383e-05	NaN
3.3318e-05	NaN
2.9736e-05	NaN
2.661e-05	NaN
2.391e-05	NaN
2.1598e-05	NaN
1.9627e-05	NaN
1.7953e-05	NaN
1.653e-05	NaN
1.5315e-05	NaN
1.4262e-05	NaN
1.3326e-05	NaN
1.2465e-05	NaN
1.1667e-05	NaN
1.0939e-05	NaN
1.0287e-05	NaN
9.7176e-06	NaN
9.2367e-06	NaN
8.8508e-06	NaN
8.5662e-06	NaN
8.388e-06	NaN
8.3072e-06	NaN
8.3053e-06	NaN
8.3635e-06	NaN
8.4631e-06	NaN
8.5854e-06	NaN
8.7116e-06	NaN
8.8231e-06	NaN
8.9016e-06	NaN
8.9375e-06	NaN
8.9273e-06	NaN
8.8681e-06	NaN
8.7567e-06	NaN
8.5901e-06	NaN
8.365e-06	NaN
8.0785e-06	NaN
7.7278e-06	NaN
7.3176e-06	NaN
6.8595e-06	NaN
6.3652e-06	NaN
5.8464e-06	NaN
5.3148e-06	NaN
4.7821e-06	NaN
4.26e-06	NaN
3.76e-06	NaN
3.2893e-06	NaN
2.8501e-06	NaN
2.4448e-06	NaN
2.0756e-06	NaN
1.7446e-06	NaN
1.4541e-06	NaN
1.2064e-06	NaN
1.0034e-06	NaN
8.45e-07	NaN
7.2766e-07	NaN
6.4788e-07	NaN
6.0211e-07	NaN
5.8681e-07	NaN
5.9843e-07	NaN
6.3343e-07	NaN
6.8829e-07	NaN
7.6067e-07	NaN
8.4986e-07	NaN
9.5526e-07	NaN
1.0763e-06	NaN
1.2123e-06	NaN
1.3628e-06	NaN
1.5271e-06	NaN
1.7046e-06	NaN
1.8918e-06	NaN
2.0807e-06	NaN
2.2627e-06	NaN
2.4294e-06	NaN
2.5724e-06	NaN
2.6832e-06	NaN
2.7533e-06	NaN
2.7743e-06	NaN
2.7427e-06	NaN
2.664e-06	NaN
2.5448e-06	NaN
2.3915e-06	NaN
2.2107e-06	NaN
2.0089e-06	NaN
1.7926e-06	NaN
1.5683e-06	NaN
1.3421e-06	NaN
1.1189e-06	NaN
9.0349e-07	NaN
7.0076e-07	NaN
5.155e-07	NaN
3.5255e-07	NaN
2.1673e-07	NaN
1.1285e-07	NaN
4.4932e-08	NaN
1.4981e-08	NaN
2.4677e-08	NaN
7.5705e-08	NaN
1.6975e-07	NaN
3.085e-07	NaN
4.9363e-07	NaN
7.2683e-07	NaN
1.0065e-06	NaN
1.3213e-06	NaN
1.6583e-06	NaN
2.0042e-06	NaN
2.3461e-06	NaN
2.6708e-06	NaN
2.9654e-06	NaN
3.2166e-06	NaN
3.414e-06	NaN
3.5553e-06	NaN
3.6404e-06	NaN
3.6688e-06	NaN
3.6404e-06	NaN
3.555e-06	NaN
3.4121e-06	NaN
3.2116e-06	NaN
2.9554e-06	NaN
2.6549e-06	NaN
2.3239e-06	NaN
1.9759e-06	NaN
1.6247e-06	NaN
1.284e-06	NaN
9.6762e-07	NaN
6.8915e-07	NaN
4.6023e-07	NaN
2.8232e-07	NaN
1.5382e-07	NaN
7.3121e-08	NaN
3.8624e-08	NaN
4.872e-08	NaN
1.018e-07	NaN
1.9627e-07	NaN
3.2989e-07	NaN
4.9689e-07	NaN
6.902e-07	NaN
9.0278e-07	NaN
1.1276e-06	NaN
1.3575e-06	NaN
1.5856e-06	NaN
1.8048e-06	NaN
2.0084e-06	NaN
2.1935e-06	NaN
2.3581e-06	NaN
2.5005e-06	NaN
2.619e-06	NaN
2.7118e-06	NaN
2.7771e-06	NaN
2.8133e-06	NaN
2.8189e-06	NaN
2.796e-06	NaN
2.7482e-06	NaN
2.6793e-06	NaN
2.5929e-06	NaN
2.4927e-06	NaN
2.3824e-06	NaN
2.2657e-06	NaN
2.1461e-06	NaN
2.0264e-06	NaN
1.9088e-06	NaN
1.7956e-06	NaN
1.6891e-06	NaN
1.5914e-06	NaN
1.5048e-06	NaN
1.4316e-06	NaN
1.3738e-06	NaN
1.3307e-06	NaN
1.3003e-06	NaN
1.28e-06	NaN
1.2677e-06	NaN
1.261e-06	NaN
1.2577e-06	NaN
1.2554e-06	NaN
1.2519e-06	NaN
1.2456e-06	NaN
1.2355e-06	NaN
1.2205e-06	NaN
1.1995e-06	NaN
1.1716e-06	NaN
1.1356e-06	NaN
1.0906e-06	NaN
1.0356e-06	NaN
9.7116e-07	NaN
8.992e-07	NaN
8.2171e-07	NaN
7.4069e-07	NaN
6.5809e-07	NaN
5.7592e-07	NaN
4.9614e-07	NaN
4.207e-07	NaN
3.5071e-07	NaN
2.8646e-07	NaN
2.2816e-07	NaN
1.7607e-07	NaN
1.3042e-07	NaN
9.1445e-08	NaN
5.9385e-08	NaN
3.4462e-08	NaN
1.6442e-08	NaN
4.5565e-09	NaN
1.9935e-09	NaN
4.0061e-09	NaN
2.2795e-09	NaN
2.3878e-09	NaN
9.1975e-09	NaN
1.7356e-08	NaN
2.6267e-08	NaN
3.5604e-08	NaN
4.5057e-08	NaN
5.4317e-08	NaN
6.3075e-08	NaN
7.1022e-08	NaN
7.7848e-08	NaN
8.3249e-08	NaN
8.7132e-08	NaN
8.9741e-08	NaN
9.1347e-08	NaN
9.2223e-08	NaN
9.264e-08	NaN
9.287e-08	NaN
9.3186e-08	NaN
9.3858e-08	NaN
9.5014e-08	NaN
9.6525e-08	NaN
9.8234e-08	NaN
9.9986e-08	NaN
1.0162e-07	NaN
1.0299e-07	NaN
1.0393e-07	NaN
1.0429e-07	NaN
1.0396e-07	NaN
1.0292e-07	NaN
1.0116e-07	NaN
9.8682e-08	NaN
9.5484e-08	NaN
9.156e-08	NaN
8.6905e-08	NaN
8.1516e-08	NaN
7.5443e-08	NaN
6.8874e-08	NaN
6.2015e-08	NaN
5.5076e-08	NaN
4.8262e-08	NaN
4.1781e-08	NaN
3.5842e-08	NaN
3.0651e-08	NaN
2.635e-08	NaN
2.2894e-08	NaN
2.0202e-08	NaN
1.8196e-08	NaN
1.6795e-08	NaN
1.5919e-08	NaN
1.549e-08	NaN
1.5426e-08	NaN
1.5649e-08	NaN
1.6079e-08	NaN
1.6636e-08	NaN
1.7241e-08	NaN
1.7813e-08	NaN
1.8272e-08	NaN
1.8541e-08	NaN
1.8537e-08	NaN
1.0706e-08	NaN
1.6992e-09	NaN
4.503e-09	NaN
