2.7969e-07	NaN
5.6396e-07	NaN
5.8457e-07	NaN
5.9977e-07	NaN
6.0994e-07	NaN
6.1548e-07	NaN
6.1676e-07	NaN
6.1416e-07	NaN
6.0807e-07	NaN
5.9887e-07	NaN
5.8695e-07	NaN
5.7268e-07	NaN
5.5645e-07	NaN
5.3864e-07	NaN
5.1963e-07	NaN
4.9981e-07	NaN
4.7956e-07	NaN
4.5927e-07	NaN
4.3929e-07	NaN
4.1997e-07	NaN
4.0159e-07	NaN
3.8446e-07	NaN
3.6889e-07	NaN
3.5517e-07	NaN
3.436e-07	NaN
3.345e-07	NaN
3.2812e-07	NaN
3.2447e-07	NaN
3.2344e-07	NaN
3.2492e-07	NaN
3.2883e-07	NaN
3.3504e-07	NaN
3.4347e-07	NaN
3.54e-07	NaN
3.6648e-07	NaN
3.8028e-07	NaN
3.9455e-07	NaN
4.0846e-07	NaN
4.2116e-07	NaN
4.318e-07	NaN
4.3954e-07	NaN
4.4354e-07	NaN
4.4305e-07	NaN
4.3814e-07	NaN
4.2941e-07	NaN
4.174e-07	NaN
4.027e-07	NaN
3.8588e-07	NaN
3.6751e-07	NaN
3.4815e-07	NaN
3.2836e-07	NaN
3.0852e-07	NaN
2.8888e-07	NaN
2.6969e-07	NaN
2.5121e-07	NaN
2.3368e-07	NaN
2.1737e-07	NaN
2.0252e-07	NaN
1.8936e-07	NaN
1.7792e-07	NaN
1.6803e-07	NaN
1.5952e-07	NaN
1.5223e-07	NaN
1.46e-07	NaN
1.4066e-07	NaN
1.3604e-07	NaN
1.3201e-07	NaN
1.2874e-07	NaN
1.2672e-07	NaN
1.2642e-07	NaN
1.2834e-07	NaN
1.3294e-07	NaN
1.4072e-07	NaN
1.5216e-07	NaN
1.6773e-07	NaN
1.875e-07	NaN
2.1117e-07	NaN
2.384e-07	NaN
2.6888e-07	NaN
3.0228e-07	NaN
3.3828e-07	NaN
3.7655e-07	NaN
4.1685e-07	NaN
4.6164e-07	NaN
5.1641e-07	NaN
5.8683e-07	NaN
6.7857e-07	NaN
7.973e-07	NaN
9.4869e-07	NaN
1.1384e-06	NaN
1.372e-06	NaN
1.6513e-06	NaN
1.9727e-06	NaN
2.3325e-06	NaN
2.7269e-06	NaN
3.1523e-06	NaN
3.6046e-06	NaN
4.0803e-06	NaN
4.5757e-06	NaN
5.0919e-06	NaN
5.6379e-06	NaN
6.2231e-06	NaN
6.8571e-06	NaN
7.5493e-06	NaN
8.3093e-06	NaN
9.1465e-06	NaN
1.007e-05	NaN
1.1092e-05	NaN
1.2226e-05	NaN
1.3486e-05	NaN
1.4887e-05	NaN
1.6443e-05	NaN
1.8168e-05	NaN
2.0078e-05	NaN
2.2185e-05	NaN
2.449e-05	NaN
2.6962e-05	NaN
2.957e-05	NaN
3.2279e-05	NaN
3.5055e-05	NaN
3.7865e-05	NaN
4.0676e-05	NaN
4.3455e-05	NaN
4.6166e-05	NaN
4.8778e-05	NaN
5.1255e-05	NaN
5.3563e-05	NaN
5.567e-05	NaN
5.754e-05	NaN
5.9139e-05	NaN
6.0435e-05	NaN
6.1404e-05	NaN
6.2063e-05	NaN
6.2433e-05	NaN
6.2534e-05	NaN
6.2387e-05	NaN
6.2014e-05	NaN
6.1436e-05	NaN
6.0675e-05	NaN
5.9767e-05	NaN
5.8813e-05	NaN
5.7921e-05	NaN
5.7201e-05	NaN
5.6763e-05	NaN
5.6718e-05	NaN
5.7174e-05	NaN
5.8242e-05	NaN
6.0047e-05	NaN
6.277e-05	NaN
6.6607e-05	NaN
7.1753e-05	NaN
7.8405e-05	NaN
8.6758e-05	NaN
9.7008e-05	NaN
0.00010935	NaN
0.00012396	NaN
0.00014091	NaN
0.00016027	NaN
0.00018206	NaN
0.00020635	NaN
0.00023319	NaN
0.00026262	NaN
0.0002947	NaN
0.00032943	NaN
0.00036655	NaN
0.00040573	NaN
0.00044663	NaN
0.00048891	NaN
0.00053223	NaN
0.00057625	NaN
0.00062064	NaN
0.00066504	NaN
0.00070904	NaN
0.00075221	NaN
0.0007941	NaN
0.00083428	NaN
0.0008723	NaN
0.00090774	NaN
0.00094015	NaN
0.00096909	NaN
0.00099423	NaN
0.0010152	NaN
0.0010318	NaN
0.0010435	NaN
0.0010502	NaN
0.0010514	NaN
0.0010469	NaN
0.0010363	NaN
0.0010199	NaN
0.00099805	NaN
0.00097121	NaN
0.00093977	NaN
0.00090417	NaN
0.00086482	NaN
0.00082214	NaN
0.00077659	NaN
0.00072894	NaN
0.00068015	NaN
0.0006312	NaN
0.00058308	NaN
0.00053675	NaN
0.00049319	NaN
0.00045338	NaN
0.00041825	NaN
0.00038818	NaN
0.00036314	NaN
0.00034309	NaN
0.00032799	NaN
0.00031782	NaN
0.00031252	NaN
0.00031206	NaN
0.00031641	NaN
0.00032562	NaN
0.00033985	NaN
0.00035921	NaN
0.00038386	NaN
0.00041393	NaN
0.00044956	NaN
0.0004909	NaN
0.00053808	NaN
0.00059159	NaN
0.00065221	NaN
0.00072073	NaN
0.00079793	NaN
0.00088462	NaN
0.00098159	NaN
0.0010896	NaN
0.0012095	NaN
0.0013414	NaN
0.0014847	NaN
0.0016389	NaN
0.0018033	NaN
0.0019775	NaN
0.0021608	NaN
0.0023527	NaN
0.0025525	NaN
0.002759	NaN
0.0029701	NaN
0.0031837	NaN
0.0033975	NaN
0.0036094	NaN
0.0038173	NaN
0.004019	NaN
0.0042124	NaN
0.0043957	NaN
0.0045679	NaN
0.0047281	NaN
0.0048753	NaN
0.0050087	NaN
0.0051271	NaN
0.0052297	NaN
0.0053154	NaN
0.0053839	NaN
0.005435	NaN
0.005469	NaN
0.0054861	NaN
0.0054864	NaN
0.00547	NaN
0.0054372	NaN
0.005388	NaN
0.0053231	NaN
0.0052439	NaN
0.0051518	NaN
0.0050484	NaN
0.0049351	NaN
0.0048135	NaN
0.004685	NaN
0.0045512	NaN
0.0044133	NaN
0.0042725	NaN
0.0041295	NaN
0.0039854	NaN
0.0038411	NaN
0.0036976	NaN
0.0035556	NaN
0.0034163	NaN
0.0032803	NaN
0.0031476	NaN
0.0030183	NaN
0.0028922	NaN
0.0027693	NaN
0.0026496	NaN
0.002533	NaN
0.0024194	NaN
0.0023089	NaN
0.0022014	NaN
0.002097	NaN
0.0019955	NaN
0.001897	NaN
0.0018016	NaN
0.0017091	NaN
0.0016197	NaN
0.0015332	NaN
0.0014501	NaN
0.0013706	NaN
0.001295	NaN
0.0012237	NaN
0.0011569	NaN
0.001095	NaN
0.0010382	NaN
0.00098692	NaN
0.00094086	NaN
0.00089981	NaN
0.00086353	NaN
0.00083177	NaN
0.00080428	NaN
0.0007808	NaN
0.0007611	NaN
0.00074488	NaN
0.00073159	NaN
0.00072063	NaN
0.00071139	NaN
0.00070323	NaN
0.00069556	NaN
0.00068774	NaN
0.00067918	NaN
0.00066932	NaN
0.00065814	NaN
0.00064578	NaN
0.00063239	NaN
0.00061814	NaN
0.00060316	NaN
0.00058763	NaN
0.00057168	NaN
0.00055545	NaN
0.00053898	NaN
0.00052225	NaN
0.00050521	NaN
0.00048786	NaN
0.00047017	NaN
0.00045212	NaN
0.00043367	NaN
0.00041484	NaN
0.00039576	NaN
0.00037667	NaN
0.00035781	NaN
0.00033942	NaN
0.00032173	NaN
0.00030499	NaN
0.00028942	NaN
0.00027525	NaN
0.00026256	NaN
0.00025134	NaN
0.00024157	NaN
0.00023326	NaN
0.00022638	NaN
0.00022093	NaN
0.00021689	NaN
0.00021425	NaN
0.0002129	NaN
0.00021269	NaN
0.00021347	NaN
0.00021506	NaN
0.00021732	NaN
0.00022007	NaN
0.00022317	NaN
0.00022645	NaN
0.00022971	NaN
0.00023271	NaN
0.00023524	NaN
0.00023705	NaN
0.00023791	NaN
0.0002376	NaN
0.00023588	NaN
0.00023252	NaN
0.00022745	NaN
0.00022073	NaN
0.00021245	NaN
0.00020267	NaN
0.00019147	NaN
0.00017891	NaN
0.00016507	NaN
0.00015004	NaN
0.00013405	NaN
0.00011754	NaN
0.00010097	NaN
8.4764e-05	NaN
6.9379e-05	NaN
5.5258e-05	NaN
4.2844e-05	NaN
3.2579e-05	NaN
2.4744e-05	NaN
1.9418e-05	NaN
1.6668e-05	NaN
1.6562e-05	NaN
1.9166e-05	NaN
2.4547e-05	NaN
3.2771e-05	NaN
4.39e-05	NaN
5.7755e-05	NaN
7.3798e-05	NaN
9.1463e-05	NaN
0.00011019	NaN
0.0001294	NaN
0.00014855	NaN
0.00016706	NaN
0.00018437	NaN
0.00020024	NaN
0.00021498	NaN
0.00022894	NaN
0.00024249	NaN
0.00025599	NaN
0.00026978	NaN
0.00028424	NaN
0.00029971	NaN
0.00031638	NaN
0.00033407	NaN
0.00035256	NaN
0.00037164	NaN
0.00039109	NaN
0.0004107	NaN
0.00043025	NaN
0.00044952	NaN
0.00046828	NaN
0.00048626	NaN
0.00050318	NaN
0.00051877	NaN
0.00053275	NaN
0.00054484	NaN
0.00055477	NaN
0.00056227	NaN
0.000567	NaN
0.00056855	NaN
0.00056645	NaN
0.00056025	NaN
0.00054949	NaN
0.00053373	NaN
0.0005125	NaN
0.00048535	NaN
0.00045261	NaN
0.000417	NaN
0.00038174	NaN
0.00035005	NaN
0.00032514	NaN
0.00031024	NaN
0.00030857	NaN
0.00032333	NaN
0.00035818	NaN
0.00041844	NaN
0.00050977	NaN
0.00063787	NaN
0.00080841	NaN
0.0010271	NaN
0.0012996	NaN
0.0016316	NaN
0.002032	NaN
0.0025241	NaN
0.0031352	NaN
0.0038923	NaN
0.0048227	NaN
0.0059536	NaN
0.0073121	NaN
0.0089256	NaN
0.010826	NaN
0.013067	NaN
0.015712	NaN
0.018822	NaN
0.022461	NaN
0.02669	NaN
0.031572	NaN
0.037169	NaN
0.04354	NaN
0.050729	NaN
0.058775	NaN
0.067714	NaN
0.077585	NaN
0.088424	NaN
0.10027	-0.59309
0.11316	-0.59305
0.12713	-0.59188
0.14217	-0.58967
0.15827	-0.58639
0.17539	-0.58207
0.19354	-0.5767
0.21267	-0.57027
0.23278	-0.56281
0.25384	-0.55429
0.27583	-0.54473
0.29871	-0.53415
0.32242	-0.52256
0.3469	-0.50998
0.3721	-0.49645
0.39795	-0.48197
0.42441	-0.46658
0.45142	-0.45029
0.47891	-0.43314
0.5068	-0.41518
0.53498	-0.39651
0.56334	-0.37723
0.59177	-0.35744
0.62016	-0.33722
0.64841	-0.31668
0.67641	-0.2959
0.70404	-0.27498
0.7312	-0.25402
0.75773	-0.23311
0.78351	-0.21234
0.8084	-0.19182
0.83228	-0.17164
0.855	-0.15189
0.87644	-0.13266
0.89646	-0.11406
0.91496	-0.096237
0.93186	-0.079362
0.94707	-0.063623
0.96053	-0.049202
0.97214	-0.036281
0.98183	-0.025045
0.98952	-0.015675
0.99513	-0.0083498
0.99862	-0.0031362
1	0
0.99927	0.0010972
0.99645	0.00019383
0.99153	-0.0026718
0.98452	-0.0074612
0.97542	-0.014136
0.96425	-0.022659
0.95115	-0.03301
0.93641	-0.04519
0.92031	-0.059202
0.90315	-0.075047
0.88522	-0.092727
0.86681	-0.11224
0.84822	-0.1336
0.82973	-0.15679
0.81145	-0.18177
0.79325	-0.20843
0.77499	-0.23666
0.75655	-0.26632
0.73779	-0.29733
0.71858	-0.32954
0.69876	-0.36286
0.67822	-0.39716
0.65687	-0.43264
0.63467	-0.4699
0.61162	-0.50955
0.58769	-0.55224
0.56287	-0.59859
0.53713	-0.64925
0.51046	-0.70483
0.48285	-0.76596
0.45438	-0.83217
0.42533	-0.90122
0.39597	-0.97068
0.3666	-1.0381
0.33751	-1.1011
0.30897	-1.1573
0.28128	-1.2042
0.25472	-1.2394
0.22951	-1.2643
0.20575	-1.2873
0.1835	-1.3177
0.16286	-1.3649
0.1439	-1.438
0.12669	-1.5465
0.11132	-1.6996
0.097863	NaN
0.086332	NaN
0.076595	NaN
0.068504	NaN
0.061906	NaN
0.056651	NaN
0.052588	NaN
0.049565	NaN
0.047433	NaN
0.046059	NaN
0.04536	NaN
0.045262	NaN
0.045691	NaN
0.04657	NaN
0.047826	NaN
0.049385	NaN
0.051171	NaN
0.053114	NaN
0.055157	NaN
0.057244	NaN
0.059321	NaN
0.061332	NaN
0.063222	NaN
0.064935	NaN
0.066418	NaN
0.067624	NaN
0.068542	NaN
0.069168	NaN
0.069497	NaN
0.069527	NaN
0.069252	NaN
0.06867	NaN
0.067777	NaN
0.066572	NaN
0.065072	NaN
0.063299	NaN
0.061273	NaN
0.059016	NaN
0.056549	NaN
0.053893	NaN
0.051069	NaN
0.048101	NaN
0.04502	NaN
0.041861	NaN
0.038659	NaN
0.03545	NaN
0.032267	NaN
0.029147	NaN
0.026124	NaN
0.023231	NaN
0.020491	NaN
0.017923	NaN
0.015546	NaN
0.01338	NaN
0.011443	NaN
0.0097546	NaN
0.0083336	NaN
0.0071955	NaN
0.006331	NaN
0.0057197	NaN
0.0053413	NaN
0.0051755	NaN
0.005202	NaN
0.0054002	NaN
0.00575	NaN
0.0062311	NaN
0.006824	NaN
0.0075098	NaN
0.0082696	NaN
0.0090844	NaN
0.0099353	NaN
0.010803	NaN
0.011669	NaN
0.012516	NaN
0.013333	NaN
0.01412	NaN
0.014873	NaN
0.01559	NaN
0.016267	NaN
0.016902	NaN
0.017493	NaN
0.018036	NaN
0.01853	NaN
0.018974	NaN
0.019366	NaN
0.019704	NaN
0.019988	NaN
0.020217	NaN
0.020388	NaN
0.0205	NaN
0.020554	NaN
0.020551	NaN
0.020492	NaN
0.020379	NaN
0.020211	NaN
0.019992	NaN
0.019721	NaN
0.0194	NaN
0.019033	NaN
0.018626	NaN
0.018183	NaN
0.017711	NaN
0.017215	NaN
0.016701	NaN
0.016175	NaN
0.015642	NaN
0.015106	NaN
0.014569	NaN
0.014035	NaN
0.013506	NaN
0.012983	NaN
0.012469	NaN
0.011966	NaN
0.011478	NaN
0.011005	NaN
0.010548	NaN
0.010108	NaN
0.009685	NaN
0.0092803	NaN
0.0088945	NaN
0.008528	NaN
0.0081816	NaN
0.007855	NaN
0.0075471	NaN
0.0072565	NaN
0.0069819	NaN
0.006722	NaN
0.0064754	NaN
0.0062409	NaN
0.006017	NaN
0.005803	NaN
0.0055989	NaN
0.005405	NaN
0.0052213	NaN
0.0050479	NaN
0.004885	NaN
0.0047327	NaN
0.0045911	NaN
0.0044603	NaN
0.0043397	NaN
0.0042288	NaN
0.0041273	NaN
0.0040345	NaN
0.0039501	NaN
0.0038736	NaN
0.0038045	NaN
0.003742	NaN
0.003685	NaN
0.003632	NaN
0.0035817	NaN
0.0035329	NaN
0.0034841	NaN
0.0034341	NaN
0.0033815	NaN
0.0033252	NaN
0.0032653	NaN
0.0032017	NaN
0.0031344	NaN
0.0030635	NaN
0.0029889	NaN
0.0029107	NaN
0.002829	NaN
0.0027438	NaN
0.0026554	NaN
0.0025643	NaN
0.0024709	NaN
0.0023756	NaN
0.0022787	NaN
0.0021807	NaN
0.002082	NaN
0.0019829	NaN
0.0018838	NaN
0.0017849	NaN
0.0016866	NaN
0.001589	NaN
0.0014925	NaN
0.0013973	NaN
0.0013038	NaN
0.0012121	NaN
0.0011226	NaN
0.0010354	NaN
0.00095083	NaN
0.00086902	NaN
0.00079023	NaN
0.00071467	NaN
0.00064258	NaN
0.00057414	NaN
0.0005095	NaN
0.00044874	NaN
0.00039197	NaN
0.00033928	NaN
0.00029077	NaN
0.00024654	NaN
0.00020668	NaN
0.00017126	NaN
0.00014008	NaN
0.00011288	NaN
8.938e-05	NaN
6.9304e-05	NaN
5.238e-05	NaN
3.8334e-05	NaN
2.6891e-05	NaN
1.7786e-05	NaN
1.0794e-05	NaN
5.7121e-06	NaN
2.3374e-06	NaN
4.6629e-07	NaN
1.0465e-07	NaN
4.2115e-07	NaN
1.8403e-06	NaN
3.9606e-06	NaN
6.683e-06	NaN
9.9544e-06	NaN
1.3722e-05	NaN
1.7934e-05	NaN
2.2536e-05	NaN
2.7478e-05	NaN
3.2705e-05	NaN
3.8156e-05	NaN
4.3687e-05	NaN
4.9103e-05	NaN
5.4209e-05	NaN
5.881e-05	NaN
6.2712e-05	NaN
6.5719e-05	NaN
6.7636e-05	NaN
6.8288e-05	NaN
6.7714e-05	NaN
6.6103e-05	NaN
6.3644e-05	NaN
6.0526e-05	NaN
5.6941e-05	NaN
5.3078e-05	NaN
4.9127e-05	NaN
4.5272e-05	NaN
4.1612e-05	NaN
3.818e-05	NaN
3.5009e-05	NaN
3.2131e-05	NaN
2.9576e-05	NaN
2.7377e-05	NaN
2.5565e-05	NaN
2.4169e-05	NaN
2.3158e-05	NaN
2.2448e-05	NaN
2.1952e-05	NaN
2.1585e-05	NaN
2.1259e-05	NaN
2.089e-05	NaN
2.0391e-05	NaN
1.9678e-05	NaN
1.8743e-05	NaN
1.7653e-05	NaN
1.6478e-05	NaN
1.5289e-05	NaN
1.4156e-05	NaN
1.3151e-05	NaN
1.2343e-05	NaN
1.1802e-05	NaN
1.1575e-05	NaN
1.1676e-05	NaN
1.2121e-05	NaN
1.2923e-05	NaN
1.4096e-05	NaN
1.5656e-05	NaN
1.7616e-05	NaN
1.999e-05	NaN
2.274e-05	NaN
2.5762e-05	NaN
2.8945e-05	NaN
3.2178e-05	NaN
3.5351e-05	NaN
3.8354e-05	NaN
4.1075e-05	NaN
4.3406e-05	NaN
4.5276e-05	NaN
4.6681e-05	NaN
4.7622e-05	NaN
4.8099e-05	NaN
4.8114e-05	NaN
4.7666e-05	NaN
4.6757e-05	NaN
4.5388e-05	NaN
4.3587e-05	NaN
4.1429e-05	NaN
3.8997e-05	NaN
3.6373e-05	NaN
3.3639e-05	NaN
3.0876e-05	NaN
2.8167e-05	NaN
2.5592e-05	NaN
2.3214e-05	NaN
2.1048e-05	NaN
1.9101e-05	NaN
1.7386e-05	NaN
1.5909e-05	NaN
1.4682e-05	NaN
1.3712e-05	NaN
1.3011e-05	NaN
1.2575e-05	NaN
1.2371e-05	NaN
1.2362e-05	NaN
1.251e-05	NaN
1.2778e-05	NaN
1.3128e-05	NaN
1.3523e-05	NaN
1.3925e-05	NaN
1.4301e-05	NaN
1.4632e-05	NaN
1.49e-05	NaN
1.5089e-05	NaN
1.5181e-05	NaN
1.516e-05	NaN
1.5007e-05	NaN
1.4707e-05	NaN
1.425e-05	NaN
1.3654e-05	NaN
1.2947e-05	NaN
1.2153e-05	NaN
1.1298e-05	NaN
1.0407e-05	NaN
9.5061e-06	NaN
8.6202e-06	NaN
7.7716e-06	NaN
6.9686e-06	NaN
6.216e-06	NaN
5.5186e-06	NaN
4.8811e-06	NaN
4.3082e-06	NaN
3.8048e-06	NaN
3.3756e-06	NaN
3.0237e-06	NaN
2.744e-06	NaN
2.5292e-06	NaN
2.3718e-06	NaN
2.2644e-06	NaN
2.1995e-06	NaN
2.1697e-06	NaN
2.1676e-06	NaN
2.1856e-06	NaN
2.2155e-06	NaN
2.249e-06	NaN
2.2776e-06	NaN
2.293e-06	NaN
2.2868e-06	NaN
2.2505e-06	NaN
2.1758e-06	NaN
2.0565e-06	NaN
1.9007e-06	NaN
1.7228e-06	NaN
1.5369e-06	NaN
1.3575e-06	NaN
1.1987e-06	NaN
1.0748e-06	NaN
1.0002e-06	NaN
9.8701e-07	NaN
1.0305e-06	NaN
1.1179e-06	NaN
1.2362e-06	NaN
1.3725e-06	NaN
1.5138e-06	NaN
1.6472e-06	NaN
1.7597e-06	NaN
1.8394e-06	NaN
1.8827e-06	NaN
1.891e-06	NaN
1.8659e-06	NaN
1.8088e-06	NaN
1.7212e-06	NaN
1.6045e-06	NaN
1.4602e-06	NaN
1.2901e-06	NaN
1.1005e-06	NaN
9.0057e-07	NaN
6.9951e-07	NaN
5.0653e-07	NaN
3.3084e-07	NaN
1.8165e-07	NaN
6.8179e-08	NaN
1.0436e-09	NaN
2.7289e-08	NaN
1.9265e-08	NaN
1.4141e-08	NaN
6.4037e-08	NaN
1.2153e-07	NaN
1.7774e-07	NaN
2.2377e-07	NaN
2.5111e-07	NaN
2.5811e-07	NaN
2.4918e-07	NaN
2.289e-07	NaN
2.0186e-07	NaN
1.7265e-07	NaN
1.4586e-07	NaN
1.2608e-07	NaN
1.1775e-07	NaN
1.2183e-07	NaN
1.3578e-07	NaN
1.569e-07	NaN
1.8247e-07	NaN
2.0979e-07	NaN
2.3617e-07	NaN
2.589e-07	NaN
2.7532e-07	NaN
2.8435e-07	NaN
2.8673e-07	NaN
2.8331e-07	NaN
2.7493e-07	NaN
2.6245e-07	NaN
2.4671e-07	NaN
2.2855e-07	NaN
2.0882e-07	NaN
1.882e-07	NaN
1.6719e-07	NaN
1.4624e-07	NaN
1.2583e-07	NaN
1.0642e-07	NaN
8.8475e-08	NaN
7.2468e-08	NaN
5.8859e-08	NaN
4.7816e-08	NaN
3.9046e-08	NaN
3.2216e-08	NaN
2.6994e-08	NaN
2.3047e-08	NaN
2.0041e-08	NaN
1.7644e-08	NaN
1.5524e-08	NaN
1.3482e-08	NaN
1.1555e-08	NaN
9.8056e-09	NaN
8.2978e-09	NaN
7.0941e-09	NaN
6.2575e-09	NaN
5.8509e-09	NaN
5.9373e-09	NaN
6.5747e-09	NaN
7.8115e-09	NaN
9.6942e-09	NaN
1.227e-08	NaN
1.5585e-08	NaN
1.9687e-08	NaN
2.4622e-08	NaN
3.0437e-08	NaN
3.7077e-08	NaN
4.4235e-08	NaN
5.1567e-08	NaN
5.8729e-08	NaN
6.5377e-08	NaN
7.1167e-08	NaN
7.5754e-08	NaN
7.8796e-08	NaN
8.0157e-08	NaN
8.0308e-08	NaN
7.9829e-08	NaN
7.9298e-08	NaN
7.9295e-08	NaN
8.0398e-08	NaN
8.3187e-08	NaN
8.8241e-08	NaN
9.6139e-08	NaN
1.0746e-07	NaN
1.2278e-07	NaN
1.4268e-07	NaN
1.6775e-07	NaN
1.9855e-07	NaN
2.3567e-07	NaN
