3.666e-07	NaN
3.6725e-07	NaN
3.6354e-07	NaN
3.5588e-07	NaN
3.4472e-07	NaN
3.3047e-07	NaN
3.1357e-07	NaN
2.9445e-07	NaN
2.7354e-07	NaN
2.5125e-07	NaN
2.2803e-07	NaN
2.0431e-07	NaN
1.805e-07	NaN
1.5708e-07	NaN
1.3467e-07	NaN
1.1399e-07	NaN
9.5738e-08	NaN
8.061e-08	NaN
6.9313e-08	NaN
6.2546e-08	NaN
6.1013e-08	NaN
6.5229e-08	NaN
7.4478e-08	NaN
8.754e-08	NaN
1.032e-07	NaN
1.2023e-07	NaN
1.3742e-07	NaN
1.5354e-07	NaN
1.6738e-07	NaN
1.7787e-07	NaN
1.8517e-07	NaN
1.9001e-07	NaN
1.9313e-07	NaN
1.9526e-07	NaN
1.9714e-07	NaN
1.995e-07	NaN
2.031e-07	NaN
2.0863e-07	NaN
2.1664e-07	NaN
2.2757e-07	NaN
2.4184e-07	NaN
2.5988e-07	NaN
2.8214e-07	NaN
3.0904e-07	NaN
3.4102e-07	NaN
3.784e-07	NaN
4.2038e-07	NaN
4.6541e-07	NaN
5.1191e-07	NaN
5.5833e-07	NaN
6.0309e-07	NaN
6.4465e-07	NaN
6.8143e-07	NaN
7.1194e-07	NaN
7.356e-07	NaN
7.5255e-07	NaN
7.6291e-07	NaN
7.6682e-07	NaN
7.6442e-07	NaN
7.5584e-07	NaN
7.4123e-07	NaN
7.2075e-07	NaN
6.9508e-07	NaN
6.6534e-07	NaN
6.3267e-07	NaN
5.9821e-07	NaN
5.6308e-07	NaN
5.2844e-07	NaN
4.9542e-07	NaN
4.6511e-07	NaN
4.3803e-07	NaN
4.1402e-07	NaN
3.9294e-07	NaN
3.7462e-07	NaN
3.5892e-07	NaN
3.4568e-07	NaN
3.3474e-07	NaN
3.2594e-07	NaN
3.1886e-07	NaN
3.1281e-07	NaN
3.0709e-07	NaN
3.0099e-07	NaN
2.938e-07	NaN
2.8482e-07	NaN
2.7334e-07	NaN
2.5866e-07	NaN
2.4071e-07	NaN
2.2021e-07	NaN
1.9795e-07	NaN
1.7471e-07	NaN
1.5127e-07	NaN
1.2842e-07	NaN
1.0693e-07	NaN
8.7593e-08	NaN
7.0778e-08	NaN
5.6265e-08	NaN
4.3779e-08	NaN
3.3046e-08	NaN
2.3791e-08	NaN
1.574e-08	NaN
8.6194e-09	NaN
2.1561e-09	NaN
3.6923e-09	NaN
8.5619e-09	NaN
1.2047e-08	NaN
1.3743e-08	NaN
1.3245e-08	NaN
1.0145e-08	NaN
4.0404e-09	NaN
5.4825e-09	NaN
1.9875e-08	NaN
4.2729e-08	NaN
7.7905e-08	NaN
1.2926e-07	NaN
2.0065e-07	NaN
2.9593e-07	NaN
4.1897e-07	NaN
5.7362e-07	NaN
7.6379e-07	NaN
9.9354e-07	NaN
1.2669e-06	NaN
1.588e-06	NaN
1.9609e-06	NaN
2.3897e-06	NaN
2.8784e-06	NaN
3.431e-06	NaN
4.0474e-06	NaN
4.7148e-06	NaN
5.4185e-06	NaN
6.1436e-06	NaN
6.8754e-06	NaN
7.5991e-06	NaN
8.2999e-06	NaN
8.9629e-06	NaN
9.5764e-06	NaN
1.0138e-05	NaN
1.0648e-05	NaN
1.1105e-05	NaN
1.151e-05	NaN
1.1862e-05	NaN
1.2161e-05	NaN
1.2406e-05	NaN
1.26e-05	NaN
1.2748e-05	NaN
1.286e-05	NaN
1.2944e-05	NaN
1.3009e-05	NaN
1.3062e-05	NaN
1.3113e-05	NaN
1.317e-05	NaN
1.3238e-05	NaN
1.3315e-05	NaN
1.3393e-05	NaN
1.3466e-05	NaN
1.3526e-05	NaN
1.3566e-05	NaN
1.358e-05	NaN
1.3561e-05	NaN
1.3504e-05	NaN
1.3411e-05	NaN
1.3289e-05	NaN
1.3144e-05	NaN
1.2983e-05	NaN
1.281e-05	NaN
1.2633e-05	NaN
1.2458e-05	NaN
1.229e-05	NaN
1.2135e-05	NaN
1.1998e-05	NaN
1.1883e-05	NaN
1.1795e-05	NaN
1.1739e-05	NaN
1.1719e-05	NaN
1.1741e-05	NaN
1.1814e-05	NaN
1.1994e-05	NaN
1.2354e-05	NaN
1.2969e-05	NaN
1.3914e-05	NaN
1.5264e-05	NaN
1.7092e-05	NaN
1.9475e-05	NaN
2.2494e-05	NaN
2.6298e-05	NaN
3.1076e-05	NaN
3.7015e-05	NaN
4.4301e-05	NaN
5.3123e-05	NaN
6.3667e-05	NaN
7.6122e-05	NaN
9.0675e-05	NaN
0.00010753	NaN
0.00012691	NaN
0.00014901	NaN
0.00017407	NaN
0.00020228	NaN
0.00023387	NaN
0.00026905	NaN
0.00030803	NaN
0.00035086	NaN
0.0003975	NaN
0.00044792	NaN
0.00050205	NaN
0.00055987	NaN
0.00062132	NaN
0.00068637	NaN
0.00075494	NaN
0.00082683	NaN
0.00090166	NaN
0.00097905	NaN
0.0010586	NaN
0.00114	NaN
0.0012229	NaN
0.0013068	NaN
0.0013913	NaN
0.0014762	NaN
0.0015608	NaN
0.0016447	NaN
0.0017274	NaN
0.0018085	NaN
0.0018874	NaN
0.0019637	NaN
0.0020368	NaN
0.0021067	NaN
0.0021732	NaN
0.0022363	NaN
0.0022963	NaN
0.002353	NaN
0.0024064	NaN
0.0024567	NaN
0.0025039	NaN
0.002548	NaN
0.0025897	NaN
0.0026292	NaN
0.0026669	NaN
0.0027034	NaN
0.0027389	NaN
0.0027739	NaN
0.0028089	NaN
0.002844	NaN
0.0028791	NaN
0.0029141	NaN
0.0029489	NaN
0.0029833	NaN
0.0030173	NaN
0.0030507	NaN
0.0030833	NaN
0.0031151	NaN
0.0031459	NaN
0.0031755	NaN
0.0032037	NaN
0.0032302	NaN
0.0032551	NaN
0.0032779	NaN
0.0032987	NaN
0.0033171	NaN
0.0033331	NaN
0.0033464	NaN
0.0033569	NaN
0.0033645	NaN
0.003369	NaN
0.0033702	NaN
0.0033679	NaN
0.0033623	NaN
0.003354	NaN
0.0033437	NaN
0.0033322	NaN
0.0033203	NaN
0.0033088	NaN
0.0032982	NaN
0.0032895	NaN
0.0032831	NaN
0.003279	NaN
0.003277	NaN
0.0032769	NaN
0.0032786	NaN
0.003282	NaN
0.0032868	NaN
0.0032929	NaN
0.0033001	NaN
0.0033079	NaN
0.0033156	NaN
0.0033228	NaN
0.0033288	NaN
0.0033332	NaN
0.0033353	NaN
0.0033346	NaN
0.0033307	NaN
0.0033241	NaN
0.0033153	NaN
0.0033049	NaN
0.0032936	NaN
0.0032818	NaN
0.0032703	NaN
0.0032596	NaN
0.0032502	NaN
0.0032423	NaN
0.0032361	NaN
0.0032317	NaN
0.0032292	NaN
0.0032287	NaN
0.0032303	NaN
0.0032343	NaN
0.0032406	NaN
0.003249	NaN
0.0032592	NaN
0.003271	NaN
0.0032839	NaN
0.0032976	NaN
0.003312	NaN
0.0033265	NaN
0.003341	NaN
0.0033557	NaN
0.0033708	NaN
0.0033867	NaN
0.0034038	NaN
0.0034223	NaN
0.0034426	NaN
0.003465	NaN
0.00349	NaN
0.0035182	NaN
0.0035508	NaN
0.0035888	NaN
0.0036331	NaN
0.0036849	NaN
0.003745	NaN
0.0038146	NaN
0.0038946	NaN
0.0039859	NaN
0.0040892	NaN
0.0042053	NaN
0.0043349	NaN
0.0044788	NaN
0.0046376	NaN
0.0048123	NaN
0.0050034	NaN
0.0052112	NaN
0.0054356	NaN
0.0056766	NaN
0.0059339	NaN
0.0062076	NaN
0.0064975	NaN
0.0068036	NaN
0.0071257	NaN
0.0074632	NaN
0.0078151	NaN
0.0081806	NaN
0.0085585	NaN
0.008948	NaN
0.0093481	NaN
0.0097577	NaN
0.010176	NaN
0.0106	NaN
0.011024	NaN
0.011445	NaN
0.011858	NaN
0.012258	NaN
0.012641	NaN
0.013002	NaN
0.013336	NaN
0.01364	NaN
0.013914	NaN
0.014154	NaN
0.01436	NaN
0.01453	NaN
0.014663	NaN
0.014756	NaN
0.014809	NaN
0.014822	NaN
0.0148	NaN
0.014746	NaN
0.014664	NaN
0.014559	NaN
0.014435	NaN
0.014295	NaN
0.014144	NaN
0.013986	NaN
0.013822	NaN
0.013656	NaN
0.01349	NaN
0.013326	NaN
0.013169	NaN
0.013019	NaN
0.01288	NaN
0.012754	NaN
0.01264	NaN
0.012539	NaN
0.012452	NaN
0.012379	NaN
0.012319	NaN
0.012273	NaN
0.012242	NaN
0.012225	NaN
0.012221	NaN
0.012231	NaN
0.012253	NaN
0.012286	NaN
0.01233	NaN
0.012384	NaN
0.012448	NaN
0.012519	NaN
0.012597	NaN
0.012678	NaN
0.01276	NaN
0.01284	NaN
0.012917	NaN
0.012987	NaN
0.013049	NaN
0.013101	NaN
0.013144	NaN
0.013181	NaN
0.013214	NaN
0.013244	NaN
0.013273	NaN
0.013303	NaN
0.013337	NaN
0.013376	NaN
0.013429	NaN
0.0135	NaN
0.013597	NaN
0.013726	NaN
0.013895	NaN
0.014109	NaN
0.014376	NaN
0.014701	NaN
0.015089	NaN
0.015542	NaN
0.016063	NaN
0.016656	NaN
0.017325	NaN
0.018072	NaN
0.0189	NaN
0.019812	NaN
0.020812	NaN
0.021899	NaN
0.023076	NaN
0.024345	NaN
0.025707	NaN
0.027164	NaN
0.028718	NaN
0.030372	NaN
0.032136	NaN
0.034022	NaN
0.036041	NaN
0.038205	NaN
0.040526	NaN
0.043015	NaN
0.045685	NaN
0.048544	NaN
0.051587	NaN
0.054806	NaN
0.058191	NaN
0.061732	NaN
0.065422	NaN
0.069249	NaN
0.073206	NaN
0.077285	NaN
0.081493	NaN
0.085845	NaN
0.090351	NaN
0.095026	NaN
0.099883	NaN
0.10493	-0.41354
0.11019	-0.41442
0.11568	-0.41435
0.1215	-0.41335
0.12778	-0.4115
0.13465	-0.40889
0.14226	-0.40562
0.15073	-0.40177
0.16019	-0.39744
0.17078	-0.39271
0.18262	-0.38767
0.19576	-0.38229
0.21022	-0.37653
0.226	-0.3703
0.24312	-0.36356
0.26158	-0.35624
0.2814	-0.34828
0.30258	-0.33961
0.32512	-0.33017
0.34894	-0.31991
0.37386	-0.3088
0.39973	-0.29678
0.42638	-0.28382
0.45366	-0.26987
0.48141	-0.25489
0.50946	-0.23883
0.53765	-0.22168
0.56587	-0.20356
0.59402	-0.18473
0.62199	-0.16545
0.64971	-0.14598
0.67706	-0.12658
0.70396	-0.10749
0.73031	-0.088992
0.75601	-0.071322
0.78097	-0.054683
0.80513	-0.03922
0.82841	-0.025081
0.85074	-0.012412
0.87203	-0.001359
0.89222	0.0079304
0.91123	0.01531
0.92898	0.020638
0.9453	0.023855
0.95997	0.024981
0.97274	0.024037
0.98337	0.021044
0.99162	0.016026
0.99724	0.0090042
1	0
0.99966	-0.010965
0.99604	-0.023893
0.98908	-0.038808
0.97869	-0.055738
0.96479	-0.074709
0.9473	-0.095749
0.92614	-0.11888
0.90123	-0.14414
0.8725	-0.17154
0.84013	-0.20102
0.80463	-0.23243
0.76652	-0.26558
0.72633	-0.30031
0.68457	-0.33645
0.64177	-0.37381
0.59846	-0.41224
0.55516	-0.45156
0.5123	-0.49204
0.47024	-0.53451
0.42929	-0.57989
0.38978	-0.62906
0.35205	-0.68292
0.31642	-0.74237
0.28321	-0.8083
0.25276	-0.8816
0.22522	-0.96202
0.2005	-1.0474
0.17845	-1.1353
0.15894	-1.2236
0.14185	-1.3098
0.12703	-1.3915
0.11435	-1.4666
0.10368	-1.5326
0.094889	NaN
0.087814	NaN
0.082308	NaN
0.07822	NaN
0.075398	NaN
0.073691	NaN
0.072948	NaN
0.073016	NaN
0.073746	NaN
0.074994	NaN
0.076615	NaN
0.078466	NaN
0.080402	NaN
0.082279	NaN
0.083953	NaN
0.08528	NaN
0.086147	NaN
0.086519	NaN
0.086375	NaN
0.085695	NaN
0.084456	NaN
0.082639	NaN
0.080221	NaN
0.077182	NaN
0.073527	NaN
0.069341	NaN
0.064723	NaN
0.059775	NaN
0.054596	NaN
0.049287	NaN
0.043948	NaN
0.03868	NaN
0.033572	NaN
0.02868	NaN
0.024047	NaN
0.01972	NaN
0.015744	NaN
0.012165	NaN
0.0090284	NaN
0.0063794	NaN
0.0042496	NaN
0.00261	NaN
0.0014153	NaN
0.00062012	NaN
0.00017918	NaN
4.7166e-05	NaN
0.00017878	NaN
0.00052872	NaN
0.0010522	NaN
0.0017074	NaN
0.0024531	NaN
0.0032484	NaN
0.0040521	NaN
0.0048234	NaN
0.005521	NaN
0.006104	NaN
0.0065369	NaN
0.0068176	NaN
0.0069562	NaN
0.006963	NaN
0.0068483	NaN
0.0066224	NaN
0.0062954	NaN
0.0058777	NaN
0.0053805	NaN
0.0048221	NaN
0.004224	NaN
0.0036076	NaN
0.0029944	NaN
0.0024057	NaN
0.0018631	NaN
0.0013879	NaN
0.00099952	NaN
0.00069955	NaN
0.00048054	NaN
0.00033502	NaN
0.00025548	NaN
0.00023443	NaN
0.00026438	NaN
0.00033782	NaN
0.00044719	NaN
0.00058404	NaN
0.00073944	NaN
0.00090444	NaN
0.0010701	NaN
0.0012274	NaN
0.0013675	NaN
0.0014814	NaN
0.0015607	NaN
0.0016044	NaN
0.0016164	NaN
0.0016007	NaN
0.0015612	NaN
0.0015022	NaN
0.0014274	NaN
0.001341	NaN
0.001247	NaN
0.0011483	NaN
0.0010475	NaN
0.00094695	NaN
0.00084903	NaN
0.00075616	NaN
0.00067075	NaN
0.00059519	NaN
0.00053179	NaN
0.00048068	NaN
0.00044	NaN
0.00040786	NaN
0.00038234	NaN
0.00036153	NaN
0.00034351	NaN
0.00032638	NaN
0.00030826	NaN
0.00028846	NaN
0.00026752	NaN
0.00024604	NaN
0.00022461	NaN
0.00020383	NaN
0.00018429	NaN
0.00016658	NaN
0.00015131	NaN
0.0001387	NaN
0.00012856	NaN
0.0001207	NaN
0.00011489	NaN
0.00011094	NaN
0.00010862	NaN
0.00010773	NaN
0.00010806	NaN
0.00010939	NaN
0.00011152	NaN
0.00011422	NaN
0.00011727	NaN
0.00012047	NaN
0.00012359	NaN
0.00012642	NaN
0.00012874	NaN
0.00013041	NaN
0.00013141	NaN
0.00013174	NaN
0.00013139	NaN
0.00013036	NaN
0.00012863	NaN
0.00012621	NaN
0.00012308	NaN
0.00011926	NaN
0.00011482	NaN
0.00010984	NaN
0.00010439	NaN
9.8538e-05	NaN
9.236e-05	NaN
8.5929e-05	NaN
7.9318e-05	NaN
7.2606e-05	NaN
6.588e-05	NaN
5.923e-05	NaN
5.2746e-05	NaN
4.6516e-05	NaN
4.0631e-05	NaN
3.518e-05	NaN
3.0253e-05	NaN
2.5933e-05	NaN
2.2294e-05	NaN
1.9404e-05	NaN
1.7333e-05	NaN
1.6151e-05	NaN
1.5928e-05	NaN
1.6732e-05	NaN
1.8635e-05	NaN
2.1633e-05	NaN
2.5506e-05	NaN
2.9993e-05	NaN
3.4833e-05	NaN
3.9765e-05	NaN
4.4528e-05	NaN
4.8861e-05	NaN
5.2503e-05	NaN
5.5242e-05	NaN
5.7036e-05	NaN
5.7886e-05	NaN
5.7788e-05	NaN
5.6741e-05	NaN
5.4744e-05	NaN
5.1795e-05	NaN
4.7892e-05	NaN
4.3077e-05	NaN
3.7577e-05	NaN
3.1668e-05	NaN
2.5626e-05	NaN
1.9725e-05	NaN
1.4242e-05	NaN
9.4506e-06	NaN
5.6277e-06	NaN
2.9928e-06	NaN
1.4916e-06	NaN
9.852e-07	NaN
1.3344e-06	NaN
2.4002e-06	NaN
4.0435e-06	NaN
6.1252e-06	NaN
8.5063e-06	NaN
1.1053e-05	NaN
1.366e-05	NaN
1.6234e-05	NaN
1.8682e-05	NaN
2.0908e-05	NaN
2.2821e-05	NaN
2.4325e-05	NaN
2.5327e-05	NaN
2.5756e-05	NaN
2.57e-05	NaN
2.5315e-05	NaN
2.4756e-05	NaN
2.4179e-05	NaN
2.374e-05	NaN
2.3595e-05	NaN
2.3899e-05	NaN
2.4785e-05	NaN
2.6186e-05	NaN
2.7937e-05	NaN
2.9872e-05	NaN
3.1826e-05	NaN
3.3633e-05	NaN
3.5127e-05	NaN
3.6142e-05	NaN
3.6528e-05	NaN
3.628e-05	NaN
3.548e-05	NaN
3.4209e-05	NaN
3.2549e-05	NaN
3.0582e-05	NaN
2.8389e-05	NaN
2.6054e-05	NaN
2.3655e-05	NaN
2.1254e-05	NaN
1.89e-05	NaN
1.664e-05	NaN
1.4525e-05	NaN
1.2601e-05	NaN
1.0918e-05	NaN
9.5231e-06	NaN
8.4656e-06	NaN
7.7976e-06	NaN
7.5743e-06	NaN
7.8509e-06	NaN
8.6825e-06	NaN
1.0125e-05	NaN
1.2232e-05	NaN
1.506e-05	NaN
1.8668e-05	NaN
2.3181e-05	NaN
2.8785e-05	NaN
3.5666e-05	NaN
4.4014e-05	NaN
5.4014e-05	NaN
6.5856e-05	NaN
7.9725e-05	NaN
9.5805e-05	NaN
0.00011414	NaN
0.00013463	NaN
0.00015717	NaN
0.00018167	NaN
0.00020801	NaN
0.00023609	NaN
0.0002658	NaN
0.00029705	NaN
0.0003296	NaN
0.00036312	NaN
0.00039723	NaN
0.00043157	NaN
0.0004658	NaN
0.00049953	NaN
0.00053243	NaN
0.00056412	NaN
0.00059431	NaN
0.00062279	NaN
0.00064937	NaN
0.00067385	NaN
0.00069602	NaN
0.00071568	NaN
0.00073264	NaN
0.00074669	NaN
0.00075776	NaN
0.00076598	NaN
0.00077147	NaN
0.0007744	NaN
0.00077488	NaN
0.00077307	NaN
0.0007691	NaN
0.00076311	NaN
0.00075528	NaN
0.00074584	NaN
0.00073503	NaN
0.00072308	NaN
0.00071025	NaN
0.00069676	NaN
0.00068287	NaN
0.0006688	NaN
0.00065469	NaN
0.0006404	NaN
0.00062578	NaN
0.00061067	NaN
0.00059492	NaN
0.00057835	NaN
0.00056083	NaN
0.00054219	NaN
0.00052233	NaN
0.00050134	NaN
0.00047932	NaN
0.00045638	NaN
0.00043262	NaN
0.00040814	NaN
0.00038306	NaN
0.00035747	NaN
0.0003315	NaN
0.00030538	NaN
0.00027932	NaN
0.00025354	NaN
0.00022829	NaN
0.00020377	NaN
0.00018022	NaN
0.00015785	NaN
0.00013687	NaN
0.00011732	NaN
9.9237e-05	NaN
8.2639e-05	NaN
6.7556e-05	NaN
5.4015e-05	NaN
4.2043e-05	NaN
3.1666e-05	NaN
2.2897e-05	NaN
1.5681e-05	NaN
9.9477e-06	NaN
5.6277e-06	NaN
2.6507e-06	NaN
9.4631e-07	NaN
4.4453e-07	NaN
1.0752e-06	NaN
2.7531e-06	NaN
5.3209e-06	NaN
8.5992e-06	NaN
1.2409e-05	NaN
1.6571e-05	NaN
2.0905e-05	NaN
2.5233e-05	NaN
2.9375e-05	NaN
3.317e-05	NaN
3.6556e-05	NaN
3.9509e-05	NaN
4.2002e-05	NaN
4.4012e-05	NaN
4.5512e-05	NaN
4.6478e-05	NaN
4.6884e-05	NaN
4.6715e-05	NaN
4.6025e-05	NaN
4.4893e-05	NaN
4.3402e-05	NaN
4.1633e-05	NaN
3.9668e-05	NaN
3.7587e-05	NaN
3.5471e-05	NaN
3.3396e-05	NaN
3.1384e-05	NaN
2.943e-05	NaN
2.753e-05	NaN
2.5679e-05	NaN
2.3874e-05	NaN
2.211e-05	NaN
2.0383e-05	NaN
1.869e-05	NaN
1.7036e-05	NaN
1.5431e-05	NaN
1.3887e-05	NaN
1.2413e-05	NaN
1.102e-05	NaN
9.718e-06	NaN
8.5185e-06	NaN
7.4307e-06	NaN
6.4545e-06	NaN
5.5834e-06	NaN
4.8109e-06	NaN
4.1304e-06	NaN
3.5352e-06	NaN
3.019e-06	NaN
2.5749e-06	NaN
2.1965e-06	NaN
1.877e-06	NaN
1.6093e-06	NaN
1.3867e-06	NaN
1.2021e-06	NaN
1.0485e-06	NaN
9.1906e-07	NaN
8.0681e-07	NaN
7.05e-07	NaN
6.1055e-07	NaN
5.2366e-07	NaN
4.4458e-07	NaN
3.7361e-07	NaN
3.11e-07	NaN
2.5706e-07	NaN
2.1204e-07	NaN
1.7621e-07	NaN
1.4941e-07	NaN
1.3105e-07	NaN
1.2051e-07	NaN
1.1719e-07	NaN
1.2048e-07	NaN
1.2977e-07	NaN
1.4446e-07	NaN
1.6392e-07	NaN
1.8726e-07	NaN
2.1323e-07	NaN
2.4059e-07	NaN
2.6808e-07	NaN
2.9445e-07	NaN
3.1845e-07	NaN
3.3882e-07	NaN
3.5434e-07	NaN
3.6443e-07	NaN
3.6944e-07	NaN
3.6979e-07	NaN
3.6588e-07	NaN
3.5813e-07	NaN
3.4695e-07	NaN
3.3274e-07	NaN
3.1592e-07	NaN
2.9693e-07	NaN
2.762e-07	NaN
2.5418e-07	NaN
2.3135e-07	NaN
2.0814e-07	NaN
1.85e-07	NaN
1.624e-07	NaN
1.4078e-07	NaN
1.2049e-07	NaN
1.0163e-07	NaN
8.4328e-08	NaN
6.8674e-08	NaN
5.4775e-08	NaN
4.2733e-08	NaN
3.2653e-08	NaN
2.4637e-08	NaN
1.8673e-08	NaN
1.4501e-08	NaN
1.1836e-08	NaN
1.0389e-08	NaN
9.8721e-09	NaN
9.997e-09	NaN
1.0476e-08	NaN
1.1022e-08	NaN
1.1459e-08	NaN
1.1894e-08	NaN
1.2472e-08	NaN
1.3341e-08	NaN
1.4648e-08	NaN
1.6538e-08	NaN
1.916e-08	NaN
2.2659e-08	NaN
2.7147e-08	NaN
3.2626e-08	NaN
3.9083e-08	NaN
4.6502e-08	NaN
5.4868e-08	NaN
6.4167e-08	NaN
7.4384e-08	NaN
8.5503e-08	NaN
9.7511e-08	NaN
1.1039e-07	NaN
1.2413e-07	NaN
1.3871e-07	NaN
1.5412e-07	NaN
1.7035e-07	NaN
1.8737e-07	NaN
2.0518e-07	NaN
3.1173e-07	NaN
3.3414e-07	NaN
3.5047e-07	NaN
3.6115e-07	NaN
