2.375e-09	NaN
1.2054e-07	NaN
1.8004e-07	NaN
2.3738e-07	NaN
2.9218e-07	NaN
3.44e-07	NaN
3.9245e-07	NaN
4.3712e-07	NaN
4.7759e-07	NaN
5.1347e-07	NaN
5.4435e-07	NaN
5.698e-07	NaN
5.8944e-07	NaN
6.0284e-07	NaN
6.0961e-07	NaN
6.0933e-07	NaN
6.016e-07	NaN
5.86e-07	NaN
5.6247e-07	NaN
5.3275e-07	NaN
4.9925e-07	NaN
4.6436e-07	NaN
4.3049e-07	NaN
4.0003e-07	NaN
3.7539e-07	NaN
3.5895e-07	NaN
3.529e-07	NaN
3.5805e-07	NaN
3.7463e-07	NaN
4.0285e-07	NaN
4.4296e-07	NaN
4.9518e-07	NaN
5.5974e-07	NaN
6.3687e-07	NaN
7.2663e-07	NaN
8.2787e-07	NaN
9.388e-07	NaN
1.0577e-06	NaN
1.1827e-06	NaN
1.3122e-06	NaN
1.4443e-06	NaN
1.5772e-06	NaN
1.7094e-06	NaN
1.84e-06	NaN
1.969e-06	NaN
2.096e-06	NaN
2.2209e-06	NaN
2.3435e-06	NaN
2.4636e-06	NaN
2.581e-06	NaN
2.6954e-06	NaN
2.8061e-06	NaN
2.9119e-06	NaN
3.0116e-06	NaN
3.1041e-06	NaN
3.1881e-06	NaN
3.2626e-06	NaN
3.3263e-06	NaN
3.3783e-06	NaN
3.4195e-06	NaN
3.4527e-06	NaN
3.4804e-06	NaN
3.5053e-06	NaN
3.5301e-06	NaN
3.5574e-06	NaN
3.5898e-06	NaN
3.6299e-06	NaN
3.6776e-06	NaN
3.7307e-06	NaN
3.7869e-06	NaN
3.8438e-06	NaN
3.8991e-06	NaN
3.9506e-06	NaN
3.996e-06	NaN
4.0329e-06	NaN
4.06e-06	NaN
4.077e-06	NaN
4.0835e-06	NaN
4.0791e-06	NaN
4.0635e-06	NaN
4.0364e-06	NaN
3.9973e-06	NaN
3.9461e-06	NaN
3.8851e-06	NaN
3.8199e-06	NaN
3.7563e-06	NaN
3.6999e-06	NaN
3.6565e-06	NaN
3.6318e-06	NaN
3.6315e-06	NaN
3.6613e-06	NaN
3.7262e-06	NaN
3.83e-06	NaN
3.9768e-06	NaN
4.1704e-06	NaN
4.4146e-06	NaN
4.7134e-06	NaN
5.0707e-06	NaN
5.4902e-06	NaN
5.9733e-06	NaN
6.517e-06	NaN
7.1182e-06	NaN
7.7738e-06	NaN
8.4806e-06	NaN
9.2354e-06	NaN
1.0035e-05	NaN
1.0876e-05	NaN
1.1756e-05	NaN
1.2672e-05	NaN
1.3619e-05	NaN
1.4596e-05	NaN
1.5599e-05	NaN
1.6624e-05	NaN
1.767e-05	NaN
1.8732e-05	NaN
1.981e-05	NaN
2.0907e-05	NaN
2.2026e-05	NaN
2.3172e-05	NaN
2.4348e-05	NaN
2.5557e-05	NaN
2.6804e-05	NaN
2.8091e-05	NaN
2.9427e-05	NaN
3.0822e-05	NaN
3.2291e-05	NaN
3.3848e-05	NaN
3.5505e-05	NaN
3.7276e-05	NaN
3.9176e-05	NaN
4.1217e-05	NaN
4.3425e-05	NaN
4.5863e-05	NaN
4.8596e-05	NaN
5.1694e-05	NaN
5.5224e-05	NaN
5.9253e-05	NaN
6.3848e-05	NaN
6.9078e-05	NaN
7.5011e-05	NaN
8.1721e-05	NaN
8.9281e-05	NaN
9.7768e-05	NaN
0.00010725	NaN
0.00011781	NaN
0.00012952	NaN
0.00014246	NaN
0.00015668	NaN
0.00017221	NaN
0.00018907	NaN
0.00020728	NaN
0.00022684	NaN
0.00024779	NaN
0.00027012	NaN
0.00029386	NaN
0.00031898	NaN
0.00034522	NaN
0.00037225	NaN
0.00039976	NaN
0.00042744	NaN
0.00045495	NaN
0.00048197	NaN
0.0005082	NaN
0.0005333	NaN
0.00055698	NaN
0.00057894	NaN
0.00059889	NaN
0.00061653	NaN
0.00063155	NaN
0.00064368	NaN
0.0006526	NaN
0.00065808	NaN
0.00066034	NaN
0.00065972	NaN
0.00065661	NaN
0.00065137	NaN
0.00064437	NaN
0.00063597	NaN
0.00062655	NaN
0.00061644	NaN
0.00060569	NaN
0.00059423	NaN
0.00058198	NaN
0.00056887	NaN
0.00055482	NaN
0.00053976	NaN
0.00052362	NaN
0.00050634	NaN
0.00048808	NaN
0.00046912	NaN
0.00044974	NaN
0.00043022	NaN
0.00041083	NaN
0.00039185	NaN
0.00037357	NaN
0.00035626	NaN
0.00034033	NaN
0.00032624	NaN
0.00031444	NaN
0.00030541	NaN
0.00029959	NaN
0.00029747	NaN
0.00029949	NaN
0.00030611	NaN
0.00031756	NaN
0.00033395	NaN
0.00035535	NaN
0.00038185	NaN
0.00041354	NaN
0.00045051	NaN
0.00049285	NaN
0.00054062	NaN
0.0005937	NaN
0.00065177	NaN
0.0007145	NaN
0.00078159	NaN
0.0008527	NaN
0.00092752	NaN
0.0010057	NaN
0.001087	NaN
0.0011711	NaN
0.0012579	NaN
0.0013472	NaN
0.0014388	NaN
0.0015326	NaN
0.0016284	NaN
0.0017261	NaN
0.0018255	NaN
0.0019263	NaN
0.0020284	NaN
0.0021313	NaN
0.0022348	NaN
0.0023386	NaN
0.0024423	NaN
0.0025458	NaN
0.0026487	NaN
0.0027509	NaN
0.0028526	NaN
0.002954	NaN
0.0030552	NaN
0.0031565	NaN
0.0032581	NaN
0.00336	NaN
0.0034626	NaN
0.0035658	NaN
0.0036694	NaN
0.003773	NaN
0.0038764	NaN
0.0039793	NaN
0.0040813	NaN
0.0041823	NaN
0.0042818	NaN
0.0043798	NaN
0.0044762	NaN
0.0045711	NaN
0.0046645	NaN
0.0047563	NaN
0.0048468	NaN
0.0049357	NaN
0.0050233	NaN
0.0051092	NaN
0.005193	NaN
0.0052739	NaN
0.0053515	NaN
0.0054249	NaN
0.0054936	NaN
0.005557	NaN
0.0056145	NaN
0.005665	NaN
0.0057071	NaN
0.005739	NaN
0.005759	NaN
0.0057655	NaN
0.0057567	NaN
0.005731	NaN
0.0056867	NaN
0.0056226	NaN
0.0055395	NaN
0.005438	NaN
0.0053192	NaN
0.0051838	NaN
0.0050328	NaN
0.0048669	NaN
0.0046872	NaN
0.0044945	NaN
0.004291	NaN
0.0040785	NaN
0.0038592	NaN
0.0036351	NaN
0.0034083	NaN
0.0031807	NaN
0.0029545	NaN
0.0027315	NaN
0.0025127	NaN
0.0022989	NaN
0.002091	NaN
0.0018898	NaN
0.0016962	NaN
0.001511	NaN
0.001335	NaN
0.001169	NaN
0.0010134	NaN
0.00086843	NaN
0.00073447	NaN
0.0006118	NaN
0.0005007	NaN
0.00040147	NaN
0.00031441	NaN
0.00023969	NaN
0.00017675	NaN
0.00012481	NaN
8.3092e-05	NaN
5.0807e-05	NaN
2.7171e-05	NaN
1.1401e-05	NaN
2.7123e-06	NaN
3.323e-07	NaN
3.5542e-06	NaN
1.1697e-05	NaN
2.4082e-05	NaN
4.0026e-05	NaN
5.885e-05	NaN
7.9874e-05	NaN
0.00010242	NaN
0.00012586	NaN
0.0001501	NaN
0.00017523	NaN
0.00020136	NaN
0.00022861	NaN
0.00025709	NaN
0.00028689	NaN
0.00031814	NaN
0.00035093	NaN
0.00038522	NaN
0.0004209	NaN
0.00045786	NaN
0.000496	NaN
0.0005352	NaN
0.00057537	NaN
0.00061638	NaN
0.00065809	NaN
0.00069992	NaN
0.00074102	NaN
0.00078054	NaN
0.00081762	NaN
0.00085142	NaN
0.00088108	NaN
0.00090575	NaN
0.00092461	NaN
0.00093745	NaN
0.00094443	NaN
0.00094575	NaN
0.0009416	NaN
0.00093216	NaN
0.00091762	NaN
0.00089817	NaN
0.00087401	NaN
0.00084551	NaN
0.00081314	NaN
0.0007774	NaN
0.0007388	NaN
0.00069781	NaN
0.00065495	NaN
0.0006107	NaN
0.00056555	NaN
0.00051996	NaN
0.00047434	NaN
0.0004291	NaN
0.00038466	NaN
0.00034143	NaN
0.00029981	NaN
0.00026023	NaN
0.00022308	NaN
0.00018866	NaN
0.00015709	NaN
0.0001285	NaN
0.00010304	NaN
8.082e-05	NaN
6.1983e-05	NaN
4.6658e-05	NaN
3.4968e-05	NaN
2.6818e-05	NaN
2.1828e-05	NaN
1.9602e-05	NaN
1.9743e-05	NaN
2.1856e-05	NaN
2.5543e-05	NaN
3.0408e-05	NaN
3.6057e-05	NaN
4.2234e-05	NaN
4.8884e-05	NaN
5.597e-05	NaN
6.3454e-05	NaN
7.1297e-05	NaN
7.9462e-05	NaN
8.791e-05	NaN
9.6609e-05	NaN
0.00010596	NaN
0.00011712	NaN
0.00013129	NaN
0.0001497	NaN
0.00017356	NaN
0.00020409	NaN
0.00024251	NaN
0.00029003	NaN
0.00034732	NaN
0.00041395	NaN
0.00048938	NaN
0.00057306	NaN
0.00066444	NaN
0.00076298	NaN
0.00086812	NaN
0.00097933	NaN
0.0010955	NaN
0.0012145	NaN
0.0013338	NaN
0.0014511	NaN
0.0015639	NaN
0.0016698	NaN
0.0017665	NaN
0.0018516	NaN
0.0019229	NaN
0.0019794	NaN
0.0020201	NaN
0.0020441	NaN
0.0020504	NaN
0.0020381	NaN
0.0020062	NaN
0.0019538	NaN
0.0018804	NaN
0.0017877	NaN
0.0016773	NaN
0.0015513	NaN
0.0014113	NaN
0.0012593	NaN
0.001097	NaN
0.00092641	NaN
0.00075073	NaN
0.00057876	NaN
0.00042055	NaN
0.00028612	NaN
0.00018553	NaN
0.00012882	NaN
0.00012604	NaN
0.00018721	NaN
0.00032509	NaN
0.00056428	NaN
0.00093262	NaN
0.001458	NaN
0.0021682	NaN
0.0030911	NaN
0.0042547	NaN
0.0056866	NaN
0.0074197	NaN
0.0095116	NaN
0.012028	NaN
0.015035	NaN
0.018599	NaN
0.022784	NaN
0.027657	NaN
0.033284	NaN
0.039724	NaN
0.046993	NaN
0.05509	NaN
0.064016	NaN
0.07377	NaN
0.084352	NaN
0.095763	NaN
0.108	-0.61279
0.12107	-0.60672
0.13495	-0.59973
0.14963	-0.59188
0.16509	-0.58322
0.18132	-0.57379
0.19831	-0.56366
0.21603	-0.55286
0.23447	-0.54145
0.25362	-0.52948
0.27345	-0.51697
0.29392	-0.50392
0.315	-0.49035
0.33667	-0.47627
0.35889	-0.46167
0.38163	-0.44657
0.40486	-0.43098
0.42855	-0.41491
0.45269	-0.39836
0.47729	-0.38135
0.50236	-0.3639
0.52791	-0.34602
0.55394	-0.32773
0.58046	-0.30903
0.60748	-0.28996
0.635	-0.27052
0.66292	-0.2508
0.69105	-0.23096
0.7192	-0.21112
0.7472	-0.19143
0.77487	-0.17203
0.80202	-0.15307
0.82846	-0.13468
0.85402	-0.117
0.87844	-0.10014
0.90144	-0.084199
0.92272	-0.069256
0.94199	-0.055399
0.95895	-0.042718
0.97332	-0.0313
0.98479	-0.021231
0.99309	-0.0126
0.99812	-0.0054941
1	0
0.99882	0.0037955
0.9947	0.0058054
0.98774	0.005943
0.97804	0.0041213
0.96572	0.0002534
0.95089	-0.005745
0.93379	-0.013894
0.91478	-0.024145
0.89424	-0.036447
0.87255	-0.050746
0.85009	-0.066991
0.82723	-0.085129
0.80435	-0.10511
0.78183	-0.12688
0.75985	-0.15041
0.73839	-0.17571
0.71738	-0.20278
0.6968	-0.23162
0.67659	-0.26224
0.65669	-0.29464
0.63708	-0.32884
0.61769	-0.36482
0.59845	-0.40256
0.57919	-0.44197
0.55979	-0.48296
0.54008	-0.52543
0.51992	-0.5693
0.49916	-0.61446
0.47765	-0.66083
0.45524	-0.70832
0.43192	-0.75713
0.4079	-0.80795
0.38343	-0.8615
0.35873	-0.91852
0.33404	-0.97974
0.3096	-1.0459
0.28564	-1.1177
0.26239	-1.1959
0.24006	-1.2802
0.21874	-1.3684
0.19853	-1.458
0.17954	-1.5467
0.16186	-1.632
0.14559	-1.7115
0.13083	-1.7827
0.11767	-1.8433
0.10617	-1.8937
0.096192	NaN
0.087627	NaN
0.080344	NaN
0.074216	NaN
0.069114	NaN
0.064914	NaN
0.061487	NaN
0.058724	NaN
0.056563	NaN
0.054946	NaN
0.053819	NaN
0.053126	NaN
0.052811	NaN
0.052818	NaN
0.053092	NaN
0.05358	NaN
0.054245	NaN
0.055049	NaN
0.055955	NaN
0.056926	NaN
0.057927	NaN
0.05892	NaN
0.059868	NaN
0.060738	NaN
0.061503	NaN
0.062143	NaN
0.062632	NaN
0.062949	NaN
0.06307	NaN
0.062973	NaN
0.062635	NaN
0.062038	NaN
0.061187	NaN
0.060095	NaN
0.058774	NaN
0.057235	NaN
0.055491	NaN
0.053552	NaN
0.051432	NaN
0.049144	NaN
0.046708	NaN
0.044151	NaN
0.041496	NaN
0.038766	NaN
0.035988	NaN
0.033185	NaN
0.030381	NaN
0.027601	NaN
0.024868	NaN
0.022205	NaN
0.019637	NaN
0.017186	NaN
0.014875	NaN
0.012728	NaN
0.010768	NaN
0.009017	NaN
0.0074772	NaN
0.0061448	NaN
0.0050158	NaN
0.004086	NaN
0.0033513	NaN
0.0028075	NaN
0.0024505	NaN
0.0022753	NaN
0.0022682	NaN
0.0024116	NaN
0.0026877	NaN
0.0030788	NaN
0.003567	NaN
0.0041345	NaN
0.0047638	NaN
0.0054373	NaN
0.0061434	NaN
0.0068732	NaN
0.0076182	NaN
0.0083695	NaN
0.0091186	NaN
0.0098568	NaN
0.010575	NaN
0.011266	NaN
0.011923	NaN
0.012545	NaN
0.013129	NaN
0.013671	NaN
0.01417	NaN
0.014623	NaN
0.015026	NaN
0.015379	NaN
0.015679	NaN
0.01593	NaN
0.016131	NaN
0.016284	NaN
0.01639	NaN
0.016451	NaN
0.016468	NaN
0.016443	NaN
0.016377	NaN
0.016273	NaN
0.016134	NaN
0.015963	NaN
0.015763	NaN
0.015537	NaN
0.015286	NaN
0.015016	NaN
0.014727	NaN
0.014421	NaN
0.014102	NaN
0.013771	NaN
0.01343	NaN
0.013081	NaN
0.012726	NaN
0.012367	NaN
0.012007	NaN
0.011646	NaN
0.011285	NaN
0.010925	NaN
0.010569	NaN
0.010216	NaN
0.0098686	NaN
0.0095274	NaN
0.009193	NaN
0.0088653	NaN
0.0085439	NaN
0.0082287	NaN
0.0079194	NaN
0.0076156	NaN
0.0073171	NaN
0.0070236	NaN
0.0067349	NaN
0.0064509	NaN
0.0061715	NaN
0.0058965	NaN
0.0056259	NaN
0.0053596	NaN
0.0050974	NaN
0.0048393	NaN
0.0045857	NaN
0.0043385	NaN
0.0040994	NaN
0.0038704	NaN
0.0036534	NaN
0.0034501	NaN
0.0032625	NaN
0.0030925	NaN
0.002941	NaN
0.0028071	NaN
0.0026897	NaN
0.0025876	NaN
0.0024996	NaN
0.0024246	NaN
0.0023614	NaN
0.0023089	NaN
0.0022656	NaN
0.0022295	NaN
0.0021987	NaN
0.002171	NaN
0.0021443	NaN
0.0021165	NaN
0.0020856	NaN
0.0020495	NaN
0.0020067	NaN
0.0019572	NaN
0.0019015	NaN
0.0018399	NaN
0.0017728	NaN
0.0017007	NaN
0.0016238	NaN
0.0015427	NaN
0.0014578	NaN
0.0013698	NaN
0.0012796	NaN
0.0011882	NaN
0.0010963	NaN
0.0010048	NaN
0.00091449	NaN
0.00082634	NaN
0.00074109	NaN
0.00065926	NaN
0.00058129	NaN
0.00050764	NaN
0.00043875	NaN
0.00037507	NaN
0.00031704	NaN
0.00026512	NaN
0.00021962	NaN
0.00018022	NaN
0.00014641	NaN
0.00011768	NaN
9.3502e-05	NaN
7.3375e-05	NaN
5.6779e-05	NaN
4.3201e-05	NaN
3.2157e-05	NaN
2.3343e-05	NaN
1.6523e-05	NaN
1.146e-05	NaN
7.9164e-06	NaN
5.6549e-06	NaN
4.4387e-06	NaN
4.0305e-06	NaN
4.204e-06	NaN
4.8069e-06	NaN
5.7184e-06	NaN
6.8179e-06	NaN
7.9847e-06	NaN
9.0982e-06	NaN
1.0038e-05	NaN
1.0683e-05	NaN
1.0927e-05	NaN
1.0784e-05	NaN
1.0329e-05	NaN
9.6344e-06	NaN
8.775e-06	NaN
7.8247e-06	NaN
6.8578e-06	NaN
5.9482e-06	NaN
5.1652e-06	NaN
4.5292e-06	NaN
4.0328e-06	NaN
3.6678e-06	NaN
3.4266e-06	NaN
3.301e-06	NaN
3.2832e-06	NaN
3.3652e-06	NaN
3.5384e-06	NaN
3.7846e-06	NaN
4.0794e-06	NaN
4.3983e-06	NaN
4.7167e-06	NaN
5.0101e-06	NaN
5.2539e-06	NaN
5.4236e-06	NaN
5.496e-06	NaN
5.4666e-06	NaN
5.3461e-06	NaN
5.145e-06	NaN
4.8742e-06	NaN
4.5445e-06	NaN
4.1667e-06	NaN
3.7514e-06	NaN
3.3096e-06	NaN
2.8534e-06	NaN
2.3962e-06	NaN
1.9514e-06	NaN
1.5323e-06	NaN
1.1524e-06	NaN
8.25e-07	NaN
5.6357e-07	NaN
3.8093e-07	NaN
2.7642e-07	NaN
2.3544e-07	NaN
2.4278e-07	NaN
2.8322e-07	NaN
3.4154e-07	NaN
4.0251e-07	NaN
4.5093e-07	NaN
4.7185e-07	NaN
4.5991e-07	NaN
4.2109e-07	NaN
3.6206e-07	NaN
2.8946e-07	NaN
2.0997e-07	NaN
1.3023e-07	NaN
5.6908e-08	NaN
3.4089e-09	NaN
4.6902e-08	NaN
7.3583e-08	NaN
8.374e-08	NaN
7.7662e-08	NaN
5.5639e-08	NaN
1.7959e-08	NaN
3.5087e-08	NaN
1.0319e-07	NaN
1.848e-07	NaN
2.7636e-07	NaN
3.7414e-07	NaN
4.7443e-07	NaN
5.7349e-07	NaN
6.6759e-07	NaN
7.5302e-07	NaN
8.2607e-07	NaN
8.8546e-07	NaN
9.3442e-07	NaN
9.7666e-07	NaN
1.0159e-06	NaN
1.0558e-06	NaN
1.1002e-06	NaN
1.1527e-06	NaN
1.217e-06	NaN
1.2965e-06	NaN
1.3941e-06	NaN
1.5124e-06	NaN
1.6542e-06	NaN
1.8221e-06	NaN
2.0188e-06	NaN
2.247e-06	NaN
2.5094e-06	NaN
2.8082e-06	NaN
3.1436e-06	NaN
3.5158e-06	NaN
3.9251e-06	NaN
4.3715e-06	NaN
4.8554e-06	NaN
5.3767e-06	NaN
5.9357e-06	NaN
6.5311e-06	NaN
7.1568e-06	NaN
7.8063e-06	NaN
8.4729e-06	NaN
9.1497e-06	NaN
9.83e-06	NaN
1.0507e-05	NaN
1.1175e-05	NaN
1.1823e-05	NaN
1.2436e-05	NaN
1.2995e-05	NaN
1.3481e-05	NaN
1.3876e-05	NaN
1.4162e-05	NaN
1.4319e-05	NaN
1.433e-05	NaN
1.4181e-05	NaN
1.3884e-05	NaN
1.3453e-05	NaN
1.2907e-05	NaN
1.2262e-05	NaN
1.1533e-05	NaN
1.0737e-05	NaN
9.8916e-06	NaN
9.012e-06	NaN
8.1139e-06	NaN
7.2125e-06	NaN
6.323e-06	NaN
5.4605e-06	NaN
4.6401e-06	NaN
3.8771e-06	NaN
3.1866e-06	NaN
2.5818e-06	NaN
2.0643e-06	NaN
1.6318e-06	NaN
1.2817e-06	NaN
1.0117e-06	NaN
8.1942e-07	NaN
7.0237e-07	NaN
6.5815e-07	NaN
6.8366e-07	NaN
7.7113e-07	NaN
9.1085e-07	NaN
1.0931e-06	NaN
1.3082e-06	NaN
1.5464e-06	NaN
1.798e-06	NaN
2.0532e-06	NaN
2.3031e-06	NaN
2.5433e-06	NaN
2.7722e-06	NaN
2.9879e-06	NaN
3.1887e-06	NaN
3.3729e-06	NaN
3.5387e-06	NaN
3.6843e-06	NaN
3.8082e-06	NaN
3.9104e-06	NaN
3.9919e-06	NaN
4.0539e-06	NaN
4.0972e-06	NaN
4.123e-06	NaN
4.1323e-06	NaN
4.1261e-06	NaN
4.1055e-06	NaN
4.0724e-06	NaN
4.0291e-06	NaN
3.9781e-06	NaN
3.9217e-06	NaN
3.8622e-06	NaN
3.8021e-06	NaN
3.7436e-06	NaN
3.6892e-06	NaN
3.6388e-06	NaN
3.5911e-06	NaN
3.5446e-06	NaN
3.498e-06	NaN
3.4496e-06	NaN
3.3982e-06	NaN
3.3422e-06	NaN
3.2802e-06	NaN
3.2113e-06	NaN
3.1352e-06	NaN
3.0514e-06	NaN
2.9596e-06	NaN
2.8594e-06	NaN
2.7503e-06	NaN
2.6321e-06	NaN
2.5044e-06	NaN
2.3682e-06	NaN
2.2263e-06	NaN
2.0811e-06	NaN
1.9354e-06	NaN
1.7918e-06	NaN
1.6529e-06	NaN
1.5214e-06	NaN
1.3998e-06	NaN
1.2892e-06	NaN
1.1886e-06	NaN
1.0972e-06	NaN
1.0139e-06	NaN
9.3781e-07	NaN
8.6792e-07	NaN
8.0328e-07	NaN
7.4293e-07	NaN
6.8624e-07	NaN
6.33e-07	NaN
5.8305e-07	NaN
5.3623e-07	NaN
4.9236e-07	NaN
4.5129e-07	NaN
4.1284e-07	NaN
3.7685e-07	NaN
3.4318e-07	NaN
3.1176e-07	NaN
2.8249e-07	NaN
2.553e-07	NaN
2.301e-07	NaN
2.0682e-07	NaN
1.8537e-07	NaN
1.6568e-07	NaN
1.4779e-07	NaN
1.3204e-07	NaN
1.1876e-07	NaN
1.0828e-07	NaN
1.0097e-07	NaN
9.7146e-08	NaN
9.7162e-08	NaN
1.0135e-07	NaN
1.0959e-07	NaN
1.2074e-07	NaN
1.3355e-07	NaN
1.4677e-07	NaN
1.5914e-07	NaN
1.6941e-07	NaN
1.7633e-07	NaN
1.7863e-07	NaN
1.7568e-07	NaN
1.6831e-07	NaN
1.5759e-07	NaN
1.4458e-07	NaN
1.3035e-07	NaN
1.1596e-07	NaN
1.0248e-07	NaN
9.0972e-08	NaN
8.2157e-08	NaN
7.5784e-08	NaN
7.1422e-08	NaN
6.8643e-08	NaN
6.7017e-08	NaN
6.6114e-08	NaN
6.5505e-08	NaN
6.476e-08	NaN
6.345e-08	NaN
6.1146e-08	NaN
5.7417e-08	NaN
5.1834e-08	NaN
4.3968e-08	NaN
3.3389e-08	NaN
1.9668e-08	NaN
