2.4813e-07	NaN
2.401e-07	NaN
2.3007e-07	NaN
8.4791e-08	NaN
6.6919e-08	NaN
5.1148e-08	NaN
3.7521e-08	NaN
2.608e-08	NaN
1.6868e-08	NaN
9.9269e-09	NaN
5.2991e-09	NaN
3.0268e-09	NaN
3.1525e-09	NaN
5.7185e-09	NaN
1.0767e-08	NaN
1.8341e-08	NaN
2.8482e-08	NaN
4.1232e-08	NaN
5.6635e-08	NaN
7.4732e-08	NaN
9.5418e-08	NaN
1.1776e-07	NaN
1.4054e-07	NaN
1.6254e-07	NaN
1.8254e-07	NaN
1.9933e-07	NaN
2.1167e-07	NaN
2.1836e-07	NaN
2.1842e-07	NaN
2.1246e-07	NaN
2.0174e-07	NaN
1.8753e-07	NaN
1.711e-07	NaN
1.5371e-07	NaN
1.3662e-07	NaN
1.2111e-07	NaN
1.0828e-07	NaN
9.8177e-08	NaN
9.028e-08	NaN
8.4083e-08	NaN
7.9081e-08	NaN
7.4763e-08	NaN
7.0622e-08	NaN
6.615e-08	NaN
6.0893e-08	NaN
5.4899e-08	NaN
4.8497e-08	NaN
4.2019e-08	NaN
3.5796e-08	NaN
3.0159e-08	NaN
2.5441e-08	NaN
2.1971e-08	NaN
2.0093e-08	NaN
2.0263e-08	NaN
2.3012e-08	NaN
2.8874e-08	NaN
3.8381e-08	NaN
5.2064e-08	NaN
7.0459e-08	NaN
9.4095e-08	NaN
1.2341e-07	NaN
1.5747e-07	NaN
1.9433e-07	NaN
2.3202e-07	NaN
2.6857e-07	NaN
3.0201e-07	NaN
3.3036e-07	NaN
3.5165e-07	NaN
3.6401e-07	NaN
3.6712e-07	NaN
3.6201e-07	NaN
3.4975e-07	NaN
3.3141e-07	NaN
3.0808e-07	NaN
2.8082e-07	NaN
2.5071e-07	NaN
2.1883e-07	NaN
1.8652e-07	NaN
1.5536e-07	NaN
1.2693e-07	NaN
1.0284e-07	NaN
8.4664e-08	NaN
7.4003e-08	NaN
7.2445e-08	NaN
8.1572e-08	NaN
1.0268e-07	NaN
1.3672e-07	NaN
1.8464e-07	NaN
2.4739e-07	NaN
3.2591e-07	NaN
4.2113e-07	NaN
5.3401e-07	NaN
6.655e-07	NaN
8.168e-07	NaN
9.8948e-07	NaN
1.1851e-06	NaN
1.4053e-06	NaN
1.6516e-06	NaN
1.9256e-06	NaN
2.2289e-06	NaN
2.5632e-06	NaN
2.9331e-06	NaN
3.348e-06	NaN
3.8176e-06	NaN
4.3518e-06	NaN
4.9604e-06	NaN
5.653e-06	NaN
6.4395e-06	NaN
7.3296e-06	NaN
8.3344e-06	NaN
9.4672e-06	NaN
1.0742e-05	NaN
1.2171e-05	NaN
1.3769e-05	NaN
1.5549e-05	NaN
1.7524e-05	NaN
1.9709e-05	NaN
2.2115e-05	NaN
2.4753e-05	NaN
2.7633e-05	NaN
3.0766e-05	NaN
3.416e-05	NaN
3.7827e-05	NaN
4.1777e-05	NaN
4.602e-05	NaN
5.0555e-05	NaN
5.5361e-05	NaN
6.0412e-05	NaN
6.5682e-05	NaN
7.1145e-05	NaN
7.6775e-05	NaN
8.2547e-05	NaN
8.8434e-05	NaN
9.4394e-05	NaN
0.00010034	NaN
0.00010617	NaN
0.00011178	NaN
0.00011709	NaN
0.00012199	NaN
0.00012639	NaN
0.00013018	NaN
0.00013331	NaN
0.00013583	NaN
0.00013782	NaN
0.00013937	NaN
0.00014054	NaN
0.00014142	NaN
0.00014209	NaN
0.00014262	NaN
0.00014311	NaN
0.00014359	NaN
0.00014412	NaN
0.00014475	NaN
0.00014553	NaN
0.00014651	NaN
0.00014775	NaN
0.00014929	NaN
0.00015117	NaN
0.00015337	NaN
0.00015585	NaN
0.00015856	NaN
0.00016147	NaN
0.00016454	NaN
0.00016772	NaN
0.00017098	NaN
0.00017426	NaN
0.00017746	NaN
0.00018045	NaN
0.00018311	NaN
0.0001853	NaN
0.00018691	NaN
0.00018781	NaN
0.00018786	NaN
0.00018697	NaN
0.00018514	NaN
0.00018245	NaN
0.00017894	NaN
0.00017468	NaN
0.00016974	NaN
0.00016418	NaN
0.00015805	NaN
0.00015142	NaN
0.0001444	NaN
0.0001371	NaN
0.00012963	NaN
0.00012211	NaN
0.00011465	NaN
0.00010737	NaN
0.00010039	NaN
9.3805e-05	NaN
8.7694e-05	NaN
8.2095e-05	NaN
7.705e-05	NaN
7.26e-05	NaN
6.8787e-05	NaN
6.5654e-05	NaN
6.3241e-05	NaN
6.1589e-05	NaN
6.0707e-05	NaN
6.0588e-05	NaN
6.1225e-05	NaN
6.2611e-05	NaN
6.4738e-05	NaN
6.7597e-05	NaN
7.1183e-05	NaN
7.5482e-05	NaN
8.0424e-05	NaN
8.5895e-05	NaN
9.1779e-05	NaN
9.7962e-05	NaN
0.00010433	NaN
0.00011076	NaN
0.00011715	NaN
0.00012338	NaN
0.0001293	NaN
0.00013477	NaN
0.00013963	NaN
0.00014373	NaN
0.00014691	NaN
0.00014901	NaN
0.00014988	NaN
0.00014938	NaN
0.00014749	NaN
0.00014435	NaN
0.0001401	NaN
0.00013488	NaN
0.00012883	NaN
0.00012209	NaN
0.0001148	NaN
0.00010709	NaN
9.9108e-05	NaN
9.0987e-05	NaN
8.2861e-05	NaN
7.4867e-05	NaN
6.714e-05	NaN
5.9816e-05	NaN
5.3029e-05	NaN
4.6913e-05	NaN
4.1526e-05	NaN
3.6822e-05	NaN
3.2753e-05	NaN
2.9268e-05	NaN
2.6317e-05	NaN
2.3851e-05	NaN
2.1819e-05	NaN
2.0172e-05	NaN
1.8871e-05	NaN
1.7899e-05	NaN
1.7238e-05	NaN
1.687e-05	NaN
1.6779e-05	NaN
1.6946e-05	NaN
1.7356e-05	NaN
1.7989e-05	NaN
1.8854e-05	NaN
1.9995e-05	NaN
2.1463e-05	NaN
2.3308e-05	NaN
2.558e-05	NaN
2.833e-05	NaN
3.1607e-05	NaN
3.5462e-05	NaN
3.9941e-05	NaN
4.5087e-05	NaN
5.0939e-05	NaN
5.7539e-05	NaN
6.4927e-05	NaN
7.3143e-05	NaN
8.2229e-05	NaN
9.2225e-05	NaN
0.00010314	NaN
0.0001149	NaN
0.00012743	NaN
0.00014064	NaN
0.00015446	NaN
0.0001688	NaN
0.00018358	NaN
0.00019873	NaN
0.00021414	NaN
0.0002297	NaN
0.0002453	NaN
0.00026079	NaN
0.00027606	NaN
0.00029098	NaN
0.00030543	NaN
0.00031929	NaN
0.00033243	NaN
0.00034474	NaN
0.00035611	NaN
0.00036642	NaN
0.00037557	NaN
0.00038344	NaN
0.00038992	NaN
0.00039491	NaN
0.00039836	NaN
0.00040054	NaN
0.00040179	NaN
0.00040244	NaN
0.00040283	NaN
0.0004033	NaN
0.00040418	NaN
0.00040581	NaN
0.0004084	NaN
0.00041159	NaN
0.00041487	NaN
0.0004177	NaN
0.00041959	NaN
0.00042	NaN
0.00041842	NaN
0.00041433	NaN
0.00040728	NaN
0.00039722	NaN
0.00038423	NaN
0.00036836	NaN
0.00034969	NaN
0.0003283	NaN
0.00030425	NaN
0.00027761	NaN
0.00024855	NaN
0.00021775	NaN
0.00018611	NaN
0.00015454	NaN
0.00012392	NaN
9.5166e-05	NaN
6.9171e-05	NaN
4.6836e-05	NaN
2.9039e-05	NaN
1.6493e-05	NaN
9.8362e-06	NaN
9.7084e-06	NaN
1.6748e-05	NaN
3.1593e-05	NaN
5.4882e-05	NaN
8.7254e-05	NaN
0.0001293	NaN
0.00018116	NaN
0.00024274	NaN
0.00031394	NaN
0.00039467	NaN
0.00048484	NaN
0.00058434	NaN
0.00069309	NaN
0.00081105	NaN
0.00093884	NaN
0.0010775	NaN
0.0012281	NaN
0.0013917	NaN
0.0015694	NaN
0.0017621	NaN
0.0019709	NaN
0.0021969	NaN
0.0024392	NaN
0.0026962	NaN
0.0029662	NaN
0.0032472	NaN
0.0035377	NaN
0.0038357	NaN
0.0041396	NaN
0.0044474	NaN
0.0047558	NaN
0.0050602	NaN
0.0053559	NaN
0.0056383	NaN
0.0059028	NaN
0.0061446	NaN
0.0063592	NaN
0.006542	NaN
0.0066899	NaN
0.0068015	NaN
0.0068755	NaN
0.0069102	NaN
0.0069045	NaN
0.0068567	NaN
0.0067655	NaN
0.0066297	NaN
0.0064531	NaN
0.0062451	NaN
0.0060155	NaN
0.005774	NaN
0.0055302	NaN
0.005294	NaN
0.005075	NaN
0.0048828	NaN
0.0047258	NaN
0.0046101	NaN
0.0045419	NaN
0.0045274	NaN
0.0045728	NaN
0.0046841	NaN
0.0048677	NaN
0.0051295	NaN
0.0054665	NaN
0.0058629	NaN
0.0063017	NaN
0.006766	NaN
0.0072389	NaN
0.0077033	NaN
0.0081424	NaN
0.0085392	NaN
0.0088801	NaN
0.0091568	NaN
0.0093616	NaN
0.0094869	NaN
0.0095249	NaN
0.0094679	NaN
0.0093083	NaN
0.0090384	NaN
0.0086614	NaN
0.0082015	NaN
0.0076856	NaN
0.0071404	NaN
0.0065927	NaN
0.0060692	NaN
0.0055967	NaN
0.0052021	NaN
0.0049042	NaN
0.0047043	NaN
0.0046011	NaN
0.0045931	NaN
0.0046792	NaN
0.004858	NaN
0.0051281	NaN
0.0054883	NaN
0.0059315	NaN
0.0064354	NaN
0.0069749	NaN
0.0075252	NaN
0.0080613	NaN
0.0085583	NaN
0.0089913	NaN
0.0093352	NaN
0.0095707	NaN
0.0096952	NaN
0.0097097	NaN
0.0096154	NaN
0.009413	NaN
0.0091036	NaN
0.0086882	NaN
0.0081677	NaN
0.0075468	NaN
0.0068437	NaN
0.0060799	NaN
0.0052766	NaN
0.0044554	NaN
0.0036377	NaN
0.0028448	NaN
0.0020981	NaN
0.0014228	NaN
0.00085953	NaN
0.00045363	NaN
0.00025027	NaN
0.00029468	NaN
0.00063206	NaN
0.0013076	NaN
0.0023666	NaN
0.003855	NaN
0.0058231	NaN
0.0083227	NaN
0.011406	NaN
0.015123	NaN
0.019528	NaN
0.02467	NaN
0.030603	NaN
0.037375	NaN
0.045019	NaN
0.053561	NaN
0.063029	NaN
0.073447	NaN
0.084844	NaN
0.097245	NaN
0.11068	-0.61251
0.12516	-0.623
0.14071	-0.62336
0.15732	-0.61538
0.17497	-0.60087
0.19368	-0.58164
0.21343	-0.5595
0.23422	-0.53625
0.25606	-0.51371
0.27892	-0.49351
0.30278	-0.47587
0.32757	-0.46029
0.35324	-0.44622
0.37972	-0.43315
0.40697	-0.42055
0.43492	-0.40791
0.46352	-0.39468
0.4927	-0.38039
0.52236	-0.36496
0.55238	-0.34856
0.58261	-0.33136
0.61293	-0.31354
0.6432	-0.29527
0.6733	-0.27673
0.70309	-0.25808
0.73244	-0.2395
0.76118	-0.22108
0.78911	-0.20286
0.81605	-0.18486
0.84178	-0.16714
0.86612	-0.14973
0.88886	-0.13267
0.90983	-0.11599
0.92881	-0.099733
0.9457	-0.083998
0.96042	-0.06892
0.97293	-0.054638
0.98315	-0.041289
0.99103	-0.029012
0.9965	-0.017947
0.99951	-0.0082303
1	0
0.99801	0.0066469
0.9937	0.011649
0.9872	0.014947
0.97866	0.01648
0.96823	0.01619
0.95606	0.014015
0.94229	0.0098973
0.92708	0.003777
0.91063	-0.0043709
0.89326	-0.014536
0.87525	-0.026707
0.85692	-0.040872
0.83855	-0.057018
0.82046	-0.075134
0.80294	-0.095207
0.78628	-0.11723
0.77057	-0.14121
0.75561	-0.16721
0.74121	-0.19526
0.72715	-0.22544
0.71324	-0.25778
0.69928	-0.29234
0.68505	-0.32917
0.67035	-0.36832
0.65503	-0.40973
0.63894	-0.45318
0.62197	-0.49843
0.60401	-0.54527
0.58493	-0.59346
0.56462	-0.64277
0.54295	-0.69296
0.51981	-0.74382
0.49523	-0.7954
0.4695	-0.84827
0.4429	-0.90302
0.41575	-0.96027
0.38835	-1.0206
0.361	-1.0846
0.334	-1.153
0.30765	-1.2262
0.28221	-1.3039
0.25781	-1.384
0.23457	-1.4639
0.21262	-1.5413
0.19208	-1.6138
0.17307	-1.6788
0.15572	-1.7341
0.14016	-1.7771
0.12643	-1.8086
0.11441	-1.8361
0.10396	-1.8682
0.094934	NaN
0.087183	NaN
0.080564	NaN
0.074935	NaN
0.07015	NaN
0.066082	NaN
0.062652	NaN
0.05979	NaN
0.057423	NaN
0.05548	NaN
0.05389	NaN
0.052582	NaN
0.051483	NaN
0.050533	NaN
0.049699	NaN
0.048956	NaN
0.048276	NaN
0.047635	NaN
0.047006	NaN
0.046364	NaN
0.045681	NaN
0.044937	NaN
0.04413	NaN
0.043261	NaN
0.042332	NaN
0.041344	NaN
0.040299	NaN
0.039199	NaN
0.038045	NaN
0.036841	NaN
0.035595	NaN
0.034316	NaN
0.033015	NaN
0.031702	NaN
0.030387	NaN
0.029079	NaN
0.02779	NaN
0.026526	NaN
0.02529	NaN
0.024078	NaN
0.02289	NaN
0.021723	NaN
0.020576	NaN
0.019446	NaN
0.018333	NaN
0.017234	NaN
0.016153	NaN
0.015093	NaN
0.014058	NaN
0.013053	NaN
0.01208	NaN
0.011145	NaN
0.01025	NaN
0.0094003	NaN
0.008597	NaN
0.0078412	NaN
0.007134	NaN
0.0064765	NaN
0.0058698	NaN
0.0053148	NaN
0.0048127	NaN
0.0043642	NaN
0.0039678	NaN
0.0036206	NaN
0.00332	NaN
0.003063	NaN
0.002847	NaN
0.0026691	NaN
0.0025266	NaN
0.0024167	NaN
0.0023377	NaN
0.0022882	NaN
0.0022671	NaN
0.002273	NaN
0.0023047	NaN
0.0023609	NaN
0.0024404	NaN
0.0025418	NaN
0.0026637	NaN
0.0028044	NaN
0.0029624	NaN
0.0031359	NaN
0.0033235	NaN
0.0035233	NaN
0.0037339	NaN
0.0039536	NaN
0.0041802	NaN
0.0044113	NaN
0.0046445	NaN
0.0048772	NaN
0.0051069	NaN
0.0053313	NaN
0.0055478	NaN
0.005754	NaN
0.005948	NaN
0.0061286	NaN
0.0062944	NaN
0.0064441	NaN
0.0065766	NaN
0.0066903	NaN
0.0067841	NaN
0.0068568	NaN
0.0069091	NaN
0.0069437	NaN
0.0069634	NaN
0.0069712	NaN
0.0069698	NaN
0.0069622	NaN
0.0069511	NaN
0.0069393	NaN
0.0069289	NaN
0.0069205	NaN
0.006915	NaN
0.006913	NaN
0.0069153	NaN
0.0069226	NaN
0.0069357	NaN
0.0069552	NaN
0.0069817	NaN
0.0070149	NaN
0.0070549	NaN
0.0071015	NaN
0.0071546	NaN
0.0072141	NaN
0.00728	NaN
0.0073521	NaN
0.0074304	NaN
0.0075146	NaN
0.0076047	NaN
0.0077006	NaN
0.0078021	NaN
0.0079091	NaN
0.0080215	NaN
0.0081392	NaN
0.0082608	NaN
0.0083832	NaN
0.0085028	NaN
0.0086161	NaN
0.0087196	NaN
0.0088098	NaN
0.008883	NaN
0.0089359	NaN
0.0089658	NaN
0.0089717	NaN
0.0089531	NaN
0.0089093	NaN
0.0088397	NaN
0.0087436	NaN
0.0086205	NaN
0.0084696	NaN
0.0082914	NaN
0.0080883	NaN
0.0078633	NaN
0.0076193	NaN
0.0073593	NaN
0.0070861	NaN
0.0068029	NaN
0.0065124	NaN
0.0062173	NaN
0.0059195	NaN
0.0056207	NaN
0.0053226	NaN
0.0050269	NaN
0.0047352	NaN
0.0044494	NaN
0.0041709	NaN
0.0039013	NaN
0.0036406	NaN
0.0033888	NaN
0.0031455	NaN
0.0029108	NaN
0.0026845	NaN
0.0024664	NaN
0.0022563	NaN
0.0020543	NaN
0.0018609	NaN
0.0016768	NaN
0.0015025	NaN
0.0013388	NaN
0.0011862	NaN
0.0010455	NaN
0.00091735	NaN
0.00080221	NaN
0.00069999	NaN
0.0006104	NaN
0.00053314	NaN
0.00046789	NaN
0.00041437	NaN
0.00037226	NaN
0.00034127	NaN
0.0003211	NaN
0.00031145	NaN
0.00031203	NaN
0.00032255	NaN
0.00034272	NaN
0.00037226	NaN
0.00041086	NaN
0.00045825	NaN
0.00051418	NaN
0.00057884	NaN
0.00065256	NaN
0.00073569	NaN
0.00082858	NaN
0.00093157	NaN
0.001045	NaN
0.0011692	NaN
0.0013045	NaN
0.0014501	NaN
0.0016047	NaN
0.0017672	NaN
0.0019363	NaN
0.0021109	NaN
0.0022898	NaN
0.0024716	NaN
0.0026552	NaN
0.0028388	NaN
0.0030203	NaN
0.0031976	NaN
0.0033687	NaN
0.0035314	NaN
0.0036838	NaN
0.0038237	NaN
0.0039492	NaN
0.0040596	NaN
0.0041551	NaN
0.0042361	NaN
0.0043027	NaN
0.0043553	NaN
0.004394	NaN
0.0044191	NaN
0.0044309	NaN
0.0044297	NaN
0.0044155	NaN
0.0043889	NaN
0.0043498	NaN
0.0042987	NaN
0.0042358	NaN
0.0041613	NaN
0.0040755	NaN
0.0039787	NaN
0.0038712	NaN
0.0037534	NaN
0.0036255	NaN
0.0034881	NaN
0.0033413	NaN
0.0031856	NaN
0.0030213	NaN
0.0028496	NaN
0.0026722	NaN
0.002491	NaN
0.0023079	NaN
0.0021248	NaN
0.0019435	NaN
0.001766	NaN
0.001594	NaN
0.0014289	NaN
0.0012714	NaN
0.0011223	NaN
0.0009823	NaN
0.00085206	NaN
0.00073229	NaN
0.00062372	NaN
0.00052702	NaN
0.00044228	NaN
0.00036867	NaN
0.00030535	NaN
0.00025144	NaN
0.00020608	NaN
0.00016841	NaN
0.00013756	NaN
0.00011266	NaN
9.3024e-05	NaN
7.8188e-05	NaN
6.7728e-05	NaN
6.1215e-05	NaN
5.8222e-05	NaN
5.832e-05	NaN
6.1081e-05	NaN
6.6078e-05	NaN
7.2934e-05	NaN
8.1368e-05	NaN
9.1108e-05	NaN
0.00010188	NaN
0.00011342	NaN
0.00012545	NaN
0.00013771	NaN
0.00014991	NaN
0.00016181	NaN
0.0001732	NaN
0.00018389	NaN
0.00019368	NaN
0.00020236	NaN
0.00020973	NaN
0.0002156	NaN
0.00021977	NaN
0.00022211	NaN
0.00022271	NaN
0.00022169	NaN
0.00021914	NaN
0.0002152	NaN
0.00020997	NaN
0.00020356	NaN
0.0001961	NaN
0.00018769	NaN
0.00017851	NaN
0.00016872	NaN
0.00015847	NaN
0.00014793	NaN
0.00013728	NaN
0.00012666	NaN
0.00011625	NaN
0.00010619	NaN
9.6581e-05	NaN
8.7495e-05	NaN
7.9014e-05	NaN
7.1219e-05	NaN
6.419e-05	NaN
5.8008e-05	NaN
5.2752e-05	NaN
4.8474e-05	NaN
4.5108e-05	NaN
4.2558e-05	NaN
4.0726e-05	NaN
3.9518e-05	NaN
3.8836e-05	NaN
3.8584e-05	NaN
3.8666e-05	NaN
3.8991e-05	NaN
3.9496e-05	NaN
4.0128e-05	NaN
4.0833e-05	NaN
4.1555e-05	NaN
4.2242e-05	NaN
4.2838e-05	NaN
4.329e-05	NaN
4.3548e-05	NaN
4.359e-05	NaN
4.3404e-05	NaN
4.2977e-05	NaN
4.2298e-05	NaN
4.1354e-05	NaN
4.0133e-05	NaN
3.8622e-05	NaN
3.6816e-05	NaN
3.4755e-05	NaN
3.2495e-05	NaN
3.0097e-05	NaN
2.7616e-05	NaN
2.5113e-05	NaN
2.2645e-05	NaN
2.0269e-05	NaN
1.804e-05	NaN
1.5974e-05	NaN
1.4069e-05	NaN
1.2322e-05	NaN
1.0731e-05	NaN
9.2937e-06	NaN
8.0084e-06	NaN
6.8726e-06	NaN
5.8834e-06	NaN
5.0304e-06	NaN
4.2991e-06	NaN
3.6751e-06	NaN
3.1438e-06	NaN
2.6908e-06	NaN
2.3015e-06	NaN
1.9615e-06	NaN
1.6568e-06	NaN
1.382e-06	NaN
1.1366e-06	NaN
9.2059e-07	NaN
7.3373e-07	NaN
5.7584e-07	NaN
4.4674e-07	NaN
3.4625e-07	NaN
2.7406e-07	NaN
2.2783e-07	NaN
2.0372e-07	NaN
1.9783e-07	NaN
2.0627e-07	NaN
2.2516e-07	NaN
2.506e-07	NaN
2.787e-07	NaN
3.0572e-07	NaN
3.3051e-07	NaN
3.5419e-07	NaN
3.7796e-07	NaN
4.0303e-07	NaN
4.306e-07	NaN
4.6186e-07	NaN
4.9804e-07	NaN
5.4025e-07	NaN
5.8804e-07	NaN
6.3938e-07	NaN
6.9212e-07	NaN
7.4415e-07	NaN
7.9334e-07	NaN
8.3757e-07	NaN
8.7471e-07	NaN
9.0269e-07	NaN
9.2076e-07	NaN
9.2974e-07	NaN
9.3055e-07	NaN
9.2408e-07	NaN
9.1125e-07	NaN
8.9297e-07	NaN
8.7014e-07	NaN
8.4367e-07	NaN
8.1447e-07	NaN
7.8343e-07	NaN
7.5143e-07	NaN
7.1936e-07	NaN
6.8812e-07	NaN
6.586e-07	NaN
6.3169e-07	NaN
6.0826e-07	NaN
5.8862e-07	NaN
5.7212e-07	NaN
5.5806e-07	NaN
5.4573e-07	NaN
5.3442e-07	NaN
5.2343e-07	NaN
5.1204e-07	NaN
4.9954e-07	NaN
4.8546e-07	NaN
4.6975e-07	NaN
4.5238e-07	NaN
4.3336e-07	NaN
4.1265e-07	NaN
3.9026e-07	NaN
3.6617e-07	NaN
3.4037e-07	NaN
3.1313e-07	NaN
2.8531e-07	NaN
2.5784e-07	NaN
2.3166e-07	NaN
2.0771e-07	NaN
1.8692e-07	NaN
1.7023e-07	NaN
1.5857e-07	NaN
1.5243e-07	NaN
1.5117e-07	NaN
1.5398e-07	NaN
1.6007e-07	NaN
1.6862e-07	NaN
1.7884e-07	NaN
1.8993e-07	NaN
2.0107e-07	NaN
2.1163e-07	NaN
2.2144e-07	NaN
2.304e-07	NaN
2.3843e-07	NaN
2.4545e-07	NaN
2.5135e-07	NaN
2.5607e-07	NaN
2.5949e-07	NaN
2.6155e-07	NaN
2.6214e-07	NaN
2.6118e-07	NaN
2.5859e-07	NaN
2.5427e-07	NaN
