7.0726e-07	NaN
7.2423e-07	NaN
7.4093e-07	NaN
7.5697e-07	NaN
7.7193e-07	NaN
7.854e-07	NaN
7.9696e-07	NaN
8.0621e-07	NaN
8.1273e-07	NaN
8.1612e-07	NaN
8.1596e-07	NaN
8.1184e-07	NaN
8.0335e-07	NaN
7.9008e-07	NaN
7.7161e-07	NaN
7.4755e-07	NaN
7.1762e-07	NaN
6.8246e-07	NaN
6.4296e-07	NaN
6.0004e-07	NaN
5.5462e-07	NaN
5.0762e-07	NaN
4.5995e-07	NaN
4.1252e-07	NaN
3.6627e-07	NaN
3.2225e-07	NaN
2.8157e-07	NaN
2.4534e-07	NaN
2.1466e-07	NaN
1.9064e-07	NaN
1.7439e-07	NaN
1.6701e-07	NaN
1.6941e-07	NaN
1.8095e-07	NaN
2.0026e-07	NaN
2.2596e-07	NaN
2.5666e-07	NaN
2.91e-07	NaN
3.2759e-07	NaN
3.6505e-07	NaN
4.0205e-07	NaN
4.377e-07	NaN
4.7137e-07	NaN
5.0243e-07	NaN
5.3024e-07	NaN
5.5417e-07	NaN
5.7358e-07	NaN
5.8784e-07	NaN
5.9637e-07	NaN
5.9928e-07	NaN
5.9711e-07	NaN
5.904e-07	NaN
5.797e-07	NaN
5.6556e-07	NaN
5.4851e-07	NaN
5.2911e-07	NaN
5.0797e-07	NaN
4.868e-07	NaN
4.6807e-07	NaN
4.5429e-07	NaN
4.4798e-07	NaN
4.5162e-07	NaN
4.6774e-07	NaN
4.9883e-07	NaN
5.4728e-07	NaN
6.1303e-07	NaN
6.9398e-07	NaN
7.8798e-07	NaN
8.9286e-07	NaN
1.0064e-06	NaN
1.1266e-06	NaN
1.251e-06	NaN
1.3777e-06	NaN
1.5032e-06	NaN
1.6232e-06	NaN
1.7333e-06	NaN
1.8292e-06	NaN
1.9063e-06	NaN
1.9604e-06	NaN
1.9869e-06	NaN
1.9818e-06	NaN
1.9447e-06	NaN
1.8804e-06	NaN
1.7937e-06	NaN
1.6894e-06	NaN
1.5725e-06	NaN
1.4478e-06	NaN
1.3202e-06	NaN
1.1944e-06	NaN
1.0738e-06	NaN
9.5922e-07	NaN
8.5164e-07	NaN
7.519e-07	NaN
6.6088e-07	NaN
5.7943e-07	NaN
5.0843e-07	NaN
4.4874e-07	NaN
4.0049e-07	NaN
3.6268e-07	NaN
3.3423e-07	NaN
3.1407e-07	NaN
3.0111e-07	NaN
2.9426e-07	NaN
2.9245e-07	NaN
2.9461e-07	NaN
3.0109e-07	NaN
3.1476e-07	NaN
3.3876e-07	NaN
3.7621e-07	NaN
4.3024e-07	NaN
5.0399e-07	NaN
6.0058e-07	NaN
7.2314e-07	NaN
8.7319e-07	NaN
1.049e-06	NaN
1.2484e-06	NaN
1.4692e-06	NaN
1.7093e-06	NaN
1.9666e-06	NaN
2.2389e-06	NaN
2.5239e-06	NaN
2.8199e-06	NaN
3.1251e-06	NaN
3.4379e-06	NaN
3.7569e-06	NaN
4.0804e-06	NaN
4.4069e-06	NaN
4.7348e-06	NaN
5.0627e-06	NaN
5.3932e-06	NaN
5.7413e-06	NaN
6.1241e-06	NaN
6.5586e-06	NaN
7.062e-06	NaN
7.6513e-06	NaN
8.3436e-06	NaN
9.156e-06	NaN
1.01e-05	NaN
1.1168e-05	NaN
1.2351e-05	NaN
1.3636e-05	NaN
1.5013e-05	NaN
1.6472e-05	NaN
1.8001e-05	NaN
1.9589e-05	NaN
2.1229e-05	NaN
2.2918e-05	NaN
2.4657e-05	NaN
2.6447e-05	NaN
2.8289e-05	NaN
3.0184e-05	NaN
3.2131e-05	NaN
3.4132e-05	NaN
3.6178e-05	NaN
3.8215e-05	NaN
4.0178e-05	NaN
4.1999e-05	NaN
4.3613e-05	NaN
4.4954e-05	NaN
4.5955e-05	NaN
4.655e-05	NaN
4.6686e-05	NaN
4.6388e-05	NaN
4.5703e-05	NaN
4.4681e-05	NaN
4.3371e-05	NaN
4.1821e-05	NaN
4.008e-05	NaN
3.8198e-05	NaN
3.6232e-05	NaN
3.43e-05	NaN
3.2542e-05	NaN
3.1101e-05	NaN
3.0116e-05	NaN
2.973e-05	NaN
3.0084e-05	NaN
3.1318e-05	NaN
3.3559e-05	NaN
3.6819e-05	NaN
4.1058e-05	NaN
4.6236e-05	NaN
5.2311e-05	NaN
5.9242e-05	NaN
6.699e-05	NaN
7.5513e-05	NaN
8.4762e-05	NaN
9.4598e-05	NaN
0.00010484	NaN
0.00011529	NaN
0.00012578	NaN
0.00013612	NaN
0.00014612	NaN
0.0001556	NaN
0.00016438	NaN
0.00017234	NaN
0.00017941	NaN
0.00018553	NaN
0.00019062	NaN
0.00019462	NaN
0.00019744	NaN
0.00019903	NaN
0.00019931	NaN
0.00019832	NaN
0.00019614	NaN
0.00019287	NaN
0.00018862	NaN
0.00018346	NaN
0.0001775	NaN
0.00017083	NaN
0.00016354	NaN
0.00015577	NaN
0.00014763	NaN
0.00013929	NaN
0.00013086	NaN
0.00012251	NaN
0.00011435	NaN
0.00010654	NaN
9.921e-05	NaN
9.2411e-05	NaN
8.6119e-05	NaN
8.0306e-05	NaN
7.4942e-05	NaN
6.9999e-05	NaN
6.5447e-05	NaN
6.1257e-05	NaN
5.7401e-05	NaN
5.3857e-05	NaN
5.0612e-05	NaN
4.765e-05	NaN
4.496e-05	NaN
4.2528e-05	NaN
4.0339e-05	NaN
3.8381e-05	NaN
3.664e-05	NaN
3.5116e-05	NaN
3.3824e-05	NaN
3.2782e-05	NaN
3.2006e-05	NaN
3.1512e-05	NaN
3.1319e-05	NaN
3.1442e-05	NaN
3.1898e-05	NaN
3.2689e-05	NaN
3.3791e-05	NaN
3.5181e-05	NaN
3.6834e-05	NaN
3.8727e-05	NaN
4.0834e-05	NaN
4.3133e-05	NaN
4.5597e-05	NaN
4.8156e-05	NaN
5.0655e-05	NaN
5.2933e-05	NaN
5.4828e-05	NaN
5.6178e-05	NaN
5.6822e-05	NaN
5.6597e-05	NaN
5.5344e-05	NaN
5.3013e-05	NaN
4.9784e-05	NaN
4.5863e-05	NaN
4.1455e-05	NaN
3.6768e-05	NaN
3.2007e-05	NaN
2.7379e-05	NaN
2.309e-05	NaN
1.9287e-05	NaN
1.5981e-05	NaN
1.3165e-05	NaN
1.0829e-05	NaN
8.9648e-06	NaN
7.5634e-06	NaN
6.6164e-06	NaN
6.115e-06	NaN
6.0296e-06	NaN
6.2721e-06	NaN
6.7447e-06	NaN
7.3495e-06	NaN
7.9885e-06	NaN
8.564e-06	NaN
8.978e-06	NaN
9.1326e-06	NaN
8.967e-06	NaN
8.5397e-06	NaN
7.9337e-06	NaN
7.2319e-06	NaN
6.517e-06	NaN
5.8718e-06	NaN
5.3794e-06	NaN
5.1225e-06	NaN
5.1588e-06	NaN
5.4504e-06	NaN
5.9364e-06	NaN
6.5562e-06	NaN
7.2487e-06	NaN
7.9533e-06	NaN
8.6092e-06	NaN
9.1554e-06	NaN
9.5581e-06	NaN
9.9044e-06	NaN
1.0316e-05	NaN
1.0913e-05	NaN
1.1817e-05	NaN
1.315e-05	NaN
1.5033e-05	NaN
1.7586e-05	NaN
2.095e-05	NaN
2.5359e-05	NaN
3.1082e-05	NaN
3.8386e-05	NaN
4.754e-05	NaN
5.8809e-05	NaN
7.2464e-05	NaN
8.877e-05	NaN
0.00010794	NaN
0.00012981	NaN
0.0001541	NaN
0.00018049	NaN
0.00020871	NaN
0.00023844	NaN
0.0002694	NaN
0.00030128	NaN
0.00033383	NaN
0.00036711	NaN
0.00040131	NaN
0.00043664	NaN
0.00047329	NaN
0.00051146	NaN
0.00055136	NaN
0.00059317	NaN
0.00063715	NaN
0.000684	NaN
0.00073464	NaN
0.00078999	NaN
0.000851	NaN
0.00091859	NaN
0.00099369	NaN
0.0010772	NaN
0.0011701	NaN
0.0012726	NaN
0.0013845	NaN
0.001506	NaN
0.0016368	NaN
0.0017769	NaN
0.0019262	NaN
0.0020847	NaN
0.0022521	NaN
0.002428	NaN
0.0026113	NaN
0.002801	NaN
0.0029962	NaN
0.003196	NaN
0.0033992	NaN
0.0036051	NaN
0.0038126	NaN
0.0040229	NaN
0.0042387	NaN
0.0044626	NaN
0.0046975	NaN
0.0049459	NaN
0.0052107	NaN
0.0054946	NaN
0.0058002	NaN
0.0061294	NaN
0.0064833	NaN
0.0068628	NaN
0.0072691	NaN
0.007703	NaN
0.0081657	NaN
0.0086581	NaN
0.0091813	NaN
0.0097332	NaN
0.010309	NaN
0.010904	NaN
0.011513	NaN
0.012131	NaN
0.012753	NaN
0.013373	NaN
0.013988	NaN
0.014591	NaN
0.015178	NaN
0.015744	NaN
0.016284	NaN
0.016793	NaN
0.017265	NaN
0.017697	NaN
0.018083	NaN
0.01842	NaN
0.018711	NaN
0.018958	NaN
0.019162	NaN
0.019326	NaN
0.019452	NaN
0.019543	NaN
0.019599	NaN
0.019623	NaN
0.019617	NaN
0.019581	NaN
0.019517	NaN
0.019427	NaN
0.019312	NaN
0.019172	NaN
0.019011	NaN
0.018828	NaN
0.018626	NaN
0.018407	NaN
0.018173	NaN
0.017926	NaN
0.017668	NaN
0.0174	NaN
0.017125	NaN
0.016847	NaN
0.016572	NaN
0.016308	NaN
0.016063	NaN
0.015843	NaN
0.015657	NaN
0.015512	NaN
0.015416	NaN
0.015375	NaN
0.015393	NaN
0.015474	NaN
0.015622	NaN
0.01584	NaN
0.016132	NaN
0.016501	NaN
0.016952	NaN
0.017487	NaN
0.018106	NaN
0.018807	NaN
0.019592	NaN
0.020459	NaN
0.021407	NaN
0.022435	NaN
0.023544	NaN
0.024734	NaN
0.026009	NaN
0.027375	NaN
0.028838	NaN
0.030403	NaN
0.032078	NaN
0.033866	NaN
0.035774	NaN
0.03781	NaN
0.039988	NaN
0.042326	NaN
0.044842	NaN
0.047552	NaN
0.050474	NaN
0.053625	NaN
0.057022	NaN
0.060681	NaN
0.064596	NaN
0.068762	NaN
0.073167	NaN
0.077806	NaN
0.082668	NaN
0.087746	NaN
0.093031	NaN
0.098521	NaN
0.10424	-0.44226
0.11024	-0.43983
0.11655	-0.43743
0.12321	-0.43502
0.13027	-0.43256
0.13776	-0.43
0.14573	-0.4273
0.15423	-0.42441
0.16334	-0.42128
0.17317	-0.41786
0.18383	-0.41411
0.19543	-0.40998
0.20808	-0.40541
0.22189	-0.40036
0.23697	-0.39478
0.25342	-0.38861
0.27119	-0.38178
0.29018	-0.37419
0.3103	-0.36575
0.33144	-0.35635
0.3535	-0.34592
0.37637	-0.33434
0.39995	-0.32152
0.42414	-0.30738
0.44887	-0.29198
0.47408	-0.27544
0.49971	-0.25788
0.5257	-0.23944
0.55199	-0.22025
0.57853	-0.20044
0.60526	-0.18014
0.63211	-0.15948
0.659	-0.13868
0.68582	-0.11802
0.71244	-0.097781
0.73877	-0.078231
0.76469	-0.05965
0.79008	-0.042316
0.81483	-0.026505
0.83883	-0.012486
0.86193	-0.00039203
0.88392	0.0097551
0.90461	0.017936
0.92382	0.024131
0.94134	0.02832
0.95699	0.030485
0.97056	0.030606
0.98187	0.028664
0.9907	0.024643
0.99682	0.018533
1	0.010322
1	0
0.99659	-0.012444
0.98955	-0.027022
0.97863	-0.043744
0.96362	-0.062618
0.94452	-0.08359
0.92161	-0.10653
0.89516	-0.13132
0.86545	-0.15783
0.83275	-0.18592
0.79735	-0.21547
0.75952	-0.24636
0.71955	-0.27846
0.67783	-0.31201
0.6349	-0.34769
0.5913	-0.38621
0.5476	-0.42828
0.50432	-0.47459
0.46203	-0.52587
0.42127	-0.5828
0.38258	-0.64609
0.34629	-0.7153
0.31244	-0.78844
0.28103	-0.86339
0.25205	-0.93802
0.22552	-1.0102
0.20144	-1.0778
0.17981	-1.1387
0.16063	-1.1909
0.14386	-1.2359
0.12935	-1.2814
0.11696	-1.3357
0.10654	-1.407
0.097939	NaN
0.091007	NaN
0.085597	NaN
0.081562	NaN
0.078747	NaN
0.076988	NaN
0.07612	NaN
0.075977	NaN
0.076395	NaN
0.077207	NaN
0.07825	NaN
0.079356	NaN
0.080388	NaN
0.081265	NaN
0.081912	NaN
0.082258	NaN
0.082229	NaN
0.081752	NaN
0.080755	NaN
0.079164	NaN
0.076942	NaN
0.074145	NaN
0.070847	NaN
0.067117	NaN
0.063028	NaN
0.058651	NaN
0.054059	NaN
0.049323	NaN
0.044513	NaN
0.039696	NaN
0.034936	NaN
0.030299	NaN
0.02585	NaN
0.021653	NaN
0.017775	NaN
0.01428	NaN
0.011218	NaN
0.00858	NaN
0.006346	NaN
0.0044946	NaN
0.0030049	NaN
0.0018559	NaN
0.0010266	NaN
0.00049589	NaN
0.00023949	NaN
0.0002184	NaN
0.00038976	NaN
0.00071071	NaN
0.0011384	NaN
0.0016299	NaN
0.0021424	NaN
0.002633	NaN
0.0030644	NaN
0.0034271	NaN
0.0037203	NaN
0.0039435	NaN
0.004096	NaN
0.004177	NaN
0.004186	NaN
0.0041223	NaN
0.0039866	NaN
0.0037887	NaN
0.0035415	NaN
0.003258	NaN
0.0029512	NaN
0.0026341	NaN
0.0023196	NaN
0.0020207	NaN
0.0017491	NaN
0.0015075	NaN
0.0012946	NaN
0.001109	NaN
0.0009496	NaN
0.00081496	NaN
0.00070382	NaN
0.00061488	NaN
0.00054673	NaN
0.000497	NaN
0.00046278	NaN
0.00044122	NaN
0.00042941	NaN
0.00042449	NaN
0.00042356	NaN
0.00042375	NaN
0.00042248	NaN
0.00042048	NaN
0.00042038	NaN
0.00042486	NaN
0.00043658	NaN
0.0004582	NaN
0.0004924	NaN
0.00054183	NaN
0.00060905	NaN
0.00069497	NaN
0.00079941	NaN
0.00092216	NaN
0.001063	NaN
0.0012218	NaN
0.0013983	NaN
0.0015923	NaN
0.0018035	NaN
0.0020303	NaN
0.0022701	NaN
0.0025201	NaN
0.0027778	NaN
0.0030403	NaN
0.0033051	NaN
0.0035695	NaN
0.0038307	NaN
0.0040865	NaN
0.004335	NaN
0.0045741	NaN
0.004802	NaN
0.0050167	NaN
0.0052163	NaN
0.0053988	NaN
0.0055623	NaN
0.0057063	NaN
0.0058318	NaN
0.0059397	NaN
0.0060309	NaN
0.0061066	NaN
0.0061676	NaN
0.006215	NaN
0.0062498	NaN
0.0062725	NaN
0.0062836	NaN
0.0062832	NaN
0.0062718	NaN
0.0062495	NaN
0.0062166	NaN
0.0061735	NaN
0.0061204	NaN
0.0060578	NaN
0.0059866	NaN
0.0059076	NaN
0.0058218	NaN
0.00573	NaN
0.0056331	NaN
0.0055319	NaN
0.0054274	NaN
0.0053203	NaN
0.005211	NaN
0.0051001	NaN
0.0049881	NaN
0.0048753	NaN
0.0047624	NaN
0.0046497	NaN
0.0045378	NaN
0.0044271	NaN
0.0043178	NaN
0.0042103	NaN
0.0041047	NaN
0.0040013	NaN
0.0039005	NaN
0.0038025	NaN
0.0037075	NaN
0.0036159	NaN
0.0035277	NaN
0.0034433	NaN
0.0033629	NaN
0.0032866	NaN
0.0032147	NaN
0.0031475	NaN
0.003085	NaN
0.0030277	NaN
0.0029759	NaN
0.0029304	NaN
0.0028916	NaN
0.0028601	NaN
0.0028365	NaN
0.0028212	NaN
0.0028148	NaN
0.0028176	NaN
0.002829	NaN
0.0028481	NaN
0.0028741	NaN
0.0029062	NaN
0.0029437	NaN
0.0029856	NaN
0.0030312	NaN
0.0030797	NaN
0.0031306	NaN
0.0031833	NaN
0.0032372	NaN
0.0032919	NaN
0.0033467	NaN
0.0034012	NaN
0.0034547	NaN
0.0035071	NaN
0.0035587	NaN
0.0036105	NaN
0.0036632	NaN
0.0037176	NaN
0.0037746	NaN
0.0038348	NaN
0.0038992	NaN
0.0039682	NaN
0.0040415	NaN
0.0041185	NaN
0.0041984	NaN
0.0042806	NaN
0.0043643	NaN
0.0044488	NaN
0.0045336	NaN
0.0046177	NaN
0.0046996	NaN
0.0047775	NaN
0.0048496	NaN
0.004914	NaN
0.004969	NaN
0.0050128	NaN
0.0050434	NaN
0.0050592	NaN
0.0050592	NaN
0.0050426	NaN
0.0050087	NaN
0.0049566	NaN
0.0048857	NaN
0.0047953	NaN
0.0046845	NaN
0.0045528	NaN
0.0044016	NaN
0.0042329	NaN
0.0040488	NaN
0.0038516	NaN
0.0036434	NaN
0.0034264	NaN
0.0032026	NaN
0.0029743	NaN
0.0027438	NaN
0.0025136	NaN
0.0022861	NaN
0.0020638	NaN
0.0018492	NaN
0.0016447	NaN
0.0014528	NaN
0.0012758	NaN
0.0011146	NaN
0.00096895	NaN
0.00083877	NaN
0.00072384	NaN
0.00062401	NaN
0.00053908	NaN
0.00046889	NaN
0.00041322	NaN
0.00037119	NaN
0.0003414	NaN
0.00032244	NaN
0.00031292	NaN
0.00031143	NaN
0.00031655	NaN
0.0003269	NaN
0.00034107	NaN
0.00035812	NaN
0.00037748	NaN
0.00039858	NaN
0.00042089	NaN
0.00044383	NaN
0.00046686	NaN
0.00048941	NaN
0.00051094	NaN
0.00053122	NaN
0.00055034	NaN
0.00056841	NaN
0.00058552	NaN
0.00060179	NaN
0.00061732	NaN
0.00063221	NaN
0.00064657	NaN
0.0006605	NaN
0.00067412	NaN
0.00068752	NaN
0.00070081	NaN
0.00071411	NaN
0.00072751	NaN
0.00074112	NaN
0.00075505	NaN
0.00076928	NaN
0.00078366	NaN
0.00079799	NaN
0.0008121	NaN
0.00082581	NaN
0.00083894	NaN
0.00085132	NaN
0.00086276	NaN
0.00087308	NaN
0.00088214	NaN
0.00088977	NaN
0.00089581	NaN
0.00090011	NaN
0.0009025	NaN
0.00090282	NaN
0.00090092	NaN
0.00089666	NaN
0.00088993	NaN
0.00088062	NaN
0.00086864	NaN
0.00085389	NaN
0.00083626	NaN
0.00081566	NaN
0.00079197	NaN
0.00076522	NaN
0.00073565	NaN
0.00070355	NaN
0.00066921	NaN
0.0006329	NaN
0.00059491	NaN
0.00055553	NaN
0.00051504	NaN
0.00047376	NaN
0.00043215	NaN
0.00039067	NaN
0.00034978	NaN
0.00030995	NaN
0.00027164	NaN
0.00023532	NaN
0.00020145	NaN
0.00017038	NaN
0.00014215	NaN
0.00011673	NaN
9.4102e-05	NaN
7.423e-05	NaN
5.709e-05	NaN
4.2658e-05	NaN
3.0907e-05	NaN
2.1768e-05	NaN
1.5021e-05	NaN
1.0413e-05	NaN
7.6922e-06	NaN
6.6062e-06	NaN
6.9024e-06	NaN
8.3283e-06	NaN
1.0632e-05	NaN
1.3584e-05	NaN
1.7057e-05	NaN
2.0946e-05	NaN
2.5149e-05	NaN
2.9561e-05	NaN
3.408e-05	NaN
3.8602e-05	NaN
4.3023e-05	NaN
4.7249e-05	NaN
5.1221e-05	NaN
5.4893e-05	NaN
5.822e-05	NaN
6.1157e-05	NaN
6.3656e-05	NaN
6.5673e-05	NaN
6.7161e-05	NaN
6.8084e-05	NaN
6.8453e-05	NaN
6.8298e-05	NaN
6.7649e-05	NaN
6.6536e-05	NaN
6.4988e-05	NaN
6.3036e-05	NaN
6.071e-05	NaN
5.8041e-05	NaN
5.5081e-05	NaN
5.189e-05	NaN
4.8527e-05	NaN
4.5052e-05	NaN
4.1524e-05	NaN
3.8002e-05	NaN
3.4547e-05	NaN
3.1214e-05	NaN
2.803e-05	NaN
2.5008e-05	NaN
2.2161e-05	NaN
1.9502e-05	NaN
1.7045e-05	NaN
1.4802e-05	NaN
1.2787e-05	NaN
1.1009e-05	NaN
9.4609e-06	NaN
8.1212e-06	NaN
6.9693e-06	NaN
5.9845e-06	NaN
5.1461e-06	NaN
4.4334e-06	NaN
3.8258e-06	NaN
3.3031e-06	NaN
2.8537e-06	NaN
2.4711e-06	NaN
2.1491e-06	NaN
1.8815e-06	NaN
1.6619e-06	NaN
1.4841e-06	NaN
1.3418e-06	NaN
1.2288e-06	NaN
1.1404e-06	NaN
1.0726e-06	NaN
1.0218e-06	NaN
9.8421e-07	NaN
9.56e-07	NaN
9.3343e-07	NaN
9.1274e-07	NaN
8.9028e-07	NaN
8.6459e-07	NaN
8.3616e-07	NaN
8.0552e-07	NaN
7.732e-07	NaN
7.3975e-07	NaN
7.0571e-07	NaN
6.7161e-07	NaN
6.3798e-07	NaN
6.05e-07	NaN
5.725e-07	NaN
5.4033e-07	NaN
5.0829e-07	NaN
4.7621e-07	NaN
4.4391e-07	NaN
4.1122e-07	NaN
3.7798e-07	NaN
3.4443e-07	NaN
3.1131e-07	NaN
2.7938e-07	NaN
2.4939e-07	NaN
2.2212e-07	NaN
1.9832e-07	NaN
1.7874e-07	NaN
1.6415e-07	NaN
1.5486e-07	NaN
1.5065e-07	NaN
1.5123e-07	NaN
1.5633e-07	NaN
1.6567e-07	NaN
1.7897e-07	NaN
1.9595e-07	NaN
2.1634e-07	NaN
2.3999e-07	NaN
2.6696e-07	NaN
2.9731e-07	NaN
3.3112e-07	NaN
3.6847e-07	NaN
4.0942e-07	NaN
4.5404e-07	NaN
5.0241e-07	NaN
5.541e-07	NaN
6.0776e-07	NaN
6.6199e-07	NaN
7.1534e-07	NaN
7.664e-07	NaN
8.1374e-07	NaN
8.5593e-07	NaN
8.9155e-07	NaN
9.1967e-07	NaN
9.4039e-07	NaN
9.5393e-07	NaN
9.6054e-07	NaN
9.6043e-07	NaN
9.5385e-07	NaN
9.4101e-07	NaN
9.2216e-07	NaN
8.9775e-07	NaN
8.6875e-07	NaN
8.3624e-07	NaN
8.013e-07	NaN
7.6498e-07	NaN
7.2836e-07	NaN
6.9251e-07	NaN
6.5849e-07	NaN
6.2716e-07	NaN
5.9873e-07	NaN
5.7329e-07	NaN
5.5095e-07	NaN
5.3179e-07	NaN
5.1593e-07	NaN
5.0346e-07	NaN
4.9447e-07	NaN
4.8907e-07	NaN
4.8735e-07	NaN
4.8942e-07	NaN
4.9536e-07	NaN
5.0528e-07	NaN
5.1928e-07	NaN
5.3745e-07	NaN
5.599e-07	NaN
6.9045e-07	NaN
