2.3119e-07	NaN
1.9687e-07	NaN
1.6596e-07	NaN
1.3832e-07	NaN
1.1378e-07	NaN
9.2164e-08	NaN
7.3323e-08	NaN
5.709e-08	NaN
4.3301e-08	NaN
3.1793e-08	NaN
2.2403e-08	NaN
1.4967e-08	NaN
9.3235e-09	NaN
5.3081e-09	NaN
2.7579e-09	NaN
1.5096e-09	NaN
1.4001e-09	NaN
2.2719e-09	NaN
3.999e-09	NaN
6.4665e-09	NaN
9.5594e-09	NaN
1.3163e-08	NaN
1.7162e-08	NaN
2.1442e-08	NaN
2.5887e-08	NaN
3.0412e-08	NaN
3.5123e-08	NaN
4.0205e-08	NaN
4.5843e-08	NaN
5.222e-08	NaN
5.9522e-08	NaN
6.7934e-08	NaN
7.764e-08	NaN
8.8789e-08	NaN
1.0124e-07	NaN
1.1472e-07	NaN
1.2896e-07	NaN
1.4368e-07	NaN
1.5859e-07	NaN
1.7344e-07	NaN
1.8794e-07	NaN
2.0183e-07	NaN
2.1496e-07	NaN
2.2726e-07	NaN
2.3866e-07	NaN
2.4906e-07	NaN
2.5841e-07	NaN
2.6662e-07	NaN
2.7362e-07	NaN
2.793e-07	NaN
2.8339e-07	NaN
2.8546e-07	NaN
2.8511e-07	NaN
2.8191e-07	NaN
2.7545e-07	NaN
2.6531e-07	NaN
2.5108e-07	NaN
2.324e-07	NaN
2.0984e-07	NaN
1.8466e-07	NaN
1.5814e-07	NaN
1.3153e-07	NaN
1.0613e-07	NaN
8.3186e-08	NaN
6.3983e-08	NaN
4.973e-08	NaN
4.0625e-08	NaN
3.599e-08	NaN
3.5117e-08	NaN
3.7303e-08	NaN
4.184e-08	NaN
4.8023e-08	NaN
5.5147e-08	NaN
6.2509e-08	NaN
6.9525e-08	NaN
7.5723e-08	NaN
8.0634e-08	NaN
8.3791e-08	NaN
8.4728e-08	NaN
8.2977e-08	NaN
7.807e-08	NaN
6.9643e-08	NaN
6.0367e-08	NaN
5.6384e-08	NaN
6.4027e-08	NaN
8.9627e-08	NaN
1.3952e-07	NaN
2.2003e-07	NaN
3.3749e-07	NaN
4.9827e-07	NaN
7.0997e-07	NaN
9.8183e-07	NaN
1.3232e-06	NaN
1.7434e-06	NaN
2.2519e-06	NaN
2.8579e-06	NaN
3.5709e-06	NaN
4.4001e-06	NaN
5.3535e-06	NaN
6.4367e-06	NaN
7.6553e-06	NaN
9.0148e-06	NaN
1.0521e-05	NaN
1.2179e-05	NaN
1.3994e-05	NaN
1.5972e-05	NaN
1.8114e-05	NaN
2.0411e-05	NaN
2.2857e-05	NaN
2.5441e-05	NaN
2.8155e-05	NaN
3.0991e-05	NaN
3.3941e-05	NaN
3.6995e-05	NaN
4.0145e-05	NaN
4.3381e-05	NaN
4.6691e-05	NaN
5.0067e-05	NaN
5.3496e-05	NaN
5.697e-05	NaN
6.0477e-05	NaN
6.4008e-05	NaN
6.7545e-05	NaN
7.1057e-05	NaN
7.4508e-05	NaN
7.7865e-05	NaN
8.1092e-05	NaN
8.4157e-05	NaN
8.7023e-05	NaN
8.9656e-05	NaN
9.204e-05	NaN
9.4207e-05	NaN
9.6196e-05	NaN
9.8047e-05	NaN
9.9803e-05	NaN
0.0001015	NaN
0.00010318	NaN
0.00010489	NaN
0.00010668	NaN
0.00010864	NaN
0.00011088	NaN
0.00011351	NaN
0.00011663	NaN
0.00012035	NaN
0.00012478	NaN
0.00013002	NaN
0.00013618	NaN
0.00014334	NaN
0.00015158	NaN
0.00016101	NaN
0.00017169	NaN
0.00018372	NaN
0.00019717	NaN
0.00021215	NaN
0.00022872	NaN
0.00024698	NaN
0.00026701	NaN
0.00028891	NaN
0.00031276	NaN
0.00033865	NaN
0.00036666	NaN
0.00039689	NaN
0.00042938	NaN
0.00046398	NaN
0.00050049	NaN
0.00053868	NaN
0.00057834	NaN
0.00061925	NaN
0.0006612	NaN
0.00070397	NaN
0.00074731	NaN
0.0007907	NaN
0.00083352	NaN
0.00087518	NaN
0.00091503	NaN
0.00095249	NaN
0.00098692	NaN
0.0010177	NaN
0.0010443	NaN
0.0010662	NaN
0.0010832	NaN
0.0010949	NaN
0.001101	NaN
0.0011011	NaN
0.0010951	NaN
0.0010824	NaN
0.001063	NaN
0.001037	NaN
0.0010053	NaN
0.00096838	NaN
0.00092698	NaN
0.00088175	NaN
0.00083336	NaN
0.00078248	NaN
0.00072976	NaN
0.00067591	NaN
0.00062162	NaN
0.00056762	NaN
0.00051461	NaN
0.0004633	NaN
0.00041439	NaN
0.0003686	NaN
0.00032663	NaN
0.00028899	NaN
0.00025605	NaN
0.00022821	NaN
0.00020583	NaN
0.0001893	NaN
0.000179	NaN
0.0001753	NaN
0.00017858	NaN
0.00018891	NaN
0.00020614	NaN
0.00023012	NaN
0.0002607	NaN
0.00029771	NaN
0.00034101	NaN
0.00039042	NaN
0.00044581	NaN
0.00050701	NaN
0.00057384	NaN
0.00064614	NaN
0.00072376	NaN
0.00080651	NaN
0.00089423	NaN
0.00098676	NaN
0.0010839	NaN
0.0011856	NaN
0.0012918	NaN
0.0014023	NaN
0.0015172	NaN
0.0016365	NaN
0.0017599	NaN
0.0018875	NaN
0.0020193	NaN
0.0021551	NaN
0.0022945	NaN
0.0024375	NaN
0.0025837	NaN
0.0027328	NaN
0.0028847	NaN
0.003039	NaN
0.0031955	NaN
0.0033539	NaN
0.0035137	NaN
0.0036745	NaN
0.0038359	NaN
0.0039974	NaN
0.0041586	NaN
0.0043191	NaN
0.0044784	NaN
0.0046361	NaN
0.0047913	NaN
0.0049433	NaN
0.0050915	NaN
0.005235	NaN
0.0053731	NaN
0.0055051	NaN
0.0056302	NaN
0.0057477	NaN
0.0058566	NaN
0.0059561	NaN
0.0060451	NaN
0.0061228	NaN
0.0061883	NaN
0.0062406	NaN
0.0062789	NaN
0.0063025	NaN
0.0063115	NaN
0.006306	NaN
0.0062864	NaN
0.0062527	NaN
0.0062052	NaN
0.006144	NaN
0.0060693	NaN
0.0059816	NaN
0.0058816	NaN
0.0057703	NaN
0.0056486	NaN
0.0055174	NaN
0.0053777	NaN
0.0052305	NaN
0.0050765	NaN
0.0049167	NaN
0.0047513	NaN
0.0045805	NaN
0.0044045	NaN
0.0042234	NaN
0.0040375	NaN
0.003847	NaN
0.003652	NaN
0.0034528	NaN
0.0032506	NaN
0.0030465	NaN
0.0028416	NaN
0.0026371	NaN
0.0024342	NaN
0.002234	NaN
0.0020377	NaN
0.0018464	NaN
0.0016611	NaN
0.0014825	NaN
0.0013114	NaN
0.0011489	NaN
0.00099552	NaN
0.00085227	NaN
0.00071995	NaN
0.0005993	NaN
0.00049055	NaN
0.00039378	NaN
0.00030906	NaN
0.00023647	NaN
0.00017607	NaN
0.00012795	NaN
9.2162e-05	NaN
6.869e-05	NaN
5.6835e-05	NaN
5.5646e-05	NaN
6.4172e-05	NaN
8.1462e-05	NaN
0.00010656	NaN
0.00013852	NaN
0.00017639	NaN
0.0002192	NaN
0.00026578	NaN
0.0003149	NaN
0.00036533	NaN
0.00041583	NaN
0.00046516	NaN
0.00051209	NaN
0.00055538	NaN
0.00059389	NaN
0.0006274	NaN
0.00065616	NaN
0.00068042	NaN
0.00070044	NaN
0.00071649	NaN
0.00072881	NaN
0.00073766	NaN
0.0007433	NaN
0.00074594	NaN
0.00074577	NaN
0.00074297	NaN
0.00073772	NaN
0.00073022	NaN
0.00072064	NaN
0.00070918	NaN
0.00069602	NaN
0.00068126	NaN
0.00066493	NaN
0.0006471	NaN
0.00062779	NaN
0.00060706	NaN
0.00058495	NaN
0.0005615	NaN
0.00053676	NaN
0.00051093	NaN
0.0004843	NaN
0.00045718	NaN
0.00042987	NaN
0.00040268	NaN
0.00037591	NaN
0.00034986	NaN
0.00032484	NaN
0.00030096	NaN
0.00027822	NaN
0.00025657	NaN
0.00023597	NaN
0.00021641	NaN
0.00019783	NaN
0.00018022	NaN
0.00016355	NaN
0.00014789	NaN
0.00013345	NaN
0.00012046	NaN
0.00010912	NaN
9.9648e-05	NaN
9.2264e-05	NaN
8.7179e-05	NaN
8.4605e-05	NaN
8.4651e-05	NaN
8.7294e-05	NaN
9.2502e-05	NaN
0.00010024	NaN
0.00011048	NaN
0.0001232	NaN
0.00013835	NaN
0.0001559	NaN
0.00017578	NaN
0.00019785	NaN
0.00022194	NaN
0.00024791	NaN
0.0002756	NaN
0.00030486	NaN
0.00033555	NaN
0.0003675	NaN
0.00040048	NaN
0.00043407	NaN
0.00046786	NaN
0.00050142	NaN
0.00053433	NaN
0.00056617	NaN
0.00059651	NaN
0.00062495	NaN
0.00065114	NaN
0.00067497	NaN
0.00069632	NaN
0.00071508	NaN
0.00073114	NaN
0.0007444	NaN
0.00075473	NaN
0.00076204	NaN
0.00076625	NaN
0.00076742	NaN
0.0007656	NaN
0.00076086	NaN
0.00075325	NaN
0.00074285	NaN
0.0007297	NaN
0.00071387	NaN
0.00069537	NaN
0.00067407	NaN
0.00064979	NaN
0.00062239	NaN
0.0005917	NaN
0.00055757	NaN
0.00051983	NaN
0.00047833	NaN
0.00043353	NaN
0.00038786	NaN
0.00034415	NaN
0.00030522	NaN
0.00027389	NaN
0.00025298	NaN
0.00024532	NaN
0.00025373	NaN
0.00028186	NaN
0.00033644	NaN
0.00042493	NaN
0.00055476	NaN
0.00073341	NaN
0.00096831	NaN
0.0012669	NaN
0.0016367	NaN
0.0020879	NaN
0.0026436	NaN
0.0033301	NaN
0.0041739	NaN
0.0052014	NaN
0.006439	NaN
0.0079131	NaN
0.0096502	NaN
0.011678	NaN
0.014029	NaN
0.016738	NaN
0.019841	NaN
0.023372	NaN
0.027367	NaN
0.03186	NaN
0.036886	NaN
0.04248	NaN
0.048684	NaN
0.055539	NaN
0.063087	NaN
0.071371	NaN
0.080433	NaN
0.090314	NaN
0.10106	-0.61256
0.1127	-0.61004
0.12528	-0.60611
0.13882	-0.60085
0.15334	-0.59433
0.16887	-0.58663
0.18544	-0.57782
0.20307	-0.56799
0.22179	-0.55719
0.24161	-0.54552
0.26251	-0.53303
0.28445	-0.51978
0.30737	-0.50583
0.33123	-0.49126
0.35596	-0.4761
0.38153	-0.46043
0.40789	-0.4443
0.43497	-0.42777
0.46267	-0.41089
0.49084	-0.39367
0.51933	-0.37614
0.54799	-0.35833
0.57667	-0.34025
0.60523	-0.32195
0.63352	-0.30343
0.6614	-0.28474
0.68876	-0.2659
0.71554	-0.24697
0.74169	-0.228
0.76714	-0.20904
0.79184	-0.19015
0.8157	-0.17136
0.83869	-0.15274
0.86073	-0.13434
0.8817	-0.1163
0.90147	-0.098825
0.91986	-0.082125
0.93673	-0.06641
0.95192	-0.051889
0.96529	-0.038771
0.97667	-0.027265
0.98592	-0.017576
0.99293	-0.0098024
0.99764	-0.0039446
1	0
0.99996	0.0020344
0.99745	0.0021614
0.99242	0.00038403
0.98483	-0.0032949
0.9746	-0.0088727
0.9619	-0.016352
0.94705	-0.02574
0.93039	-0.037045
0.91228	-0.050276
0.89305	-0.06544
0.87307	-0.082546
0.85266	-0.1016
0.83218	-0.12261
0.81178	-0.14554
0.79137	-0.17028
0.77085	-0.19673
0.75013	-0.22479
0.72911	-0.25435
0.7077	-0.2853
0.68579	-0.31754
0.66328	-0.35097
0.64013	-0.38579
0.61634	-0.42258
0.59191	-0.46199
0.56685	-0.50465
0.54116	-0.55119
0.51486	-0.60224
0.48795	-0.65843
0.46044	-0.72039
0.43242	-0.78765
0.40411	-0.85792
0.37575	-0.92877
0.34757	-0.99775
0.3198	-1.0624
0.29269	-1.1203
0.26648	-1.169
0.24138	-1.206
0.21759	-1.2327
0.1952	-1.2576
0.17426	-1.29
0.15485	-1.3391
0.13705	-1.4143
0.12091	-1.525
0.10652	-1.6803
0.093944	NaN
0.083187	NaN
0.07413	NaN
0.06663	NaN
0.060547	NaN
0.055737	NaN
0.05206	NaN
0.049374	NaN
0.047537	NaN
0.046425	NaN
0.045959	NaN
0.046068	NaN
0.046681	NaN
0.047726	NaN
0.049133	NaN
0.050831	NaN
0.052747	NaN
0.054815	NaN
0.056979	NaN
0.059184	NaN
0.061376	NaN
0.063502	NaN
0.065506	NaN
0.067336	NaN
0.068937	NaN
0.070261	NaN
0.07129	NaN
0.072008	NaN
0.072403	NaN
0.072458	NaN
0.072162	NaN
0.071498	NaN
0.070454	NaN
0.069023	NaN
0.067234	NaN
0.065125	NaN
0.062735	NaN
0.060101	NaN
0.057263	NaN
0.054257	NaN
0.051123	NaN
0.047897	NaN
0.044614	NaN
0.041304	NaN
0.037999	NaN
0.034731	NaN
0.031531	NaN
0.028432	NaN
0.025465	NaN
0.022658	NaN
0.020026	NaN
0.017573	NaN
0.015306	NaN
0.013233	NaN
0.011358	NaN
0.0096898	NaN
0.0082333	NaN
0.0069945	NaN
0.0059718	NaN
0.0051605	NaN
0.0045561	NaN
0.0041541	NaN
0.0039497	NaN
0.0039384	NaN
0.0041156	NaN
0.0044753	NaN
0.0050008	NaN
0.0056695	NaN
0.0064588	NaN
0.0073463	NaN
0.0083093	NaN
0.0093254	NaN
0.010372	NaN
0.011427	NaN
0.012475	NaN
0.013505	NaN
0.014504	NaN
0.015461	NaN
0.016364	NaN
0.017202	NaN
0.017963	NaN
0.018635	NaN
0.019216	NaN
0.019706	NaN
0.020107	NaN
0.020421	NaN
0.02065	NaN
0.020795	NaN
0.020857	NaN
0.020839	NaN
0.020745	NaN
0.020583	NaN
0.02036	NaN
0.020084	NaN
0.019763	NaN
0.019404	NaN
0.019014	NaN
0.018602	NaN
0.018171	NaN
0.017722	NaN
0.017259	NaN
0.016781	NaN
0.01629	NaN
0.015788	NaN
0.015277	NaN
0.014757	NaN
0.014231	NaN
0.013703	NaN
0.013175	NaN
0.01265	NaN
0.012131	NaN
0.011622	NaN
0.011126	NaN
0.010645	NaN
0.010181	NaN
0.0097371	NaN
0.0093124	NaN
0.0089083	NaN
0.0085257	NaN
0.0081657	NaN
0.007829	NaN
0.0075167	NaN
0.0072282	NaN
0.0069615	NaN
0.0067142	NaN
0.0064838	NaN
0.0062681	NaN
0.0060646	NaN
0.0058711	NaN
0.0056852	NaN
0.0055052	NaN
0.0053304	NaN
0.0051601	NaN
0.0049937	NaN
0.0048307	NaN
0.0046703	NaN
0.004512	NaN
0.0043552	NaN
0.0041996	NaN
0.0040455	NaN
0.0038934	NaN
0.0037438	NaN
0.003597	NaN
0.0034536	NaN
0.0033139	NaN
0.0031784	NaN
0.0030474	NaN
0.0029209	NaN
0.0027987	NaN
0.0026806	NaN
0.0025667	NaN
0.0024568	NaN
0.0023507	NaN
0.0022485	NaN
0.0021498	NaN
0.0020544	NaN
0.001962	NaN
0.0018723	NaN
0.0017848	NaN
0.0016992	NaN
0.0016153	NaN
0.0015327	NaN
0.001451	NaN
0.0013704	NaN
0.0012906	NaN
0.0012119	NaN
0.0011341	NaN
0.0010572	NaN
0.00098117	NaN
0.00090609	NaN
0.000832	NaN
0.00075931	NaN
0.00068847	NaN
0.00061998	NaN
0.00055431	NaN
0.00049192	NaN
0.0004333	NaN
0.00037892	NaN
0.00032916	NaN
0.00028397	NaN
0.0002432	NaN
0.00020671	NaN
0.00017433	NaN
0.00014593	NaN
0.00012135	NaN
0.00010044	NaN
8.3021e-05	NaN
6.8755e-05	NaN
5.7264e-05	NaN
4.8167e-05	NaN
4.1084e-05	NaN
3.5633e-05	NaN
3.1434e-05	NaN
2.8107e-05	NaN
2.5306e-05	NaN
2.2888e-05	NaN
2.0787e-05	NaN
1.8935e-05	NaN
1.7264e-05	NaN
1.5708e-05	NaN
1.4197e-05	NaN
1.2665e-05	NaN
1.1056e-05	NaN
9.391e-06	NaN
7.724e-06	NaN
6.1099e-06	NaN
4.6031e-06	NaN
3.2583e-06	NaN
2.1299e-06	NaN
1.2725e-06	NaN
7.3283e-07	NaN
4.9191e-07	NaN
4.9842e-07	NaN
7.0077e-07	NaN
1.0474e-06	NaN
1.4866e-06	NaN
1.967e-06	NaN
2.4368e-06	NaN
2.8483e-06	NaN
3.1931e-06	NaN
3.4847e-06	NaN
3.7374e-06	NaN
3.9653e-06	NaN
4.1824e-06	NaN
4.4029e-06	NaN
4.6409e-06	NaN
4.9099e-06	NaN
5.2166e-06	NaN
5.5629e-06	NaN
5.951e-06	NaN
6.3827e-06	NaN
6.8599e-06	NaN
7.3848e-06	NaN
7.9592e-06	NaN
8.5836e-06	NaN
9.2362e-06	NaN
9.878e-06	NaN
1.0469e-05	NaN
1.0971e-05	NaN
1.1343e-05	NaN
1.1546e-05	NaN
1.1541e-05	NaN
1.1291e-05	NaN
1.0798e-05	NaN
1.0106e-05	NaN
9.2555e-06	NaN
8.2897e-06	NaN
7.2511e-06	NaN
6.1822e-06	NaN
5.1253e-06	NaN
4.1225e-06	NaN
3.2021e-06	NaN
2.3785e-06	NaN
1.6653e-06	NaN
1.0763e-06	NaN
6.2526e-07	NaN
3.258e-07	NaN
1.9167e-07	NaN
2.359e-07	NaN
4.4956e-07	NaN
7.9758e-07	NaN
1.2434e-06	NaN
1.7503e-06	NaN
2.2818e-06	NaN
2.8013e-06	NaN
3.2721e-06	NaN
3.6581e-06	NaN
3.9407e-06	NaN
4.1257e-06	NaN
4.2204e-06	NaN
4.2325e-06	NaN
4.1694e-06	NaN
4.0386e-06	NaN
3.8476e-06	NaN
3.6039e-06	NaN
3.3182e-06	NaN
3.0059e-06	NaN
2.6828e-06	NaN
2.3648e-06	NaN
2.0679e-06	NaN
1.8079e-06	NaN
1.6006e-06	NaN
1.4619e-06	NaN
1.4067e-06	NaN
1.4473e-06	NaN
1.5962e-06	NaN
1.8657e-06	NaN
2.2683e-06	NaN
2.8161e-06	NaN
3.5217e-06	NaN
4.3972e-06	NaN
5.4384e-06	NaN
6.6056e-06	NaN
7.8545e-06	NaN
9.1408e-06	NaN
1.042e-05	NaN
1.1648e-05	NaN
1.278e-05	NaN
1.3773e-05	NaN
1.4594e-05	NaN
1.5245e-05	NaN
1.5732e-05	NaN
1.6063e-05	NaN
1.6242e-05	NaN
1.6277e-05	NaN
1.6174e-05	NaN
1.594e-05	NaN
1.5585e-05	NaN
1.5133e-05	NaN
1.461e-05	NaN
1.4045e-05	NaN
1.3462e-05	NaN
1.289e-05	NaN
1.2353e-05	NaN
1.1879e-05	NaN
1.1489e-05	NaN
1.1183e-05	NaN
1.0958e-05	NaN
1.081e-05	NaN
1.0736e-05	NaN
1.0731e-05	NaN
1.0793e-05	NaN
1.0917e-05	NaN
1.1099e-05	NaN
1.1324e-05	NaN
1.1577e-05	NaN
1.1843e-05	NaN
1.2107e-05	NaN
1.2352e-05	NaN
1.2564e-05	NaN
1.2727e-05	NaN
1.2828e-05	NaN
1.2866e-05	NaN
1.2845e-05	NaN
1.2768e-05	NaN
1.2638e-05	NaN
1.2459e-05	NaN
1.2233e-05	NaN
1.1963e-05	NaN
1.1654e-05	NaN
1.1305e-05	NaN
1.0918e-05	NaN
1.0495e-05	NaN
1.0035e-05	NaN
9.5409e-06	NaN
9.0129e-06	NaN
8.452e-06	NaN
7.8603e-06	NaN
7.2458e-06	NaN
6.6194e-06	NaN
5.9917e-06	NaN
5.3736e-06	NaN
4.7758e-06	NaN
4.2091e-06	NaN
3.6841e-06	NaN
3.2106e-06	NaN
2.7889e-06	NaN
2.4147e-06	NaN
2.0839e-06	NaN
1.7924e-06	NaN
1.5358e-06	NaN
1.3101e-06	NaN
1.111e-06	NaN
9.3464e-07	NaN
7.796e-07	NaN
6.4599e-07	NaN
5.3393e-07	NaN
4.4354e-07	NaN
3.7491e-07	NaN
3.2816e-07	NaN
3.0341e-07	NaN
3.0074e-07	NaN
3.2014e-07	NaN
3.615e-07	NaN
4.247e-07	NaN
5.0964e-07	NaN
6.162e-07	NaN
7.4427e-07	NaN
8.9375e-07	NaN
1.0642e-06	NaN
1.2513e-06	NaN
1.4475e-06	NaN
1.6452e-06	NaN
1.8368e-06	NaN
2.0147e-06	NaN
2.1715e-06	NaN
2.2995e-06	NaN
2.3914e-06	NaN
2.4444e-06	NaN
2.4596e-06	NaN
2.4383e-06	NaN
2.3819e-06	NaN
2.2916e-06	NaN
2.1687e-06	NaN
2.0145e-06	NaN
1.8305e-06	NaN
1.6216e-06	NaN
1.3966e-06	NaN
1.1644e-06	NaN
9.3367e-07	NaN
7.1339e-07	NaN
5.1239e-07	NaN
3.3952e-07	NaN
2.0339e-07	NaN
1.0611e-07	NaN
4.2077e-08	NaN
5.29e-09	NaN
1.0264e-08	NaN
1.0598e-08	NaN
1.7214e-09	NaN
1.0353e-08	NaN
1.9686e-08	NaN
2.3361e-08	NaN
2.2542e-08	NaN
1.8681e-08	NaN
1.3229e-08	NaN
7.6382e-09	NaN
3.3591e-09	NaN
1.8436e-09	NaN
4.5323e-09	NaN
1.2196e-08	NaN
2.4561e-08	NaN
4.1262e-08	NaN
6.1935e-08	NaN
8.6214e-08	NaN
1.1374e-07	NaN
1.4413e-07	NaN
1.7704e-07	NaN
2.1196e-07	NaN
2.4812e-07	NaN
2.8475e-07	NaN
3.2107e-07	NaN
3.5629e-07	NaN
3.8963e-07	NaN
4.203e-07	NaN
4.4753e-07	NaN
4.7094e-07	NaN
4.9099e-07	NaN
5.0824e-07	NaN
5.2326e-07	NaN
5.3662e-07	NaN
5.4889e-07	NaN
5.6062e-07	NaN
5.724e-07	NaN
5.8449e-07	NaN
5.965e-07	NaN
6.0791e-07	NaN
6.1821e-07	NaN
6.2688e-07	NaN
6.3341e-07	NaN
6.3728e-07	NaN
6.3799e-07	NaN
6.3522e-07	NaN
6.2929e-07	NaN
6.206e-07	NaN
6.0958e-07	NaN
5.9663e-07	NaN
5.8218e-07	NaN
5.6663e-07	NaN
5.5039e-07	NaN
5.3389e-07	NaN
5.1753e-07	NaN
5.0174e-07	NaN
4.8691e-07	NaN
4.7348e-07	NaN
4.6185e-07	NaN
4.5243e-07	NaN
4.4564e-07	NaN
