2.3648e-08	NaN
1.7716e-07	NaN
1.7702e-07	NaN
1.7395e-07	NaN
1.6831e-07	NaN
1.6047e-07	NaN
1.5078e-07	NaN
1.3961e-07	NaN
1.2733e-07	NaN
1.143e-07	NaN
1.0088e-07	NaN
8.7429e-08	NaN
7.4319e-08	NaN
6.1911e-08	NaN
5.0567e-08	NaN
4.0651e-08	NaN
3.2527e-08	NaN
2.6558e-08	NaN
2.3032e-08	NaN
2.1822e-08	NaN
2.2656e-08	NaN
2.5261e-08	NaN
2.9366e-08	NaN
3.4699e-08	NaN
4.0987e-08	NaN
4.7957e-08	NaN
5.534e-08	NaN
6.2871e-08	NaN
7.0288e-08	NaN
7.7331e-08	NaN
8.3738e-08	NaN
8.9248e-08	NaN
9.36e-08	NaN
9.6533e-08	NaN
9.7834e-08	NaN
9.7671e-08	NaN
9.6392e-08	NaN
9.4347e-08	NaN
9.1886e-08	NaN
8.9358e-08	NaN
8.7114e-08	NaN
8.5502e-08	NaN
8.4896e-08	NaN
8.5887e-08	NaN
8.9189e-08	NaN
9.5516e-08	NaN
1.0558e-07	NaN
1.201e-07	NaN
1.3978e-07	NaN
1.6535e-07	NaN
1.9739e-07	NaN
2.3514e-07	NaN
2.7695e-07	NaN
3.2116e-07	NaN
3.6611e-07	NaN
4.1015e-07	NaN
4.5162e-07	NaN
4.8885e-07	NaN
5.2026e-07	NaN
5.4539e-07	NaN
5.646e-07	NaN
5.7826e-07	NaN
5.8675e-07	NaN
5.9044e-07	NaN
5.8972e-07	NaN
5.8496e-07	NaN
5.7654e-07	NaN
5.651e-07	NaN
5.5142e-07	NaN
5.3632e-07	NaN
5.2061e-07	NaN
5.0511e-07	NaN
4.9061e-07	NaN
4.7795e-07	NaN
4.679e-07	NaN
4.6075e-07	NaN
4.5633e-07	NaN
4.5441e-07	NaN
4.5478e-07	NaN
4.5722e-07	NaN
4.6152e-07	NaN
4.6747e-07	NaN
4.7488e-07	NaN
4.8403e-07	NaN
4.9582e-07	NaN
5.1114e-07	NaN
5.3091e-07	NaN
5.5602e-07	NaN
5.8739e-07	NaN
6.2593e-07	NaN
6.7255e-07	NaN
7.2877e-07	NaN
7.9692e-07	NaN
8.7935e-07	NaN
9.7843e-07	NaN
1.0965e-06	NaN
1.236e-06	NaN
1.3993e-06	NaN
1.5886e-06	NaN
1.8071e-06	NaN
2.0585e-06	NaN
2.3467e-06	NaN
2.6757e-06	NaN
3.0494e-06	NaN
3.4717e-06	NaN
3.9465e-06	NaN
4.4778e-06	NaN
5.0739e-06	NaN
5.7506e-06	NaN
6.5245e-06	NaN
7.4123e-06	NaN
8.4307e-06	NaN
9.5963e-06	NaN
1.0926e-05	NaN
1.2436e-05	NaN
1.4131e-05	NaN
1.5995e-05	NaN
1.8008e-05	NaN
2.0148e-05	NaN
2.2395e-05	NaN
2.473e-05	NaN
2.7132e-05	NaN
2.9581e-05	NaN
3.2054e-05	NaN
3.4524e-05	NaN
3.6962e-05	NaN
3.9341e-05	NaN
4.1631e-05	NaN
4.3805e-05	NaN
4.5834e-05	NaN
4.769e-05	NaN
4.9365e-05	NaN
5.0911e-05	NaN
5.2389e-05	NaN
5.3862e-05	NaN
5.539e-05	NaN
5.7036e-05	NaN
5.886e-05	NaN
6.0924e-05	NaN
6.3304e-05	NaN
6.6117e-05	NaN
6.9489e-05	NaN
7.3547e-05	NaN
7.8417e-05	NaN
8.4227e-05	NaN
9.1102e-05	NaN
9.917e-05	NaN
0.00010855	NaN
0.00011936	NaN
0.0001317	NaN
0.00014568	NaN
0.00016139	NaN
0.00017896	NaN
0.00019848	NaN
0.00022007	NaN
0.00024377	NaN
0.00026945	NaN
0.00029689	NaN
0.00032588	NaN
0.00035621	NaN
0.00038767	NaN
0.00042006	NaN
0.00045317	NaN
0.00048676	NaN
0.00052057	NaN
0.00055427	NaN
0.00058759	NaN
0.00062019	NaN
0.0006518	NaN
0.00068209	NaN
0.00071076	NaN
0.00073754	NaN
0.00076226	NaN
0.00078483	NaN
0.00080513	NaN
0.00082305	NaN
0.00083851	NaN
0.00085138	NaN
0.00086156	NaN
0.00086896	NaN
0.00087341	NaN
0.00087476	NaN
0.00087285	NaN
0.00086752	NaN
0.00085861	NaN
0.00084595	NaN
0.0008294	NaN
0.00080882	NaN
0.00078451	NaN
0.00075698	NaN
0.00072673	NaN
0.00069428	NaN
0.00066013	NaN
0.0006248	NaN
0.00058878	NaN
0.0005526	NaN
0.00051676	NaN
0.00048177	NaN
0.00044814	NaN
0.00041638	NaN
0.000387	NaN
0.00036052	NaN
0.00033743	NaN
0.00031824	NaN
0.00030328	NaN
0.00029275	NaN
0.00028686	NaN
0.00028579	NaN
0.00028977	NaN
0.00029898	NaN
0.00031363	NaN
0.00033393	NaN
0.00036001	NaN
0.00039199	NaN
0.00042998	NaN
0.00047409	NaN
0.00052442	NaN
0.00058109	NaN
0.00064419	NaN
0.00071385	NaN
0.00079007	NaN
0.0008728	NaN
0.00096198	NaN
0.0010576	NaN
0.0011595	NaN
0.0012676	NaN
0.001382	NaN
0.0015026	NaN
0.0016291	NaN
0.0017613	NaN
0.0018989	NaN
0.0020417	NaN
0.0021894	NaN
0.0023416	NaN
0.0024981	NaN
0.0026587	NaN
0.002823	NaN
0.0029905	NaN
0.003161	NaN
0.0033339	NaN
0.0035089	NaN
0.0036857	NaN
0.0038637	NaN
0.0040427	NaN
0.0042216	NaN
0.0043991	NaN
0.0045735	NaN
0.0047431	NaN
0.0049065	NaN
0.0050619	NaN
0.0052079	NaN
0.0053428	NaN
0.0054654	NaN
0.0055757	NaN
0.0056734	NaN
0.0057585	NaN
0.0058307	NaN
0.0058899	NaN
0.005936	NaN
0.0059688	NaN
0.0059883	NaN
0.0059945	NaN
0.0059877	NaN
0.0059677	NaN
0.0059349	NaN
0.0058892	NaN
0.0058307	NaN
0.0057597	NaN
0.0056762	NaN
0.0055808	NaN
0.0054739	NaN
0.005356	NaN
0.0052278	NaN
0.0050895	NaN
0.0049418	NaN
0.0047852	NaN
0.0046203	NaN
0.0044486	NaN
0.0042714	NaN
0.0040903	NaN
0.0039067	NaN
0.003722	NaN
0.0035378	NaN
0.0033554	NaN
0.0031761	NaN
0.0030005	NaN
0.0028289	NaN
0.0026617	NaN
0.0024994	NaN
0.0023422	NaN
0.0021906	NaN
0.002045	NaN
0.0019057	NaN
0.0017727	NaN
0.0016459	NaN
0.0015254	NaN
0.0014111	NaN
0.001303	NaN
0.0012011	NaN
0.0011052	NaN
0.0010154	NaN
0.00093132	NaN
0.00085271	NaN
0.00077925	NaN
0.0007106	NaN
0.00064647	NaN
0.00058655	NaN
0.0005305	NaN
0.0004781	NaN
0.0004294	NaN
0.00038461	NaN
0.00034389	NaN
0.00030745	NaN
0.00027546	NaN
0.0002481	NaN
0.00022558	NaN
0.00020805	NaN
0.00019569	NaN
0.00018863	NaN
0.00018703	NaN
0.00019101	NaN
0.00020073	NaN
0.00021633	NaN
0.00023795	NaN
0.00026564	NaN
0.00029869	NaN
0.00033604	NaN
0.00037665	NaN
0.00041947	NaN
0.00046343	NaN
0.0005075	NaN
0.0005506	NaN
0.00059175	NaN
0.00063039	NaN
0.00066622	NaN
0.00069891	NaN
0.00072816	NaN
0.00075366	NaN
0.0007751	NaN
0.00079217	NaN
0.00080461	NaN
0.00081258	NaN
0.00081656	NaN
0.00081701	NaN
0.00081439	NaN
0.00080916	NaN
0.00080178	NaN
0.00079272	NaN
0.00078243	NaN
0.00077102	NaN
0.00075842	NaN
0.00074452	NaN
0.00072923	NaN
0.00071247	NaN
0.00069413	NaN
0.00067412	NaN
0.00065235	NaN
0.0006289	NaN
0.00060395	NaN
0.00057769	NaN
0.00055032	NaN
0.00052203	NaN
0.00049302	NaN
0.00046347	NaN
0.00043358	NaN
0.0004036	NaN
0.00037382	NaN
0.00034455	NaN
0.00031607	NaN
0.00028869	NaN
0.00026271	NaN
0.00023842	NaN
0.00021611	NaN
0.00019591	NaN
0.00017772	NaN
0.00016146	NaN
0.00014704	NaN
0.00013437	NaN
0.00012337	NaN
0.00011394	NaN
0.000106	NaN
9.9469e-05	NaN
9.4308e-05	NaN
9.0469e-05	NaN
8.7907e-05	NaN
8.6575e-05	NaN
8.6428e-05	NaN
8.7421e-05	NaN
8.9508e-05	NaN
9.2642e-05	NaN
9.6776e-05	NaN
0.00010186	NaN
0.00010785	NaN
0.00011469	NaN
0.00012235	NaN
0.00013076	NaN
0.00013989	NaN
0.00014978	NaN
0.00016065	NaN
0.00017273	NaN
0.00018626	NaN
0.00020146	NaN
0.00021857	NaN
0.00023781	NaN
0.00025943	NaN
0.00028343	NaN
0.00030942	NaN
0.00033696	NaN
0.00036561	NaN
0.00039491	NaN
0.00042444	NaN
0.00045373	NaN
0.00048236	NaN
0.00050982	NaN
0.0005355	NaN
0.00055878	NaN
0.00057902	NaN
0.0005956	NaN
0.0006079	NaN
0.00061527	NaN
0.0006171	NaN
0.00061302	NaN
0.0006034	NaN
0.00058873	NaN
0.00056948	NaN
0.00054614	NaN
0.0005192	NaN
0.00048914	NaN
0.00045644	NaN
0.00042158	NaN
0.000385	NaN
0.00034714	NaN
0.00030843	NaN
0.00026932	NaN
0.00023025	NaN
0.00019164	NaN
0.00015395	NaN
0.00011924	NaN
9.5722e-05	NaN
9.3012e-05	NaN
0.00012074	NaN
0.00018851	NaN
0.00030597	NaN
0.00048273	NaN
0.00072841	NaN
0.0010552	NaN
0.0014867	NaN
0.0020495	NaN
0.0027703	NaN
0.0036757	NaN
0.0047924	NaN
0.0061471	NaN
0.0077663	NaN
0.0096796	NaN
0.01193	NaN
0.014567	NaN
0.017637	NaN
0.02119	NaN
0.025273	NaN
0.029934	NaN
0.035221	NaN
0.041182	NaN
0.047855	NaN
0.055274	NaN
0.063475	NaN
0.072492	NaN
0.082361	NaN
0.093116	NaN
0.10479	-0.61947
0.11742	-0.61452
0.13101	-0.60868
0.14556	-0.60194
0.16105	-0.59427
0.17749	-0.58566
0.19486	-0.57609
0.21317	-0.56553
0.23241	-0.55398
0.25257	-0.54141
0.27364	-0.52788
0.2956	-0.51348
0.31844	-0.49828
0.34214	-0.48238
0.36668	-0.46585
0.39205	-0.44879
0.41823	-0.43127
0.44519	-0.41337
0.47286	-0.39517
0.50111	-0.3767
0.52981	-0.35801
0.55885	-0.33915
0.5881	-0.32016
0.61744	-0.3011
0.64674	-0.28201
0.67588	-0.26294
0.70472	-0.24394
0.73309	-0.22506
0.76083	-0.20635
0.78779	-0.18786
0.8138	-0.16966
0.8387	-0.15178
0.86233	-0.13427
0.88454	-0.11721
0.90517	-0.10068
0.92411	-0.084844
0.94123	-0.069833
0.9564	-0.055797
0.9695	-0.042882
0.9804	-0.031233
0.98898	-0.020995
0.99511	-0.012313
0.99877	-0.0052908
1	0
0.99886	0.0034911
0.99541	0.0051137
0.98969	0.0047991
0.98177	0.0024783
0.9717	-0.0019175
0.95954	-0.0084558
0.94543	-0.017174
0.92963	-0.028076
0.91239	-0.041166
0.89395	-0.056446
0.87458	-0.07392
0.85453	-0.093589
0.83404	-0.11546
0.81337	-0.13953
0.79265	-0.16571
0.77186	-0.19381
0.75099	-0.22362
0.73001	-0.25495
0.70891	-0.2876
0.68765	-0.32136
0.66622	-0.35603
0.64459	-0.39141
0.62273	-0.42766
0.60057	-0.46539
0.57806	-0.50527
0.55514	-0.54797
0.53174	-0.59416
0.5078	-0.64449
0.48326	-0.69964
0.45805	-0.76025
0.43223	-0.8259
0.40596	-0.89438
0.37947	-0.96328
0.35296	-1.0302
0.32663	-1.0928
0.30069	-1.1487
0.27535	-1.1955
0.25081	-1.2308
0.22725	-1.256
0.20481	-1.2796
0.18359	-1.311
0.16372	-1.3596
0.14533	-1.4346
0.12853	-1.5455
0.11345	-1.7015
0.1002	-1.9121
0.08883	NaN
0.079219	NaN
0.071217	NaN
0.064677	NaN
0.059453	NaN
0.055397	NaN
0.052361	NaN
0.0502	NaN
0.048783	NaN
0.048024	NaN
0.047848	NaN
0.048176	NaN
0.04893	NaN
0.050035	NaN
0.051411	NaN
0.052983	NaN
0.05468	NaN
0.056458	NaN
0.058278	NaN
0.060101	NaN
0.061886	NaN
0.063595	NaN
0.065187	NaN
0.066625	NaN
0.06787	NaN
0.068901	NaN
0.069696	NaN
0.070236	NaN
0.070498	NaN
0.070464	NaN
0.070112	NaN
0.069422	NaN
0.068379	NaN
0.067001	NaN
0.065311	NaN
0.063333	NaN
0.061091	NaN
0.058608	NaN
0.055908	NaN
0.053016	NaN
0.049957	NaN
0.046765	NaN
0.043476	NaN
0.040129	NaN
0.036759	NaN
0.033403	NaN
0.030099	NaN
0.026883	NaN
0.023791	NaN
0.020846	NaN
0.01807	NaN
0.015483	NaN
0.013106	NaN
0.010961	NaN
0.0090674	NaN
0.0074463	NaN
0.0061153	NaN
0.0050692	NaN
0.0042928	NaN
0.0037708	NaN
0.003488	NaN
0.0034292	NaN
0.0035792	NaN
0.0039227	NaN
0.0044436	NaN
0.0051186	NaN
0.005921	NaN
0.0068236	NaN
0.0077996	NaN
0.008822	NaN
0.0098638	NaN
0.010898	NaN
0.011899	NaN
0.012855	NaN
0.01376	NaN
0.014609	NaN
0.015399	NaN
0.016123	NaN
0.016778	NaN
0.017359	NaN
0.017861	NaN
0.018284	NaN
0.018631	NaN
0.018904	NaN
0.019105	NaN
0.019237	NaN
0.019304	NaN
0.019306	NaN
0.019247	NaN
0.019132	NaN
0.018966	NaN
0.018756	NaN
0.018507	NaN
0.018226	NaN
0.017918	NaN
0.01759	NaN
0.017248	NaN
0.016895	NaN
0.016533	NaN
0.016165	NaN
0.015792	NaN
0.015417	NaN
0.015041	NaN
0.014666	NaN
0.014295	NaN
0.013927	NaN
0.013561	NaN
0.013195	NaN
0.012827	NaN
0.012457	NaN
0.012081	NaN
0.0117	NaN
0.01131	NaN
0.010913	NaN
0.010513	NaN
0.010113	NaN
0.0097165	NaN
0.0093279	NaN
0.0089508	NaN
0.008589	NaN
0.0082461	NaN
0.0079244	NaN
0.0076238	NaN
0.0073441	NaN
0.0070849	NaN
0.006846	NaN
0.0066273	NaN
0.0064284	NaN
0.0062491	NaN
0.0060883	NaN
0.0059436	NaN
0.0058125	NaN
0.0056926	NaN
0.0055811	NaN
0.0054758	NaN
0.0053739	NaN
0.005273	NaN
0.0051713	NaN
0.0050682	NaN
0.0049633	NaN
0.0048562	NaN
0.0047465	NaN
0.0046336	NaN
0.0045174	NaN
0.0043972	NaN
0.004273	NaN
0.0041449	NaN
0.0040133	NaN
0.0038784	NaN
0.0037405	NaN
0.0035999	NaN
0.0034569	NaN
0.0033118	NaN
0.0031651	NaN
0.0030173	NaN
0.0028692	NaN
0.0027215	NaN
0.002575	NaN
0.0024303	NaN
0.0022882	NaN
0.0021495	NaN
0.0020146	NaN
0.0018837	NaN
0.0017568	NaN
0.0016339	NaN
0.0015149	NaN
0.0014	NaN
0.001289	NaN
0.001182	NaN
0.0010791	NaN
0.00098041	NaN
0.00088623	NaN
0.00079681	NaN
0.0007124	NaN
0.00063325	NaN
0.00055961	NaN
0.00049173	NaN
0.00042978	NaN
0.00037357	NaN
0.00032284	NaN
0.0002773	NaN
0.00023669	NaN
0.00020072	NaN
0.00016913	NaN
0.00014163	NaN
0.00011795	NaN
9.7781e-05	NaN
8.0788e-05	NaN
6.6653e-05	NaN
5.5052e-05	NaN
4.5664e-05	NaN
3.8164e-05	NaN
3.2229e-05	NaN
2.7555e-05	NaN
2.3948e-05	NaN
2.1253e-05	NaN
1.9315e-05	NaN
1.798e-05	NaN
1.7093e-05	NaN
1.6499e-05	NaN
1.6045e-05	NaN
1.5588e-05	NaN
1.5086e-05	NaN
1.4534e-05	NaN
1.3929e-05	NaN
1.3269e-05	NaN
1.2549e-05	NaN
1.1768e-05	NaN
1.0921e-05	NaN
1.0008e-05	NaN
9.0404e-06	NaN
8.0395e-06	NaN
7.0253e-06	NaN
6.018e-06	NaN
5.0377e-06	NaN
4.1047e-06	NaN
3.2391e-06	NaN
2.4603e-06	NaN
1.7787e-06	NaN
1.1993e-06	NaN
7.2749e-07	NaN
3.6823e-07	NaN
1.2669e-07	NaN
7.9919e-09	NaN
1.7276e-08	NaN
1.5823e-07	NaN
4.1697e-07	NaN
7.679e-07	NaN
1.1852e-06	NaN
1.643e-06	NaN
2.1155e-06	NaN
2.577e-06	NaN
3.0014e-06	NaN
3.3642e-06	NaN
3.6561e-06	NaN
3.8803e-06	NaN
4.0399e-06	NaN
4.1385e-06	NaN
4.1792e-06	NaN
4.1655e-06	NaN
4.1006e-06	NaN
3.9882e-06	NaN
3.8368e-06	NaN
3.6593e-06	NaN
3.4687e-06	NaN
3.2781e-06	NaN
3.1006e-06	NaN
2.9492e-06	NaN
2.8371e-06	NaN
2.777e-06	NaN
2.7774e-06	NaN
2.8418e-06	NaN
2.9739e-06	NaN
3.1771e-06	NaN
3.4549e-06	NaN
3.8107e-06	NaN
4.2481e-06	NaN
4.7702e-06	NaN
5.372e-06	NaN
6.0386e-06	NaN
6.7544e-06	NaN
7.504e-06	NaN
8.2718e-06	NaN
9.0423e-06	NaN
9.8e-06	NaN
1.0529e-05	NaN
1.1217e-05	NaN
1.1851e-05	NaN
1.2422e-05	NaN
1.2918e-05	NaN
1.3328e-05	NaN
1.3641e-05	NaN
1.3847e-05	NaN
1.3935e-05	NaN
1.39e-05	NaN
1.3752e-05	NaN
1.35e-05	NaN
1.3152e-05	NaN
1.2718e-05	NaN
1.2207e-05	NaN
1.1629e-05	NaN
1.0992e-05	NaN
1.0308e-05	NaN
9.59e-06	NaN
8.8528e-06	NaN
8.1106e-06	NaN
7.3777e-06	NaN
6.6683e-06	NaN
5.9969e-06	NaN
5.3776e-06	NaN
4.8204e-06	NaN
4.3262e-06	NaN
3.8947e-06	NaN
3.5254e-06	NaN
3.218e-06	NaN
2.9722e-06	NaN
2.7875e-06	NaN
2.6636e-06	NaN
2.597e-06	NaN
2.576e-06	NaN
2.5879e-06	NaN
2.6198e-06	NaN
2.6589e-06	NaN
2.6924e-06	NaN
2.7074e-06	NaN
2.6912e-06	NaN
2.6359e-06	NaN
2.5481e-06	NaN
2.4371e-06	NaN
2.3123e-06	NaN
2.183e-06	NaN
2.0586e-06	NaN
1.9483e-06	NaN
1.8615e-06	NaN
1.8045e-06	NaN
1.7725e-06	NaN
1.7586e-06	NaN
1.7557e-06	NaN
1.757e-06	NaN
1.7555e-06	NaN
1.744e-06	NaN
1.7158e-06	NaN
1.6652e-06	NaN
1.5934e-06	NaN
1.5029e-06	NaN
1.3965e-06	NaN
1.2767e-06	NaN
1.1462e-06	NaN
1.0076e-06	NaN
8.6359e-07	NaN
7.1711e-07	NaN
5.729e-07	NaN
4.3618e-07	NaN
3.1218e-07	NaN
2.0613e-07	NaN
1.2326e-07	NaN
6.8798e-08	NaN
4.7974e-08	NaN
6.4829e-08	NaN
1.1661e-07	NaN
1.9817e-07	NaN
3.0434e-07	NaN
4.2997e-07	NaN
5.6989e-07	NaN
7.1894e-07	NaN
8.7196e-07	NaN
1.024e-06	NaN
1.1717e-06	NaN
1.3122e-06	NaN
1.4428e-06	NaN
1.5607e-06	NaN
1.6631e-06	NaN
1.7473e-06	NaN
1.8103e-06	NaN
1.8501e-06	NaN
1.8683e-06	NaN
1.8688e-06	NaN
1.8553e-06	NaN
1.8316e-06	NaN
1.8014e-06	NaN
1.7686e-06	NaN
1.7369e-06	NaN
1.7099e-06	NaN
1.6881e-06	NaN
1.6706e-06	NaN
1.6565e-06	NaN
1.6448e-06	NaN
1.6345e-06	NaN
1.6247e-06	NaN
1.6144e-06	NaN
1.6026e-06	NaN
1.5887e-06	NaN
1.5721e-06	NaN
1.5523e-06	NaN
1.5285e-06	NaN
1.5004e-06	NaN
1.4674e-06	NaN
1.4288e-06	NaN
1.3842e-06	NaN
1.3349e-06	NaN
1.2832e-06	NaN
1.2316e-06	NaN
1.1825e-06	NaN
1.1385e-06	NaN
1.1018e-06	NaN
1.0751e-06	NaN
1.0606e-06	NaN
1.0581e-06	NaN
1.0654e-06	NaN
1.0798e-06	NaN
1.0991e-06	NaN
1.1208e-06	NaN
1.1424e-06	NaN
1.1615e-06	NaN
1.1757e-06	NaN
1.1835e-06	NaN
1.1839e-06	NaN
1.1763e-06	NaN
1.1597e-06	NaN
1.1335e-06	NaN
1.0969e-06	NaN
1.049e-06	NaN
9.8911e-07	NaN
9.1805e-07	NaN
8.3837e-07	NaN
7.5275e-07	NaN
6.6383e-07	NaN
5.7429e-07	NaN
4.8681e-07	NaN
4.0403e-07	NaN
3.2861e-07	NaN
2.6201e-07	NaN
2.0413e-07	NaN
1.5478e-07	NaN
1.1373e-07	NaN
8.0772e-08	NaN
5.5703e-08	NaN
3.831e-08	NaN
2.8375e-08	NaN
2.5233e-08	NaN
2.7522e-08	NaN
3.3818e-08	NaN
4.2697e-08	NaN
5.2735e-08	NaN
6.2508e-08	NaN
7.0593e-08	NaN
7.5574e-08	NaN
7.678e-08	NaN
7.489e-08	NaN
7.0725e-08	NaN
6.5107e-08	NaN
5.8855e-08	NaN
5.2791e-08	NaN
4.7737e-08	NaN
4.4512e-08	NaN
4.3757e-08	NaN
4.5735e-08	NaN
5.0663e-08	NaN
5.8755e-08	NaN
7.0228e-08	NaN
8.5296e-08	NaN
1.0418e-07	NaN
1.2708e-07	NaN
1.537e-07	NaN
1.8244e-07	NaN
2.115e-07	NaN
2.3908e-07	NaN
2.634e-07	NaN
2.8265e-07	NaN
2.9505e-07	NaN
2.988e-07	NaN
2.9286e-07	NaN
2.7835e-07	NaN
2.5679e-07	NaN
2.2969e-07	NaN
1.9857e-07	NaN
1.6494e-07	NaN
1.3031e-07	NaN
9.6196e-08	NaN
6.4117e-08	NaN
3.5584e-08	NaN
1.2112e-08	NaN
4.786e-09	NaN
1.3595e-08	NaN
1.2802e-08	NaN
8.9249e-10	NaN
