2.2666e-08	NaN
1.8371e-08	NaN
1.5409e-08	NaN
1.3664e-08	NaN
1.302e-08	NaN
1.3359e-08	NaN
1.4565e-08	NaN
1.6523e-08	NaN
1.9114e-08	NaN
2.2223e-08	NaN
2.5733e-08	NaN
2.9527e-08	NaN
3.3489e-08	NaN
3.7502e-08	NaN
4.1451e-08	NaN
4.5222e-08	NaN
4.873e-08	NaN
5.1901e-08	NaN
5.4657e-08	NaN
5.6924e-08	NaN
5.8624e-08	NaN
5.9682e-08	NaN
6.0021e-08	NaN
5.9585e-08	NaN
5.8433e-08	NaN
5.6676e-08	NaN
5.4421e-08	NaN
5.1779e-08	NaN
4.8859e-08	NaN
4.577e-08	NaN
4.2622e-08	NaN
3.9518e-08	NaN
3.6522e-08	NaN
3.3676e-08	NaN
3.1024e-08	NaN
2.8609e-08	NaN
2.6473e-08	NaN
2.4661e-08	NaN
2.3215e-08	NaN
2.2187e-08	NaN
2.1712e-08	NaN
2.1971e-08	NaN
2.3146e-08	NaN
2.5418e-08	NaN
2.8968e-08	NaN
3.3979e-08	NaN
4.0632e-08	NaN
4.9074e-08	NaN
5.9076e-08	NaN
7.0162e-08	NaN
8.1853e-08	NaN
9.3672e-08	NaN
1.0514e-07	NaN
1.1578e-07	NaN
1.2511e-07	NaN
1.3267e-07	NaN
1.3835e-07	NaN
1.4229e-07	NaN
1.4461e-07	NaN
1.4546e-07	NaN
1.4496e-07	NaN
1.4327e-07	NaN
1.4052e-07	NaN
1.3684e-07	NaN
1.3231e-07	NaN
1.2698e-07	NaN
1.209e-07	NaN
1.1408e-07	NaN
1.0659e-07	NaN
9.8457e-08	NaN
8.9721e-08	NaN
8.043e-08	NaN
7.0772e-08	NaN
6.1076e-08	NaN
5.1676e-08	NaN
4.2908e-08	NaN
3.5106e-08	NaN
2.8604e-08	NaN
2.3738e-08	NaN
2.0843e-08	NaN
2.0296e-08	NaN
2.2515e-08	NaN
2.7926e-08	NaN
3.695e-08	NaN
5.0011e-08	NaN
6.7532e-08	NaN
8.9936e-08	NaN
1.1768e-07	NaN
1.5278e-07	NaN
1.9925e-07	NaN
2.6127e-07	NaN
3.4301e-07	NaN
4.4864e-07	NaN
5.8234e-07	NaN
7.4827e-07	NaN
9.5062e-07	NaN
1.1935e-06	NaN
1.481e-06	NaN
1.8173e-06	NaN
2.2064e-06	NaN
2.6523e-06	NaN
3.1593e-06	NaN
3.7313e-06	NaN
4.3724e-06	NaN
5.089e-06	NaN
5.8911e-06	NaN
6.7889e-06	NaN
7.793e-06	NaN
8.9137e-06	NaN
1.0161e-05	NaN
1.1547e-05	NaN
1.308e-05	NaN
1.4769e-05	NaN
1.6622e-05	NaN
1.8644e-05	NaN
2.084e-05	NaN
2.3217e-05	NaN
2.578e-05	NaN
2.8535e-05	NaN
3.1488e-05	NaN
3.4632e-05	NaN
3.793e-05	NaN
4.1338e-05	NaN
4.4816e-05	NaN
4.8321e-05	NaN
5.1811e-05	NaN
5.5244e-05	NaN
5.8578e-05	NaN
6.1779e-05	NaN
6.4833e-05	NaN
6.773e-05	NaN
7.0462e-05	NaN
7.3018e-05	NaN
7.539e-05	NaN
7.7568e-05	NaN
7.9543e-05	NaN
8.1316e-05	NaN
8.2931e-05	NaN
8.4438e-05	NaN
8.5887e-05	NaN
8.733e-05	NaN
8.8816e-05	NaN
9.0397e-05	NaN
9.2123e-05	NaN
9.4057e-05	NaN
9.6313e-05	NaN
9.9015e-05	NaN
0.00010229	NaN
0.00010626	NaN
0.00011105	NaN
0.00011679	NaN
0.00012361	NaN
0.00013161	NaN
0.00014087	NaN
0.00015146	NaN
0.00016343	NaN
0.00017685	NaN
0.00019178	NaN
0.00020827	NaN
0.0002264	NaN
0.00024619	NaN
0.00026748	NaN
0.00029008	NaN
0.00031377	NaN
0.00033833	NaN
0.00036357	NaN
0.00038927	NaN
0.00041523	NaN
0.00044121	NaN
0.00046691	NaN
0.000492	NaN
0.00051612	NaN
0.00053894	NaN
0.00056012	NaN
0.00057932	NaN
0.00059619	NaN
0.00061042	NaN
0.00062187	NaN
0.0006305	NaN
0.00063626	NaN
0.00063909	NaN
0.00063896	NaN
0.00063581	NaN
0.0006296	NaN
0.00062028	NaN
0.00060795	NaN
0.00059273	NaN
0.00057477	NaN
0.00055421	NaN
0.00053119	NaN
0.00050585	NaN
0.00047833	NaN
0.00044879	NaN
0.00041762	NaN
0.00038534	NaN
0.00035248	NaN
0.00031956	NaN
0.00028713	NaN
0.00025569	NaN
0.00022579	NaN
0.00019794	NaN
0.00017251	NaN
0.00014975	NaN
0.00012992	NaN
0.00011329	NaN
0.0001001	NaN
9.0623e-05	NaN
8.5104e-05	NaN
8.3803e-05	NaN
8.6914e-05	NaN
9.4589e-05	NaN
0.00010697	NaN
0.00012422	NaN
0.00014646	NaN
0.00017386	NaN
0.00020657	NaN
0.00024471	NaN
0.00028835	NaN
0.00033743	NaN
0.0003919	NaN
0.00045171	NaN
0.00051681	NaN
0.00058715	NaN
0.00066268	NaN
0.00074334	NaN
0.00082892	NaN
0.00091905	NaN
0.0010133	NaN
0.0011114	NaN
0.0012129	NaN
0.0013174	NaN
0.0014245	NaN
0.0015338	NaN
0.001645	NaN
0.0017578	NaN
0.0018718	NaN
0.0019868	NaN
0.0021023	NaN
0.0022181	NaN
0.0023339	NaN
0.0024493	NaN
0.002564	NaN
0.0026777	NaN
0.0027902	NaN
0.0029012	NaN
0.0030102	NaN
0.0031172	NaN
0.0032218	NaN
0.0033236	NaN
0.0034226	NaN
0.0035186	NaN
0.0036119	NaN
0.0037023	NaN
0.0037899	NaN
0.0038748	NaN
0.003957	NaN
0.0040365	NaN
0.004113	NaN
0.0041856	NaN
0.0042531	NaN
0.0043147	NaN
0.0043692	NaN
0.0044156	NaN
0.0044528	NaN
0.0044799	NaN
0.004496	NaN
0.0045003	NaN
0.0044922	NaN
0.0044713	NaN
0.0044368	NaN
0.0043882	NaN
0.0043249	NaN
0.0042463	NaN
0.0041523	NaN
0.0040442	NaN
0.0039236	NaN
0.003792	NaN
0.0036509	NaN
0.003502	NaN
0.0033467	NaN
0.0031866	NaN
0.0030232	NaN
0.0028577	NaN
0.0026913	NaN
0.0025251	NaN
0.0023604	NaN
0.0021983	NaN
0.0020399	NaN
0.0018865	NaN
0.001739	NaN
0.0015978	NaN
0.0014628	NaN
0.0013344	NaN
0.0012125	NaN
0.0010974	NaN
0.00098905	NaN
0.00088767	NaN
0.00079332	NaN
0.00070589	NaN
0.0006252	NaN
0.0005511	NaN
0.00048341	NaN
0.00042197	NaN
0.00036661	NaN
0.00031716	NaN
0.00027347	NaN
0.00023542	NaN
0.00020291	NaN
0.00017584	NaN
0.00015411	NaN
0.00013762	NaN
0.00012627	NaN
0.00011996	NaN
0.00011854	NaN
0.00012158	NaN
0.00012852	NaN
0.00013883	NaN
0.00015196	NaN
0.00016735	NaN
0.00018445	NaN
0.00020273	NaN
0.00022165	NaN
0.00024083	NaN
0.00025993	NaN
0.00027863	NaN
0.00029662	NaN
0.00031355	NaN
0.00032912	NaN
0.00034299	NaN
0.00035488	NaN
0.00036476	NaN
0.00037276	NaN
0.00037902	NaN
0.00038367	NaN
0.00038684	NaN
0.00038866	NaN
0.00038927	NaN
0.00038879	NaN
0.00038733	NaN
0.000385	NaN
0.00038188	NaN
0.00037809	NaN
0.00037372	NaN
0.00036886	NaN
0.00036362	NaN
0.00035809	NaN
0.00035231	NaN
0.00034628	NaN
0.00034001	NaN
0.00033348	NaN
0.00032671	NaN
0.00031969	NaN
0.00031242	NaN
0.00030491	NaN
0.00029713	NaN
0.00028904	NaN
0.00028062	NaN
0.00027181	NaN
0.00026259	NaN
0.00025292	NaN
0.00024276	NaN
0.00023207	NaN
0.00022089	NaN
0.00020929	NaN
0.00019735	NaN
0.00018515	NaN
0.00017277	NaN
0.00016031	NaN
0.00014782	NaN
0.00013541	NaN
0.00012316	NaN
0.0001112	NaN
9.9645e-05	NaN
8.8609e-05	NaN
7.8212e-05	NaN
6.8574e-05	NaN
5.9811e-05	NaN
5.2042e-05	NaN
4.5369e-05	NaN
3.9873e-05	NaN
3.5632e-05	NaN
3.2728e-05	NaN
3.1238e-05	NaN
3.1243e-05	NaN
3.2823e-05	NaN
3.6055e-05	NaN
4.0946e-05	NaN
4.7395e-05	NaN
5.5292e-05	NaN
6.4528e-05	NaN
7.4995e-05	NaN
8.6584e-05	NaN
9.9185e-05	NaN
0.00011269	NaN
0.000127	NaN
0.00014204	NaN
0.00015772	NaN
0.00017399	NaN
0.00019075	NaN
0.00020793	NaN
0.00022546	NaN
0.00024325	NaN
0.00026122	NaN
0.00027924	NaN
0.00029716	NaN
0.00031486	NaN
0.0003322	NaN
0.00034904	NaN
0.00036526	NaN
0.00038072	NaN
0.00039528	NaN
0.00040884	NaN
0.00042129	NaN
0.0004325	NaN
0.00044238	NaN
0.0004508	NaN
0.00045765	NaN
0.00046282	NaN
0.00046656	NaN
0.00047002	NaN
0.00047453	NaN
0.00048143	NaN
0.00049203	NaN
0.00050766	NaN
0.00052965	NaN
0.00055932	NaN
0.00059806	NaN
0.00064743	NaN
0.00070903	NaN
0.00078447	NaN
0.00087535	NaN
0.00098325	NaN
0.0011098	NaN
0.0012566	NaN
0.0014261	NaN
0.001624	NaN
0.001857	NaN
0.0021314	NaN
0.0024537	NaN
0.0028306	NaN
0.0032685	NaN
0.0037739	NaN
0.0043551	NaN
0.0050289	NaN
0.0058141	NaN
0.0067297	NaN
0.0077945	NaN
0.0090275	NaN
0.010448	NaN
0.012074	NaN
0.013927	NaN
0.016044	NaN
0.018463	NaN
0.021224	NaN
0.024368	NaN
0.027934	NaN
0.031961	NaN
0.03649	NaN
0.04156	NaN
0.047205	NaN
0.053457	NaN
0.060351	NaN
0.067918	NaN
0.076192	NaN
0.085206	NaN
0.094991	NaN
0.10558	-0.57935
0.11702	-0.57687
0.12933	-0.57326
0.14257	-0.56854
0.15676	-0.56273
0.17195	-0.55586
0.18818	-0.54795
0.20549	-0.53904
0.2239	-0.52914
0.24339	-0.51833
0.2639	-0.50666
0.28535	-0.49422
0.30769	-0.48109
0.33086	-0.46733
0.35478	-0.45302
0.37941	-0.43824
0.40466	-0.42305
0.43044	-0.40746
0.45662	-0.39144
0.48307	-0.37495
0.50966	-0.35796
0.53626	-0.34044
0.56275	-0.32235
0.58901	-0.30366
0.6149	-0.28435
0.6404	-0.2645
0.66555	-0.24427
0.69039	-0.22382
0.71495	-0.20331
0.73928	-0.18291
0.76341	-0.16277
0.78739	-0.14306
0.81123	-0.12394
0.8348	-0.10557
0.85783	-0.08812
0.88002	-0.071761
0.90111	-0.056662
0.92081	-0.04299
0.93884	-0.030913
0.95491	-0.020601
0.96876	-0.012217
0.9802	-0.0058331
0.98914	-0.0014362
0.99548	0.00099051
0.99913	0.0014637
1	0
0.998	-0.0033839
0.99304	-0.0086713
0.98503	-0.015846
0.97406	-0.024913
0.96039	-0.035894
0.94432	-0.048817
0.9261	-0.063705
0.90603	-0.080585
0.88438	-0.099482
0.86143	-0.12042
0.83745	-0.14343
0.81266	-0.16843
0.78721	-0.19527
0.76121	-0.22376
0.73482	-0.25372
0.70815	-0.28498
0.68135	-0.31736
0.65454	-0.35068
0.62787	-0.38476
0.6014	-0.41977
0.57515	-0.45628
0.5491	-0.49493
0.52325	-0.53636
0.49759	-0.5812
0.47213	-0.63008
0.44685	-0.68364
0.42175	-0.74248
0.39686	-0.80616
0.37224	-0.87247
0.34797	-0.939
0.32411	-1.0034
0.30075	-1.0632
0.27795	-1.116
0.25578	-1.1595
0.23433	-1.1914
0.21366	-1.2129
0.1939	-1.2327
0.17513	-1.2604
0.15747	-1.3054
0.14102	-1.3773
0.12589	-1.4854
0.11219	-1.6392
0.10001	-1.8483
0.089412	NaN
0.080312	NaN
0.072616	NaN
0.066225	NaN
0.061046	NaN
0.05698	NaN
0.053933	NaN
0.051808	NaN
0.050507	NaN
0.049928	NaN
0.049966	NaN
0.05052	NaN
0.051484	NaN
0.052757	NaN
0.054235	NaN
0.055815	NaN
0.057408	NaN
0.058974	NaN
0.060484	NaN
0.061907	NaN
0.063211	NaN
0.064367	NaN
0.065343	NaN
0.066109	NaN
0.066638	NaN
0.066918	NaN
0.066938	NaN
0.066688	NaN
0.06616	NaN
0.065342	NaN
0.064226	NaN
0.062801	NaN
0.061065	NaN
0.059048	NaN
0.056789	NaN
0.054324	NaN
0.051693	NaN
0.048933	NaN
0.046083	NaN
0.043182	NaN
0.040265	NaN
0.037357	NaN
0.034481	NaN
0.031659	NaN
0.028912	NaN
0.026263	NaN
0.023735	NaN
0.021348	NaN
0.019123	NaN
0.017062	NaN
0.015165	NaN
0.013429	NaN
0.011853	NaN
0.010433	NaN
0.0091681	NaN
0.0080564	NaN
0.0070951	NaN
0.0062784	NaN
0.0055988	NaN
0.0050487	NaN
0.0046208	NaN
0.0043076	NaN
0.0041016	NaN
0.0039953	NaN
0.0039812	NaN
0.0040519	NaN
0.0041997	NaN
0.004417	NaN
0.0046962	NaN
0.0050297	NaN
0.00541	NaN
0.0058294	NaN
0.0062804	NaN
0.0067559	NaN
0.007249	NaN
0.0077528	NaN
0.0082604	NaN
0.0087651	NaN
0.0092599	NaN
0.0097379	NaN
0.010193	NaN
0.01062	NaN
0.011017	NaN
0.011381	NaN
0.01171	NaN
0.012002	NaN
0.012254	NaN
0.012464	NaN
0.012629	NaN
0.01275	NaN
0.012829	NaN
0.01287	NaN
0.012875	NaN
0.012846	NaN
0.012787	NaN
0.0127	NaN
0.012589	NaN
0.012454	NaN
0.0123	NaN
0.012127	NaN
0.011938	NaN
0.011736	NaN
0.011522	NaN
0.011299	NaN
0.011069	NaN
0.010832	NaN
0.010589	NaN
0.01034	NaN
0.010084	NaN
0.0098216	NaN
0.0095518	NaN
0.0092747	NaN
0.0089902	NaN
0.0086989	NaN
0.0084027	NaN
0.0081035	NaN
0.0078031	NaN
0.0075035	NaN
0.0072064	NaN
0.0069137	NaN
0.0066274	NaN
0.0063487	NaN
0.0060782	NaN
0.0058162	NaN
0.0055633	NaN
0.00532	NaN
0.0050866	NaN
0.0048637	NaN
0.0046517	NaN
0.0044508	NaN
0.0042606	NaN
0.0040808	NaN
0.0039111	NaN
0.0037509	NaN
0.0036001	NaN
0.0034582	NaN
0.0033248	NaN
0.0031996	NaN
0.0030822	NaN
0.0029721	NaN
0.0028689	NaN
0.0027723	NaN
0.0026817	NaN
0.0025968	NaN
0.0025171	NaN
0.0024421	NaN
0.0023709	NaN
0.0023025	NaN
0.0022359	NaN
0.0021701	NaN
0.0021042	NaN
0.0020372	NaN
0.0019682	NaN
0.0018964	NaN
0.001822	NaN
0.0017453	NaN
0.0016664	NaN
0.0015856	NaN
0.0015032	NaN
0.0014193	NaN
0.0013342	NaN
0.0012484	NaN
0.0011623	NaN
0.0010767	NaN
0.00099231	NaN
0.00090983	NaN
0.00082995	NaN
0.00075338	NaN
0.00068082	NaN
0.00061281	NaN
0.00054936	NaN
0.00049037	NaN
0.00043573	NaN
0.00038532	NaN
0.00033904	NaN
0.00029678	NaN
0.00025842	NaN
0.00022384	NaN
0.00019281	NaN
0.00016509	NaN
0.00014043	NaN
0.00011858	NaN
9.9295e-05	NaN
8.2324e-05	NaN
6.7423e-05	NaN
5.4362e-05	NaN
4.301e-05	NaN
3.3263e-05	NaN
2.5018e-05	NaN
1.8172e-05	NaN
1.2622e-05	NaN
8.2646e-06	NaN
4.9963e-06	NaN
2.7108e-06	NaN
1.2807e-06	NaN
5.7102e-07	NaN
4.4708e-07	NaN
7.7397e-07	NaN
1.4169e-06	NaN
2.2409e-06	NaN
3.1113e-06	NaN
3.9051e-06	NaN
4.5831e-06	NaN
5.1415e-06	NaN
5.5767e-06	NaN
5.8851e-06	NaN
6.063e-06	NaN
6.1067e-06	NaN
6.0127e-06	NaN
5.7808e-06	NaN
5.4398e-06	NaN
5.033e-06	NaN
4.6038e-06	NaN
4.1956e-06	NaN
3.8516e-06	NaN
3.6153e-06	NaN
3.53e-06	NaN
3.635e-06	NaN
3.9274e-06	NaN
4.3804e-06	NaN
4.967e-06	NaN
5.6599e-06	NaN
6.432e-06	NaN
7.2562e-06	NaN
8.1053e-06	NaN
8.9525e-06	NaN
9.7757e-06	NaN
1.0556e-05	NaN
1.1274e-05	NaN
1.191e-05	NaN
1.2446e-05	NaN
1.2862e-05	NaN
1.314e-05	NaN
1.3262e-05	NaN
1.3228e-05	NaN
1.3055e-05	NaN
1.2759e-05	NaN
1.2357e-05	NaN
1.1864e-05	NaN
1.1297e-05	NaN
1.0673e-05	NaN
1.0007e-05	NaN
9.3167e-06	NaN
8.6176e-06	NaN
7.9264e-06	NaN
7.2595e-06	NaN
6.6332e-06	NaN
6.0641e-06	NaN
5.5686e-06	NaN
5.1623e-06	NaN
4.846e-06	NaN
4.6045e-06	NaN
4.4223e-06	NaN
4.2836e-06	NaN
4.1726e-06	NaN
4.0737e-06	NaN
3.971e-06	NaN
3.8493e-06	NaN
3.7029e-06	NaN
3.5382e-06	NaN
3.362e-06	NaN
3.1815e-06	NaN
3.0034e-06	NaN
2.8348e-06	NaN
2.6827e-06	NaN
2.5538e-06	NaN
2.452e-06	NaN
2.3767e-06	NaN
2.327e-06	NaN
2.3018e-06	NaN
2.3004e-06	NaN
2.3219e-06	NaN
2.3652e-06	NaN
2.4295e-06	NaN
2.5122e-06	NaN
2.608e-06	NaN
2.7114e-06	NaN
2.817e-06	NaN
2.9193e-06	NaN
3.0128e-06	NaN
3.092e-06	NaN
3.1515e-06	NaN
3.1909e-06	NaN
3.219e-06	NaN
3.2459e-06	NaN
3.2815e-06	NaN
3.3356e-06	NaN
3.4183e-06	NaN
3.5394e-06	NaN
3.7088e-06	NaN
3.9291e-06	NaN
4.1871e-06	NaN
4.4673e-06	NaN
4.7544e-06	NaN
5.0332e-06	NaN
5.2882e-06	NaN
5.5042e-06	NaN
5.6658e-06	NaN
5.7614e-06	NaN
5.7885e-06	NaN
5.7459e-06	NaN
5.6327e-06	NaN
5.4477e-06	NaN
5.1899e-06	NaN
4.8582e-06	NaN
4.4515e-06	NaN
3.9742e-06	NaN
3.4468e-06	NaN
2.8927e-06	NaN
2.3354e-06	NaN
1.7983e-06	NaN
1.3048e-06	NaN
8.784e-07	NaN
5.4251e-07	NaN
3.136e-07	NaN
1.8395e-07	NaN
1.4058e-07	NaN
1.7051e-07	NaN
2.6077e-07	NaN
3.9837e-07	NaN
5.7036e-07	NaN
7.6374e-07	NaN
9.6661e-07	NaN
1.1714e-06	NaN
1.3715e-06	NaN
1.5605e-06	NaN
1.732e-06	NaN
1.8794e-06	NaN
1.9962e-06	NaN
2.076e-06	NaN
2.1138e-06	NaN
2.1121e-06	NaN
2.0757e-06	NaN
2.0093e-06	NaN
1.9178e-06	NaN
1.8058e-06	NaN
1.6782e-06	NaN
1.5397e-06	NaN
1.395e-06	NaN
1.2476e-06	NaN
1.1009e-06	NaN
9.5825e-07	NaN
8.2294e-07	NaN
6.983e-07	NaN
5.8765e-07	NaN
4.9432e-07	NaN
4.2108e-07	NaN
3.669e-07	NaN
3.2922e-07	NaN
3.0544e-07	NaN
2.9298e-07	NaN
2.8926e-07	NaN
2.917e-07	NaN
2.977e-07	NaN
3.0481e-07	NaN
3.1172e-07	NaN
3.1762e-07	NaN
3.2173e-07	NaN
3.2327e-07	NaN
3.2145e-07	NaN
3.1547e-07	NaN
3.0456e-07	NaN
2.8808e-07	NaN
2.6691e-07	NaN
2.4277e-07	NaN
2.174e-07	NaN
1.9253e-07	NaN
1.699e-07	NaN
1.5124e-07	NaN
1.383e-07	NaN
1.3264e-07	NaN
1.3411e-07	NaN
1.4137e-07	NaN
1.5308e-07	NaN
1.6789e-07	NaN
1.8446e-07	NaN
2.0143e-07	NaN
2.1746e-07	NaN
2.3126e-07	NaN
2.4232e-07	NaN
2.5076e-07	NaN
2.5669e-07	NaN
2.6023e-07	NaN
2.6149e-07	NaN
2.6058e-07	NaN
2.5764e-07	NaN
2.5277e-07	NaN
2.462e-07	NaN
2.3822e-07	NaN
2.2913e-07	NaN
2.1923e-07	NaN
2.0881e-07	NaN
1.9819e-07	NaN
1.8764e-07	NaN
1.7748e-07	NaN
1.6781e-07	NaN
1.5859e-07	NaN
1.4976e-07	NaN
1.4126e-07	NaN
1.3303e-07	NaN
1.2501e-07	NaN
1.1715e-07	NaN
1.0939e-07	NaN
1.0171e-07	NaN
9.4123e-08	NaN
8.6656e-08	NaN
7.9331e-08	NaN
7.2169e-08	NaN
6.5194e-08	NaN
5.8428e-08	NaN
5.1894e-08	NaN
4.5643e-08	NaN
3.9761e-08	NaN
3.4339e-08	NaN
2.9466e-08	NaN
2.5233e-08	NaN
2.173e-08	NaN
1.9045e-08	NaN
1.7268e-08	NaN
1.6403e-08	NaN
1.6324e-08	NaN
1.6892e-08	NaN
1.797e-08	NaN
1.9419e-08	NaN
2.11e-08	NaN
2.2876e-08	NaN
2.461e-08	NaN
2.6215e-08	NaN
2.77e-08	NaN
2.9081e-08	NaN
3.0377e-08	NaN
3.1606e-08	NaN
3.2785e-08	NaN
3.3932e-08	NaN
3.5065e-08	NaN
3.6175e-08	NaN
3.7198e-08	NaN
3.8064e-08	NaN
3.8702e-08	NaN
3.9042e-08	NaN
3.9013e-08	NaN
3.8544e-08	NaN
3.7565e-08	NaN
3.606e-08	NaN
3.4149e-08	NaN
3.1973e-08	NaN
2.967e-08	NaN
2.7382e-08	NaN
2.5248e-08	NaN
2.3409e-08	NaN
2.2004e-08	NaN
2.1134e-08	NaN
2.0781e-08	NaN
2.0909e-08	NaN
2.1481e-08	NaN
2.2458e-08	NaN
2.3804e-08	NaN
2.5482e-08	NaN
2.7455e-08	NaN
2.9684e-08	NaN
3.2133e-08	NaN
3.4765e-08	NaN
3.7542e-08	NaN
4.0427e-08	NaN
4.3383e-08	NaN
4.6373e-08	NaN
4.9359e-08	NaN
3.5724e-08	NaN
2.8412e-08	NaN
