4.2798e-07	NaN
3.8725e-07	NaN
3.4941e-07	NaN
3.1434e-07	NaN
2.8191e-07	NaN
2.52e-07	NaN
2.245e-07	NaN
1.9928e-07	NaN
1.7623e-07	NaN
1.5523e-07	NaN
1.3614e-07	NaN
1.1886e-07	NaN
1.0326e-07	NaN
8.9231e-08	NaN
7.6639e-08	NaN
6.537e-08	NaN
5.5304e-08	NaN
4.6329e-08	NaN
3.8395e-08	NaN
3.147e-08	NaN
2.5522e-08	NaN
2.052e-08	NaN
1.6432e-08	NaN
1.3226e-08	NaN
1.0872e-08	NaN
9.3345e-09	NaN
8.5681e-09	NaN
8.5209e-09	NaN
9.141e-09	NaN
1.0377e-08	NaN
1.2176e-08	NaN
1.4488e-08	NaN
1.726e-08	NaN
2.0444e-08	NaN
2.4023e-08	NaN
2.7993e-08	NaN
3.2351e-08	NaN
3.7093e-08	NaN
4.2216e-08	NaN
4.7717e-08	NaN
5.3592e-08	NaN
5.9822e-08	NaN
6.6244e-08	NaN
7.261e-08	NaN
7.8675e-08	NaN
8.4193e-08	NaN
8.8917e-08	NaN
9.26e-08	NaN
9.4997e-08	NaN
9.5903e-08	NaN
9.5587e-08	NaN
9.4627e-08	NaN
9.3601e-08	NaN
9.3092e-08	NaN
9.3679e-08	NaN
9.5944e-08	NaN
1.0047e-07	NaN
1.0775e-07	NaN
1.172e-07	NaN
1.274e-07	NaN
1.3691e-07	NaN
1.4431e-07	NaN
1.4817e-07	NaN
1.4705e-07	NaN
1.3952e-07	NaN
1.2428e-07	NaN
1.0233e-07	NaN
7.6691e-08	NaN
5.0407e-08	NaN
2.6541e-08	NaN
8.156e-09	NaN
1.6884e-09	NaN
6.8833e-11	NaN
1.6354e-08	NaN
4.7048e-08	NaN
8.9023e-08	NaN
1.3902e-07	NaN
1.9378e-07	NaN
2.5004e-07	NaN
3.0455e-07	NaN
3.5404e-07	NaN
3.9531e-07	NaN
4.2664e-07	NaN
4.4803e-07	NaN
4.5954e-07	NaN
4.6127e-07	NaN
4.5329e-07	NaN
4.3569e-07	NaN
4.0855e-07	NaN
3.7198e-07	NaN
3.2781e-07	NaN
2.8005e-07	NaN
2.3289e-07	NaN
1.9051e-07	NaN
1.5708e-07	NaN
1.368e-07	NaN
1.3383e-07	NaN
1.5242e-07	NaN
1.9953e-07	NaN
2.8638e-07	NaN
4.245e-07	NaN
6.2545e-07	NaN
9.0078e-07	NaN
1.262e-06	NaN
1.7208e-06	NaN
2.2885e-06	NaN
2.9757e-06	NaN
3.7907e-06	NaN
4.7417e-06	NaN
5.8368e-06	NaN
7.0843e-06	NaN
8.4923e-06	NaN
1.0069e-05	NaN
1.1823e-05	NaN
1.3755e-05	NaN
1.5853e-05	NaN
1.8105e-05	NaN
2.0496e-05	NaN
2.3013e-05	NaN
2.5642e-05	NaN
2.837e-05	NaN
3.1182e-05	NaN
3.407e-05	NaN
3.7032e-05	NaN
4.0066e-05	NaN
4.3173e-05	NaN
4.6353e-05	NaN
4.9604e-05	NaN
5.2927e-05	NaN
5.6322e-05	NaN
5.9806e-05	NaN
6.3454e-05	NaN
6.7348e-05	NaN
7.157e-05	NaN
7.6204e-05	NaN
8.1331e-05	NaN
8.7035e-05	NaN
9.3398e-05	NaN
0.00010051	NaN
0.00010849	NaN
0.00011745	NaN
0.00012752	NaN
0.00013881	NaN
0.00015146	NaN
0.00016557	NaN
0.00018127	NaN
0.00019866	NaN
0.00021771	NaN
0.0002384	NaN
0.00026067	NaN
0.0002845	NaN
0.00030984	NaN
0.00033665	NaN
0.0003649	NaN
0.00039453	NaN
0.00042542	NaN
0.00045741	NaN
0.00049038	NaN
0.00052417	NaN
0.00055864	NaN
0.00059365	NaN
0.00062906	NaN
0.0006647	NaN
0.00070037	NaN
0.00073582	NaN
0.00077081	NaN
0.00080512	NaN
0.00083849	NaN
0.0008707	NaN
0.0009015	NaN
0.00093068	NaN
0.00095814	NaN
0.00098384	NaN
0.0010077	NaN
0.0010297	NaN
0.0010499	NaN
0.001068	NaN
0.0010842	NaN
0.0010983	NaN
0.0011104	NaN
0.0011205	NaN
0.0011285	NaN
0.0011345	NaN
0.0011386	NaN
0.0011406	NaN
0.0011407	NaN
0.0011389	NaN
0.0011351	NaN
0.0011292	NaN
0.0011212	NaN
0.001111	NaN
0.0010986	NaN
0.0010838	NaN
0.0010667	NaN
0.0010472	NaN
0.0010254	NaN
0.0010015	NaN
0.00097576	NaN
0.00094834	NaN
0.00091949	NaN
0.00088941	NaN
0.00085834	NaN
0.00082648	NaN
0.00079424	NaN
0.00076213	NaN
0.00073067	NaN
0.00070035	NaN
0.00067171	NaN
0.00064526	NaN
0.0006215	NaN
0.00060095	NaN
0.00058402	NaN
0.00057101	NaN
0.00056225	NaN
0.00055805	NaN
0.00055872	NaN
0.00056458	NaN
0.00057595	NaN
0.00059313	NaN
0.00061634	NaN
0.00064569	NaN
0.00068129	NaN
0.00072325	NaN
0.00077168	NaN
0.0008267	NaN
0.0008884	NaN
0.0009569	NaN
0.0010322	NaN
0.001114	NaN
0.0012022	NaN
0.0012966	NaN
0.001397	NaN
0.0015031	NaN
0.0016148	NaN
0.0017319	NaN
0.001854	NaN
0.0019809	NaN
0.002112	NaN
0.0022471	NaN
0.0023855	NaN
0.0025271	NaN
0.0026713	NaN
0.0028179	NaN
0.0029664	NaN
0.0031169	NaN
0.0032694	NaN
0.0034239	NaN
0.0035803	NaN
0.0037388	NaN
0.0038992	NaN
0.0040615	NaN
0.0042256	NaN
0.0043904	NaN
0.0045553	NaN
0.0047192	NaN
0.0048814	NaN
0.005041	NaN
0.0051971	NaN
0.0053488	NaN
0.0054951	NaN
0.0056343	NaN
0.0057647	NaN
0.0058847	NaN
0.0059926	NaN
0.0060867	NaN
0.0061654	NaN
0.0062269	NaN
0.0062701	NaN
0.0062946	NaN
0.0063002	NaN
0.0062868	NaN
0.0062543	NaN
0.0062023	NaN
0.0061309	NaN
0.0060398	NaN
0.0059291	NaN
0.0058001	NaN
0.005654	NaN
0.0054921	NaN
0.0053156	NaN
0.0051259	NaN
0.0049243	NaN
0.0047119	NaN
0.0044904	NaN
0.0042617	NaN
0.0040279	NaN
0.0037914	NaN
0.0035541	NaN
0.0033183	NaN
0.0030862	NaN
0.0028598	NaN
0.0026411	NaN
0.0024306	NaN
0.0022284	NaN
0.0020348	NaN
0.00185	NaN
0.0016743	NaN
0.0015078	NaN
0.0013508	NaN
0.0012034	NaN
0.0010658	NaN
0.00093788	NaN
0.00081969	NaN
0.00071121	NaN
0.00061246	NaN
0.00052344	NaN
0.00044414	NaN
0.00037451	NaN
0.00031411	NaN
0.00026238	NaN
0.00021877	NaN
0.00018273	NaN
0.00015369	NaN
0.00013111	NaN
0.00011443	NaN
0.00010312	NaN
9.6811e-05	NaN
9.5185e-05	NaN
9.7934e-05	NaN
0.00010475	NaN
0.00011531	NaN
0.00012932	NaN
0.00014645	NaN
0.00016639	NaN
0.00018867	NaN
0.00021275	NaN
0.00023813	NaN
0.00026427	NaN
0.00029065	NaN
0.00031674	NaN
0.00034202	NaN
0.00036599	NaN
0.00038839	NaN
0.00040908	NaN
0.00042791	NaN
0.00044476	NaN
0.00045948	NaN
0.00047194	NaN
0.00048199	NaN
0.00048953	NaN
0.00049476	NaN
0.00049803	NaN
0.00049975	NaN
0.00050029	NaN
0.00050002	NaN
0.00049933	NaN
0.00049861	NaN
0.0004982	NaN
0.00049814	NaN
0.00049823	NaN
0.00049829	NaN
0.0004981	NaN
0.00049747	NaN
0.00049621	NaN
0.0004941	NaN
0.00049096	NaN
0.00048658	NaN
0.00048076	NaN
0.0004733	NaN
0.00046401	NaN
0.00045269	NaN
0.00043912	NaN
0.00042313	NaN
0.00040452	NaN
0.00038346	NaN
0.00036048	NaN
0.00033608	NaN
0.00031081	NaN
0.00028518	NaN
0.00025972	NaN
0.00023495	NaN
0.00021139	NaN
0.0001893	NaN
0.00016866	NaN
0.00014945	NaN
0.00013164	NaN
0.0001152	NaN
0.00010009	NaN
8.6294e-05	NaN
7.3774e-05	NaN
6.2542e-05	NaN
5.2659e-05	NaN
4.4187e-05	NaN
3.7189e-05	NaN
3.1726e-05	NaN
2.7861e-05	NaN
2.5657e-05	NaN
2.5175e-05	NaN
2.6401e-05	NaN
2.921e-05	NaN
3.3469e-05	NaN
3.9045e-05	NaN
4.5806e-05	NaN
5.3617e-05	NaN
6.2346e-05	NaN
7.186e-05	NaN
8.2114e-05	NaN
9.3206e-05	NaN
0.00010525	NaN
0.00011836	NaN
0.00013264	NaN
0.00014822	NaN
0.0001652	NaN
0.0001837	NaN
0.00020371	NaN
0.00022499	NaN
0.00024727	NaN
0.00027029	NaN
0.00029378	NaN
0.00031747	NaN
0.0003411	NaN
0.0003644	NaN
0.00038703	NaN
0.00040852	NaN
0.00042835	NaN
0.00044603	NaN
0.00046104	NaN
0.00047288	NaN
0.00048104	NaN
0.00048502	NaN
0.00048449	NaN
0.00047957	NaN
0.00047046	NaN
0.00045738	NaN
0.00044053	NaN
0.00042011	NaN
0.00039632	NaN
0.00036938	NaN
0.00033975	NaN
0.00030875	NaN
0.00027786	NaN
0.00024857	NaN
0.00022236	NaN
0.00020071	NaN
0.00018511	NaN
0.00017704	NaN
0.00017924	NaN
0.00019918	NaN
0.0002454	NaN
0.00032646	NaN
0.0004509	NaN
0.00062728	NaN
0.00086415	NaN
0.0011701	NaN
0.0015559	NaN
0.0020426	NaN
0.002654	NaN
0.0034139	NaN
0.0043461	NaN
0.0054743	NaN
0.0068224	NaN
0.0084141	NaN
0.010278	NaN
0.012469	NaN
0.015048	NaN
0.018079	NaN
0.021625	NaN
0.025746	NaN
0.030506	NaN
0.035968	NaN
0.04219	NaN
0.049209	NaN
0.057052	NaN
0.065749	NaN
0.075328	NaN
0.085816	NaN
0.097242	NaN
0.10963	-0.62454
0.12302	-0.62337
0.13738	-0.62137
0.1527	-0.61843
0.16896	-0.61448
0.18614	-0.6094
0.2042	-0.60311
0.22313	-0.59551
0.24291	-0.58651
0.26351	-0.57603
0.28492	-0.56413
0.30711	-0.55096
0.33006	-0.53665
0.35375	-0.52134
0.37816	-0.50518
0.40328	-0.4883
0.42909	-0.47085
0.45554	-0.45295
0.48256	-0.43467
0.50999	-0.41602
0.53768	-0.39701
0.56549	-0.37766
0.59329	-0.35796
0.62091	-0.33795
0.64822	-0.31762
0.67508	-0.29701
0.70141	-0.27616
0.72717	-0.25519
0.75235	-0.23419
0.77691	-0.21328
0.80081	-0.19255
0.82404	-0.17211
0.84655	-0.15206
0.86832	-0.1325
0.88919	-0.11359
0.90894	-0.09551
0.92733	-0.078456
0.94414	-0.062613
0.95914	-0.048172
0.97208	-0.035319
0.98274	-0.024244
0.99089	-0.015131
0.99646	-0.0080613
0.99948	-0.003023
1	0
0.99808	0.0010237
0.99378	6.407e-05
0.98713	-0.0028629
0.97819	-0.0077411
0.96703	-0.014555
0.95379	-0.023301
0.93874	-0.033987
0.92217	-0.046623
0.90433	-0.061218
0.88551	-0.077781
0.86598	-0.096322
0.84601	-0.11685
0.82587	-0.13937
0.8057	-0.16383
0.78545	-0.19011
0.76507	-0.21808
0.74451	-0.2476
0.72373	-0.27856
0.70265	-0.3108
0.68125	-0.34422
0.65946	-0.37868
0.63725	-0.41435
0.61461	-0.45184
0.59154	-0.49177
0.56802	-0.53479
0.54405	-0.58151
0.51962	-0.63258
0.49472	-0.68863
0.46934	-0.75027
0.44354	-0.81701
0.41745	-0.88656
0.39123	-0.95643
0.36502	-1.0241
0.33899	-1.0872
0.31327	-1.1431
0.28802	-1.1895
0.26339	-1.2237
0.23954	-1.2472
0.21659	-1.2686
0.19472	-1.2972
0.17406	-1.3425
0.15475	-1.4139
0.13695	-1.5208
0.12081	-1.6726
0.10647	-1.8787
0.094001	NaN
0.083299	NaN
0.074239	NaN
0.066693	NaN
0.060535	NaN
0.055637	NaN
0.051873	NaN
0.049116	NaN
0.047248	NaN
0.046174	NaN
0.045805	NaN
0.046048	NaN
0.046814	NaN
0.048011	NaN
0.04955	NaN
0.051339	NaN
0.053296	NaN
0.055372	NaN
0.057518	NaN
0.05969	NaN
0.061841	NaN
0.063924	NaN
0.065895	NaN
0.067706	NaN
0.069315	NaN
0.070688	NaN
0.071794	NaN
0.072601	NaN
0.073078	NaN
0.073194	NaN
0.072919	NaN
0.07222	NaN
0.071077	NaN
0.069518	NaN
0.067582	NaN
0.065309	NaN
0.062738	NaN
0.059909	NaN
0.056862	NaN
0.053637	NaN
0.050273	NaN
0.04681	NaN
0.043286	NaN
0.039741	NaN
0.036215	NaN
0.032747	NaN
0.029375	NaN
0.02614	NaN
0.023078	NaN
0.020209	NaN
0.017547	NaN
0.015107	NaN
0.012903	NaN
0.010949	NaN
0.0092589	NaN
0.0078473	NaN
0.006725	NaN
0.0058804	NaN
0.005292	NaN
0.0049381	NaN
0.0047972	NaN
0.0048477	NaN
0.005068	NaN
0.0054364	NaN
0.0059317	NaN
0.0065346	NaN
0.007227	NaN
0.0079908	NaN
0.0088077	NaN
0.0096597	NaN
0.010529	NaN
0.011396	NaN
0.012246	NaN
0.013067	NaN
0.013857	NaN
0.014611	NaN
0.015325	NaN
0.015996	NaN
0.016618	NaN
0.017188	NaN
0.017702	NaN
0.018157	NaN
0.018551	NaN
0.018882	NaN
0.019147	NaN
0.019344	NaN
0.019471	NaN
0.019526	NaN
0.019507	NaN
0.019415	NaN
0.019256	NaN
0.019033	NaN
0.018752	NaN
0.018418	NaN
0.018034	NaN
0.017606	NaN
0.017138	NaN
0.016637	NaN
0.01611	NaN
0.015564	NaN
0.015007	NaN
0.014447	NaN
0.013891	NaN
0.013347	NaN
0.012822	NaN
0.012318	NaN
0.011837	NaN
0.011377	NaN
0.010937	NaN
0.010516	NaN
0.010114	NaN
0.0097298	NaN
0.0093627	NaN
0.0090126	NaN
0.0086801	NaN
0.0083659	NaN
0.0080707	NaN
0.0077952	NaN
0.0075402	NaN
0.0073063	NaN
0.0070942	NaN
0.0069034	NaN
0.0067322	NaN
0.0065783	NaN
0.0064398	NaN
0.0063146	NaN
0.0062007	NaN
0.0060959	NaN
0.0059983	NaN
0.0059061	NaN
0.0058176	NaN
0.0057315	NaN
0.0056463	NaN
0.0055604	NaN
0.0054726	NaN
0.0053812	NaN
0.0052848	NaN
0.0051826	NaN
0.0050749	NaN
0.0049621	NaN
0.0048446	NaN
0.0047228	NaN
0.0045973	NaN
0.0044683	NaN
0.0043364	NaN
0.004202	NaN
0.0040656	NaN
0.0039279	NaN
0.0037893	NaN
0.0036505	NaN
0.0035121	NaN
0.0033745	NaN
0.0032384	NaN
0.0031041	NaN
0.0029716	NaN
0.0028407	NaN
0.0027113	NaN
0.0025833	NaN
0.0024564	NaN
0.0023306	NaN
0.0022057	NaN
0.0020816	NaN
0.0019587	NaN
0.0018371	NaN
0.0017173	NaN
0.0015995	NaN
0.001484	NaN
0.0013711	NaN
0.0012611	NaN
0.0011544	NaN
0.0010514	NaN
0.00095261	NaN
0.00085842	NaN
0.00076934	NaN
0.00068586	NaN
0.00060843	NaN
0.00053753	NaN
0.00047349	NaN
0.00041604	NaN
0.00036477	NaN
0.00031924	NaN
0.00027905	NaN
0.00024377	NaN
0.00021297	NaN
0.00018625	NaN
0.00016318	NaN
0.00014338	NaN
0.00012649	NaN
0.00011214	NaN
9.9955e-05	NaN
8.9575e-05	NaN
8.0627e-05	NaN
7.2745e-05	NaN
6.5598e-05	NaN
5.9082e-05	NaN
5.3178e-05	NaN
4.7865e-05	NaN
4.3122e-05	NaN
3.8928e-05	NaN
3.5262e-05	NaN
3.2105e-05	NaN
2.9436e-05	NaN
2.7241e-05	NaN
2.5507e-05	NaN
2.4222e-05	NaN
2.3375e-05	NaN
2.2954e-05	NaN
2.2945e-05	NaN
2.3338e-05	NaN
2.4119e-05	NaN
2.5275e-05	NaN
2.6787e-05	NaN
2.864e-05	NaN
3.0819e-05	NaN
3.3305e-05	NaN
3.6084e-05	NaN
3.9138e-05	NaN
4.2451e-05	NaN
4.6001e-05	NaN
4.9761e-05	NaN
5.3706e-05	NaN
5.781e-05	NaN
6.2048e-05	NaN
6.6393e-05	NaN
7.0819e-05	NaN
7.5296e-05	NaN
7.9727e-05	NaN
8.397e-05	NaN
8.7884e-05	NaN
9.1327e-05	NaN
9.4157e-05	NaN
9.6233e-05	NaN
9.7412e-05	NaN
9.756e-05	NaN
9.6649e-05	NaN
9.473e-05	NaN
9.186e-05	NaN
8.8093e-05	NaN
8.3484e-05	NaN
7.8088e-05	NaN
7.1962e-05	NaN
6.5164e-05	NaN
5.7855e-05	NaN
5.0285e-05	NaN
4.2705e-05	NaN
3.5368e-05	NaN
2.8527e-05	NaN
2.2434e-05	NaN
1.7341e-05	NaN
1.3494e-05	NaN
1.0955e-05	NaN
9.6016e-06	NaN
9.3009e-06	NaN
9.9209e-06	NaN
1.133e-05	NaN
1.3394e-05	NaN
1.5983e-05	NaN
1.8964e-05	NaN
2.2194e-05	NaN
2.5521e-05	NaN
2.8791e-05	NaN
3.1851e-05	NaN
3.4547e-05	NaN
3.6724e-05	NaN
3.8231e-05	NaN
3.8915e-05	NaN
3.8736e-05	NaN
3.7809e-05	NaN
3.6257e-05	NaN
3.4205e-05	NaN
3.1777e-05	NaN
2.9099e-05	NaN
2.6295e-05	NaN
2.3488e-05	NaN
2.0776e-05	NaN
1.8213e-05	NaN
1.5849e-05	NaN
1.3734e-05	NaN
1.1918e-05	NaN
1.0452e-05	NaN
9.3845e-06	NaN
8.7666e-06	NaN
8.608e-06	NaN
8.8454e-06	NaN
9.4077e-06	NaN
1.0224e-05	NaN
1.1222e-05	NaN
1.2332e-05	NaN
1.3482e-05	NaN
1.4601e-05	NaN
1.5631e-05	NaN
1.6545e-05	NaN
1.7318e-05	NaN
1.7927e-05	NaN
1.8345e-05	NaN
1.855e-05	NaN
1.8518e-05	NaN
1.8223e-05	NaN
1.766e-05	NaN
1.6871e-05	NaN
1.5904e-05	NaN
1.4808e-05	NaN
1.3631e-05	NaN
1.2421e-05	NaN
1.1227e-05	NaN
1.0098e-05	NaN
9.0695e-06	NaN
8.143e-06	NaN
7.3128e-06	NaN
6.5733e-06	NaN
5.9187e-06	NaN
5.3436e-06	NaN
4.8422e-06	NaN
4.4091e-06	NaN
4.0378e-06	NaN
3.7201e-06	NaN
3.447e-06	NaN
3.2097e-06	NaN
2.9993e-06	NaN
2.8069e-06	NaN
2.6236e-06	NaN
2.4406e-06	NaN
2.2515e-06	NaN
2.0598e-06	NaN
1.8716e-06	NaN
1.6932e-06	NaN
1.5307e-06	NaN
1.3902e-06	NaN
1.2779e-06	NaN
1.1999e-06	NaN
1.1611e-06	NaN
1.1596e-06	NaN
1.1918e-06	NaN
1.2539e-06	NaN
1.3421e-06	NaN
1.4529e-06	NaN
1.5824e-06	NaN
1.7269e-06	NaN
1.8821e-06	NaN
2.0408e-06	NaN
2.1946e-06	NaN
2.3351e-06	NaN
2.454e-06	NaN
2.5429e-06	NaN
2.5935e-06	NaN
2.5974e-06	NaN
2.5478e-06	NaN
2.4494e-06	NaN
2.3114e-06	NaN
2.143e-06	NaN
1.9534e-06	NaN
1.752e-06	NaN
1.5478e-06	NaN
1.3503e-06	NaN
1.1681e-06	NaN
1.0053e-06	NaN
8.6395e-07	NaN
7.4607e-07	NaN
6.5363e-07	NaN
5.886e-07	NaN
5.5298e-07	NaN
5.4874e-07	NaN
5.7729e-07	NaN
6.3428e-07	NaN
7.1209e-07	NaN
8.0311e-07	NaN
8.9968e-07	NaN
9.9419e-07	NaN
1.079e-06	NaN
1.1464e-06	NaN
1.1894e-06	NaN
1.2067e-06	NaN
1.2008e-06	NaN
1.1745e-06	NaN
1.1304e-06	NaN
1.0711e-06	NaN
9.9949e-07	NaN
9.1808e-07	NaN
8.2964e-07	NaN
7.3771e-07	NaN
6.4647e-07	NaN
5.6012e-07	NaN
4.8284e-07	NaN
4.1882e-07	NaN
3.7226e-07	NaN
3.4735e-07	NaN
3.4804e-07	NaN
3.7388e-07	NaN
4.2058e-07	NaN
4.8372e-07	NaN
5.5888e-07	NaN
6.4163e-07	NaN
7.2757e-07	NaN
8.1226e-07	NaN
8.9138e-07	NaN
9.6271e-07	NaN
1.0262e-06	NaN
1.0819e-06	NaN
1.1298e-06	NaN
1.1699e-06	NaN
1.2023e-06	NaN
1.227e-06	NaN
1.2441e-06	NaN
1.2549e-06	NaN
1.2623e-06	NaN
1.2692e-06	NaN
1.2785e-06	NaN
1.2932e-06	NaN
1.3161e-06	NaN
1.3503e-06	NaN
1.3985e-06	NaN
1.4603e-06	NaN
1.531e-06	NaN
1.6054e-06	NaN
1.6784e-06	NaN
1.7449e-06	NaN
1.7997e-06	NaN
1.8378e-06	NaN
1.8541e-06	NaN
1.8461e-06	NaN
1.8156e-06	NaN
1.7644e-06	NaN
1.6947e-06	NaN
1.6085e-06	NaN
1.5078e-06	NaN
1.3946e-06	NaN
1.271e-06	NaN
1.1394e-06	NaN
1.0029e-06	NaN
8.6489e-07	NaN
7.2856e-07	NaN
5.9717e-07	NaN
4.7399e-07	NaN
3.6226e-07	NaN
2.6524e-07	NaN
1.851e-07	NaN
1.2174e-07	NaN
7.479e-08	NaN
4.3857e-08	NaN
2.8559e-08	NaN
2.8513e-08	NaN
4.3336e-08	NaN
7.2642e-08	NaN
1.1547e-07	NaN
1.6941e-07	NaN
2.3185e-07	NaN
3.0018e-07	NaN
3.7178e-07	NaN
4.4404e-07	NaN
5.1434e-07	NaN
5.8006e-07	NaN
6.392e-07	NaN
6.9146e-07	NaN
7.3688e-07	NaN
7.7547e-07	NaN
8.0727e-07	NaN
8.323e-07	NaN
8.5059e-07	NaN
8.6216e-07	NaN
8.6704e-07	NaN
8.6525e-07	NaN
8.5682e-07	NaN
8.4178e-07	NaN
8.2015e-07	NaN
7.9195e-07	NaN
7.5722e-07	NaN
7.1598e-07	NaN
