8.6264e-08	NaN
6.9882e-08	NaN
5.7475e-08	NaN
4.9678e-08	NaN
1.5384e-07	NaN
1.7626e-07	NaN
1.9453e-07	NaN
2.0896e-07	NaN
2.1984e-07	NaN
2.2747e-07	NaN
2.3217e-07	NaN
2.3422e-07	NaN
2.3394e-07	NaN
2.3162e-07	NaN
2.2756e-07	NaN
2.2207e-07	NaN
2.1544e-07	NaN
2.0798e-07	NaN
1.9999e-07	NaN
1.9177e-07	NaN
1.8363e-07	NaN
1.7586e-07	NaN
1.688e-07	NaN
1.6278e-07	NaN
1.5814e-07	NaN
1.5522e-07	NaN
1.5435e-07	NaN
1.5588e-07	NaN
1.6014e-07	NaN
1.6735e-07	NaN
1.7706e-07	NaN
1.8849e-07	NaN
2.009e-07	NaN
2.1352e-07	NaN
2.2559e-07	NaN
2.3636e-07	NaN
2.4507e-07	NaN
2.5103e-07	NaN
2.5409e-07	NaN
2.5434e-07	NaN
2.519e-07	NaN
2.4687e-07	NaN
2.3935e-07	NaN
2.2945e-07	NaN
2.1727e-07	NaN
2.0295e-07	NaN
1.8699e-07	NaN
1.7005e-07	NaN
1.5283e-07	NaN
1.3601e-07	NaN
1.2025e-07	NaN
1.0626e-07	NaN
9.4701e-08	NaN
8.6203e-08	NaN
8.0694e-08	NaN
7.766e-08	NaN
7.6582e-08	NaN
7.6938e-08	NaN
7.8209e-08	NaN
7.9873e-08	NaN
8.141e-08	NaN
8.2319e-08	NaN
8.2376e-08	NaN
8.1562e-08	NaN
7.9863e-08	NaN
7.7265e-08	NaN
7.3755e-08	NaN
6.9319e-08	NaN
6.3941e-08	NaN
5.7627e-08	NaN
5.0691e-08	NaN
4.3716e-08	NaN
3.7291e-08	NaN
3.2008e-08	NaN
2.8457e-08	NaN
2.7229e-08	NaN
2.8915e-08	NaN
3.4083e-08	NaN
4.2821e-08	NaN
5.4738e-08	NaN
6.9421e-08	NaN
8.646e-08	NaN
1.0544e-07	NaN
1.2596e-07	NaN
1.4759e-07	NaN
1.6996e-07	NaN
1.9317e-07	NaN
2.1794e-07	NaN
2.4502e-07	NaN
2.7514e-07	NaN
3.0906e-07	NaN
3.4751e-07	NaN
3.9125e-07	NaN
4.4103e-07	NaN
4.9864e-07	NaN
5.6718e-07	NaN
6.4986e-07	NaN
7.4986e-07	NaN
8.704e-07	NaN
1.0147e-06	NaN
1.1858e-06	NaN
1.3873e-06	NaN
1.6298e-06	NaN
1.9358e-06	NaN
2.3285e-06	NaN
2.8313e-06	NaN
3.4675e-06	NaN
4.2603e-06	NaN
5.2331e-06	NaN
6.4092e-06	NaN
7.8107e-06	NaN
9.4576e-06	NaN
1.137e-05	NaN
1.3567e-05	NaN
1.6069e-05	NaN
1.8896e-05	NaN
2.2067e-05	NaN
2.5602e-05	NaN
2.9507e-05	NaN
3.3755e-05	NaN
3.8319e-05	NaN
4.3168e-05	NaN
4.8273e-05	NaN
5.3606e-05	NaN
5.9137e-05	NaN
6.4838e-05	NaN
7.0674e-05	NaN
7.6602e-05	NaN
8.2576e-05	NaN
8.855e-05	NaN
9.448e-05	NaN
0.00010032	NaN
0.00010602	NaN
0.00011154	NaN
0.00011686	NaN
0.00012202	NaN
0.00012708	NaN
0.0001321	NaN
0.00013714	NaN
0.00014226	NaN
0.00014751	NaN
0.00015295	NaN
0.00015864	NaN
0.00016466	NaN
0.00017105	NaN
0.00017791	NaN
0.00018529	NaN
0.00019325	NaN
0.00020188	NaN
0.00021124	NaN
0.00022137	NaN
0.00023231	NaN
0.00024406	NaN
0.00025662	NaN
0.00027	NaN
0.0002842	NaN
0.00029924	NaN
0.00031511	NaN
0.00033181	NaN
0.00034926	NaN
0.00036734	NaN
0.00038596	NaN
0.000405	NaN
0.00042435	NaN
0.00044393	NaN
0.0004636	NaN
0.00048327	NaN
0.00050277	NaN
0.00052194	NaN
0.00054059	NaN
0.00055856	NaN
0.00057567	NaN
0.00059176	NaN
0.00060664	NaN
0.00062015	NaN
0.00063209	NaN
0.00064227	NaN
0.00065048	NaN
0.00065654	NaN
0.00066025	NaN
0.0006614	NaN
0.0006598	NaN
0.00065528	NaN
0.00064781	NaN
0.00063744	NaN
0.00062421	NaN
0.00060817	NaN
0.00058936	NaN
0.00056784	NaN
0.00054365	NaN
0.00051687	NaN
0.00048782	NaN
0.00045698	NaN
0.00042481	NaN
0.00039178	NaN
0.00035838	NaN
0.00032506	NaN
0.0002923	NaN
0.00026055	NaN
0.0002301	NaN
0.00020112	NaN
0.0001738	NaN
0.00014831	NaN
0.00012481	NaN
0.0001035	NaN
8.4543e-05	NaN
6.8103e-05	NaN
5.4166e-05	NaN
4.259e-05	NaN
3.323e-05	NaN
2.5938e-05	NaN
2.057e-05	NaN
1.698e-05	NaN
1.5021e-05	NaN
1.4549e-05	NaN
1.5413e-05	NaN
1.7462e-05	NaN
2.0544e-05	NaN
2.4506e-05	NaN
2.9198e-05	NaN
3.4467e-05	NaN
4.0161e-05	NaN
4.6128e-05	NaN
5.2212e-05	NaN
5.8252e-05	NaN
6.4089e-05	NaN
6.956e-05	NaN
7.4507e-05	NaN
7.8769e-05	NaN
8.2185e-05	NaN
8.4598e-05	NaN
8.5954e-05	NaN
8.6311e-05	NaN
8.5733e-05	NaN
8.4287e-05	NaN
8.2036e-05	NaN
7.9046e-05	NaN
7.5381e-05	NaN
7.1107e-05	NaN
6.6332e-05	NaN
6.1212e-05	NaN
5.5912e-05	NaN
5.0594e-05	NaN
4.5418e-05	NaN
4.0549e-05	NaN
3.6148e-05	NaN
3.2377e-05	NaN
2.9318e-05	NaN
2.6941e-05	NaN
2.5206e-05	NaN
2.407e-05	NaN
2.3494e-05	NaN
2.3436e-05	NaN
2.3857e-05	NaN
2.4713e-05	NaN
2.5939e-05	NaN
2.7417e-05	NaN
2.9027e-05	NaN
3.065e-05	NaN
3.2165e-05	NaN
3.3451e-05	NaN
3.4389e-05	NaN
3.4859e-05	NaN
3.4804e-05	NaN
3.4296e-05	NaN
3.342e-05	NaN
3.2263e-05	NaN
3.0913e-05	NaN
2.9455e-05	NaN
2.7975e-05	NaN
2.6561e-05	NaN
2.5271e-05	NaN
2.4098e-05	NaN
2.3027e-05	NaN
2.2041e-05	NaN
2.1125e-05	NaN
2.0263e-05	NaN
1.944e-05	NaN
1.8638e-05	NaN
1.784e-05	NaN
1.7019e-05	NaN
1.6146e-05	NaN
1.5193e-05	NaN
1.4132e-05	NaN
1.2934e-05	NaN
1.1571e-05	NaN
1.0015e-05	NaN
8.2794e-06	NaN
6.512e-06	NaN
4.8884e-06	NaN
3.584e-06	NaN
2.774e-06	NaN
2.6338e-06	NaN
3.3388e-06	NaN
5.0645e-06	NaN
7.9349e-06	NaN
1.1879e-05	NaN
1.678e-05	NaN
2.252e-05	NaN
2.8982e-05	NaN
3.6048e-05	NaN
4.36e-05	NaN
5.1523e-05	NaN
5.9699e-05	NaN
6.8021e-05	NaN
7.6386e-05	NaN
8.4687e-05	NaN
9.282e-05	NaN
0.00010068	NaN
0.00010816	NaN
0.00011516	NaN
0.00012161	NaN
0.00012763	NaN
0.00013341	NaN
0.00013913	NaN
0.000145	NaN
0.00015118	NaN
0.00015788	NaN
0.00016527	NaN
0.00017351	NaN
0.00018258	NaN
0.00019236	NaN
0.00020274	NaN
0.0002136	NaN
0.00022485	NaN
0.00023637	NaN
0.00024806	NaN
0.00025979	NaN
0.00027147	NaN
0.00028297	NaN
0.0002942	NaN
0.00030503	NaN
0.00031535	NaN
0.00032507	NaN
0.00033405	NaN
0.00034223	NaN
0.00034971	NaN
0.00035673	NaN
0.00036353	NaN
0.00037034	NaN
0.00037739	NaN
0.00038493	NaN
0.00039318	NaN
0.00040237	NaN
0.00041255	NaN
0.00042366	NaN
0.00043566	NaN
0.0004485	NaN
0.00046212	NaN
0.00047648	NaN
0.00049153	NaN
0.0005072	NaN
0.00052328	NaN
0.00053947	NaN
0.00055544	NaN
0.00057087	NaN
0.00058546	NaN
0.00059889	NaN
0.00061083	NaN
0.00062098	NaN
0.00062916	NaN
0.00063528	NaN
0.00063927	NaN
0.00064103	NaN
0.0006405	NaN
0.00063758	NaN
0.0006322	NaN
0.00062428	NaN
0.00061373	NaN
0.00060045	NaN
0.00058435	NaN
0.00056532	NaN
0.00054328	NaN
0.00051813	NaN
0.00048976	NaN
0.00045811	NaN
0.00042359	NaN
0.00038717	NaN
0.00034983	NaN
0.00031259	NaN
0.00027642	NaN
0.00024232	NaN
0.0002113	NaN
0.00018432	NaN
0.00016189	NaN
0.00014393	NaN
0.00013029	NaN
0.00012084	NaN
0.00011545	NaN
0.00011398	NaN
0.00011631	NaN
0.00012229	NaN
0.00013168	NaN
0.00014408	NaN
0.00015908	NaN
0.00017626	NaN
0.00019521	NaN
0.00021552	NaN
0.00023676	NaN
0.00025854	NaN
0.00028063	NaN
0.00030311	NaN
0.00032613	NaN
0.0003498	NaN
0.00037426	NaN
0.00039963	NaN
0.00042603	NaN
0.0004536	NaN
0.0004822	NaN
0.00051122	NaN
0.00053997	NaN
0.00056779	NaN
0.000594	NaN
0.00061791	NaN
0.00063885	NaN
0.00065615	NaN
0.00066935	NaN
0.00067853	NaN
0.00068386	NaN
0.00068547	NaN
0.00068354	NaN
0.0006782	NaN
0.00066962	NaN
0.00065795	NaN
0.00064343	NaN
0.00062657	NaN
0.00060789	NaN
0.00058794	NaN
0.00056724	NaN
0.00054635	NaN
0.0005258	NaN
0.00050612	NaN
0.00048818	NaN
0.00047386	NaN
0.00046526	NaN
0.00046447	NaN
0.00047358	NaN
0.00049469	NaN
0.00052988	NaN
0.00058125	NaN
0.00065261	NaN
0.00075422	NaN
0.00089781	NaN
0.0010951	NaN
0.0013579	NaN
0.001698	NaN
0.0021269	NaN
0.0026566	NaN
0.0033027	NaN
0.0040981	NaN
0.0050806	NaN
0.0062879	NaN
0.0077576	NaN
0.0095275	NaN
0.011635	NaN
0.014119	NaN
0.017017	NaN
0.020376	NaN
0.024244	NaN
0.028669	NaN
0.033701	NaN
0.039387	NaN
0.045775	NaN
0.052915	NaN
0.06085	NaN
0.069599	NaN
0.07917	NaN
0.089573	NaN
0.10081	-0.5793
0.1129	-0.57906
0.12585	-0.57703
0.13966	-0.57333
0.15435	-0.5681
0.16996	-0.56145
0.18654	-0.55348
0.20414	-0.54429
0.22282	-0.53398
0.24262	-0.52266
0.2636	-0.51042
0.28582	-0.49738
0.3093	-0.48362
0.334	-0.46923
0.35981	-0.45429
0.38661	-0.43888
0.41429	-0.42308
0.44275	-0.40696
0.47187	-0.39061
0.50155	-0.3741
0.53166	-0.3575
0.56206	-0.34081
0.59256	-0.32402
0.62298	-0.30709
0.65313	-0.28997
0.68284	-0.27266
0.71191	-0.2551
0.74018	-0.23727
0.76745	-0.21914
0.79361	-0.20079
0.8186	-0.18235
0.84232	-0.16397
0.86473	-0.1458
0.88573	-0.12796
0.90526	-0.1106
0.92325	-0.093861
0.93961	-0.077888
0.95427	-0.062826
0.9671	-0.048825
0.97799	-0.036035
0.98684	-0.024607
0.99353	-0.014691
0.99795	-0.0064389
1	0
0.99956	0.0044787
0.99667	0.0069302
0.99147	0.0073618
0.98412	0.0057834
0.97476	0.0022053
0.96357	-0.0033627
0.95067	-0.01091
0.93625	-0.020428
0.92043	-0.031905
0.9034	-0.045334
0.88534	-0.06071
0.86642	-0.078027
0.84684	-0.09728
0.82678	-0.11846
0.80641	-0.14157
0.78594	-0.1666
0.76552	-0.19355
0.74523	-0.22234
0.72496	-0.25284
0.7046	-0.28492
0.68405	-0.31843
0.6632	-0.35323
0.64194	-0.38919
0.62017	-0.42616
0.59778	-0.46401
0.57472	-0.50291
0.55102	-0.54347
0.52671	-0.58635
0.50185	-0.6322
0.47645	-0.68165
0.45058	-0.73536
0.42425	-0.79398
0.39751	-0.85814
0.37047	-0.92746
0.34337	-0.99989
0.31646	-1.0732
0.28998	-1.1452
0.26418	-1.2137
0.23932	-1.2764
0.21563	-1.3311
0.19337	-1.3757
0.17271	-1.4115
0.15367	-1.4467
0.13629	-1.4904
0.12056	-1.5516
0.1065	-1.6392
0.094133	NaN
0.083467	NaN
0.074516	NaN
0.067245	NaN
0.061504	NaN
0.057127	NaN
0.053951	NaN
0.051808	NaN
0.050535	NaN
0.049966	NaN
0.049935	NaN
0.050306	NaN
0.051019	NaN
0.052022	NaN
0.053268	NaN
0.054708	NaN
0.056291	NaN
0.05797	NaN
0.059694	NaN
0.061418	NaN
0.063106	NaN
0.064725	NaN
0.06624	NaN
0.067618	NaN
0.068824	NaN
0.069825	NaN
0.070588	NaN
0.071082	NaN
0.071299	NaN
0.071232	NaN
0.070875	NaN
0.070221	NaN
0.069265	NaN
0.068001	NaN
0.066423	NaN
0.06453	NaN
0.062354	NaN
0.059932	NaN
0.057302	NaN
0.0545	NaN
0.051565	NaN
0.048535	NaN
0.045447	NaN
0.042337	NaN
0.039229	NaN
0.036144	NaN
0.033104	NaN
0.030131	NaN
0.027245	NaN
0.024467	NaN
0.02182	NaN
0.019322	NaN
0.016984	NaN
0.014813	NaN
0.012816	NaN
0.011001	NaN
0.009373	NaN
0.0079406	NaN
0.0067103	NaN
0.0056878	NaN
0.0048693	NaN
0.0042467	NaN
0.0038121	NaN
0.0035574	NaN
0.0034747	NaN
0.0035561	NaN
0.0037934	NaN
0.0041779	NaN
0.0046952	NaN
0.0053276	NaN
0.0060574	NaN
0.0068671	NaN
0.007739	NaN
0.0086556	NaN
0.009599	NaN
0.010552	NaN
0.011503	NaN
0.01244	NaN
0.013355	NaN
0.014238	NaN
0.015077	NaN
0.015865	NaN
0.01659	NaN
0.017243	NaN
0.01782	NaN
0.018322	NaN
0.018747	NaN
0.019098	NaN
0.019372	NaN
0.019571	NaN
0.019694	NaN
0.019741	NaN
0.019716	NaN
0.019624	NaN
0.019471	NaN
0.019261	NaN
0.019	NaN
0.018694	NaN
0.018348	NaN
0.017968	NaN
0.017557	NaN
0.01712	NaN
0.01666	NaN
0.016182	NaN
0.015689	NaN
0.015184	NaN
0.014673	NaN
0.014158	NaN
0.013641	NaN
0.013126	NaN
0.012613	NaN
0.012103	NaN
0.011598	NaN
0.0111	NaN
0.01061	NaN
0.010129	NaN
0.00966	NaN
0.0092033	NaN
0.0087608	NaN
0.0083342	NaN
0.0079251	NaN
0.007535	NaN
0.0071656	NaN
0.0068183	NaN
0.0064945	NaN
0.0061949	NaN
0.0059203	NaN
0.0056712	NaN
0.0054485	NaN
0.0052528	NaN
0.0050849	NaN
0.0049454	NaN
0.0048339	NaN
0.004748	NaN
0.0046851	NaN
0.0046426	NaN
0.004618	NaN
0.0046087	NaN
0.0046121	NaN
0.0046257	NaN
0.0046468	NaN
0.0046726	NaN
0.0047004	NaN
0.0047274	NaN
0.0047508	NaN
0.0047678	NaN
0.0047756	NaN
0.0047715	NaN
0.0047535	NaN
0.0047218	NaN
0.0046765	NaN
0.004618	NaN
0.0045465	NaN
0.0044624	NaN
0.004366	NaN
0.0042574	NaN
0.0041376	NaN
0.0040084	NaN
0.0038717	NaN
0.0037298	NaN
0.0035847	NaN
0.0034384	NaN
0.003293	NaN
0.0031506	NaN
0.0030132	NaN
0.0028823	NaN
0.0027595	NaN
0.0026464	NaN
0.0025445	NaN
0.0024554	NaN
0.0023806	NaN
0.0023217	NaN
0.0022796	NaN
0.0022535	NaN
0.0022418	NaN
0.0022432	NaN
0.0022563	NaN
0.0022796	NaN
0.0023118	NaN
0.0023514	NaN
0.0023971	NaN
0.0024484	NaN
0.0025048	NaN
0.0025659	NaN
0.0026313	NaN
0.0027004	NaN
0.0027729	NaN
0.0028482	NaN
0.0029261	NaN
0.0030063	NaN
0.0030888	NaN
0.0031733	NaN
0.0032598	NaN
0.0033481	NaN
0.0034382	NaN
0.00353	NaN
0.0036231	NaN
0.0037167	NaN
0.0038098	NaN
0.0039012	NaN
0.0039898	NaN
0.0040746	NaN
0.0041544	NaN
0.0042281	NaN
0.0042947	NaN
0.0043539	NaN
0.0044054	NaN
0.0044492	NaN
0.0044851	NaN
0.004513	NaN
0.0045328	NaN
0.0045442	NaN
0.0045473	NaN
0.0045418	NaN
0.0045276	NaN
0.0045045	NaN
0.0044724	NaN
0.0044311	NaN
0.0043805	NaN
0.0043204	NaN
0.0042506	NaN
0.0041718	NaN
0.0040847	NaN
0.0039902	NaN
0.003889	NaN
0.003782	NaN
0.00367	NaN
0.0035539	NaN
0.0034344	NaN
0.0033122	NaN
0.0031874	NaN
0.0030605	NaN
0.0029317	NaN
0.0028015	NaN
0.00267	NaN
0.0025378	NaN
0.002405	NaN
0.0022722	NaN
0.0021399	NaN
0.0020089	NaN
0.0018796	NaN
0.0017526	NaN
0.0016286	NaN
0.0015082	NaN
0.0013919	NaN
0.0012805	NaN
0.0011745	NaN
0.0010749	NaN
0.00098221	NaN
0.00089724	NaN
0.00082068	NaN
0.00075327	NaN
0.00069569	NaN
0.00064791	NaN
0.00060913	NaN
0.00057855	NaN
0.00055534	NaN
0.00053867	NaN
0.00052774	NaN
0.00052172	NaN
0.00051979	NaN
0.0005212	NaN
0.00052528	NaN
0.00053136	NaN
0.00053879	NaN
0.00054688	NaN
0.00055498	NaN
0.00056242	NaN
0.00056854	NaN
0.00057289	NaN
0.00057534	NaN
0.00057575	NaN
0.00057403	NaN
0.00057003	NaN
0.00056364	NaN
0.00055474	NaN
0.00054321	NaN
0.0005291	NaN
0.00051272	NaN
0.00049439	NaN
0.00047446	NaN
0.00045325	NaN
0.0004311	NaN
0.00040833	NaN
0.00038529	NaN
0.00036224	NaN
0.00033935	NaN
0.00031677	NaN
0.00029466	NaN
0.00027316	NaN
0.00025245	NaN
0.00023265	NaN
0.00021394	NaN
0.0001964	NaN
0.00017999	NaN
0.00016466	NaN
0.00015035	NaN
0.00013701	NaN
0.00012458	NaN
0.00011301	NaN
0.00010223	NaN
9.2211e-05	NaN
8.2921e-05	NaN
7.4343e-05	NaN
6.6459e-05	NaN
5.9248e-05	NaN
5.2692e-05	NaN
4.6772e-05	NaN
4.147e-05	NaN
3.6759e-05	NaN
3.2599e-05	NaN
2.8944e-05	NaN
2.5751e-05	NaN
2.2974e-05	NaN
2.0569e-05	NaN
1.8491e-05	NaN
1.6695e-05	NaN
1.514e-05	NaN
1.3802e-05	NaN
1.2659e-05	NaN
1.1688e-05	NaN
1.0868e-05	NaN
1.0176e-05	NaN
9.5905e-06	NaN
9.0897e-06	NaN
8.6536e-06	NaN
8.2714e-06	NaN
7.9344e-06	NaN
7.6341e-06	NaN
7.3619e-06	NaN
7.1092e-06	NaN
6.8674e-06	NaN
6.628e-06	NaN
6.3837e-06	NaN
6.1338e-06	NaN
5.8794e-06	NaN
5.6218e-06	NaN
5.3621e-06	NaN
5.1015e-06	NaN
4.8412e-06	NaN
4.5825e-06	NaN
4.3267e-06	NaN
4.0765e-06	NaN
3.8348e-06	NaN
3.6049e-06	NaN
3.3897e-06	NaN
3.1923e-06	NaN
3.0158e-06	NaN
2.8632e-06	NaN
2.7369e-06	NaN
2.6344e-06	NaN
2.5515e-06	NaN
2.4836e-06	NaN
2.4264e-06	NaN
2.3755e-06	NaN
2.3265e-06	NaN
2.2751e-06	NaN
2.217e-06	NaN
2.1506e-06	NaN
2.0753e-06	NaN
1.9907e-06	NaN
1.8961e-06	NaN
1.7911e-06	NaN
1.6751e-06	NaN
1.5475e-06	NaN
1.4081e-06	NaN
1.2596e-06	NaN
1.1064e-06	NaN
9.5285e-07	NaN
8.0323e-07	NaN
6.6196e-07	NaN
5.334e-07	NaN
4.2191e-07	NaN
3.315e-07	NaN
2.6215e-07	NaN
2.1114e-07	NaN
1.7575e-07	NaN
1.5322e-07	NaN
1.4081e-07	NaN
1.3577e-07	NaN
1.3538e-07	NaN
1.3699e-07	NaN
1.3974e-07	NaN
1.4405e-07	NaN
1.5039e-07	NaN
1.5924e-07	NaN
1.7107e-07	NaN
1.8635e-07	NaN
2.0554e-07	NaN
2.2905e-07	NaN
2.5617e-07	NaN
2.8517e-07	NaN
3.1433e-07	NaN
3.4188e-07	NaN
3.661e-07	NaN
3.8522e-07	NaN
3.9751e-07	NaN
4.013e-07	NaN
3.9662e-07	NaN
3.8524e-07	NaN
3.6899e-07	NaN
3.4971e-07	NaN
3.2925e-07	NaN
3.0943e-07	NaN
2.9211e-07	NaN
2.7907e-07	NaN
2.7094e-07	NaN
2.6695e-07	NaN
2.6624e-07	NaN
2.6797e-07	NaN
2.713e-07	NaN
2.7537e-07	NaN
2.7934e-07	NaN
2.8237e-07	NaN
2.8381e-07	NaN
2.8327e-07	NaN
2.8039e-07	NaN
2.7481e-07	NaN
2.6617e-07	NaN
2.541e-07	NaN
2.3823e-07	NaN
2.1822e-07	NaN
1.9439e-07	NaN
1.6812e-07	NaN
1.4089e-07	NaN
1.1418e-07	NaN
8.9455e-08	NaN
6.8202e-08	NaN
5.1893e-08	NaN
4.1996e-08	NaN
3.9188e-08	NaN
4.2716e-08	NaN
5.1673e-08	NaN
6.5155e-08	NaN
8.2255e-08	NaN
1.0207e-07	NaN
1.2369e-07	NaN
1.4622e-07	NaN
1.6896e-07	NaN
1.9165e-07	NaN
2.1411e-07	NaN
2.3614e-07	NaN
2.5754e-07	NaN
2.7812e-07	NaN
2.9768e-07	NaN
3.1602e-07	NaN
3.329e-07	NaN
3.4788e-07	NaN
3.6051e-07	NaN
3.7037e-07	NaN
3.77e-07	NaN
3.7996e-07	NaN
3.788e-07	NaN
3.7309e-07	NaN
3.6261e-07	NaN
3.4789e-07	NaN
3.2954e-07	NaN
3.0821e-07	NaN
2.8452e-07	NaN
2.5911e-07	NaN
2.3262e-07	NaN
2.0567e-07	NaN
1.789e-07	NaN
1.5294e-07	NaN
1.2843e-07	NaN
1.0599e-07	NaN
