6.5383e-08	NaN
3.5822e-08	NaN
2.306e-08	NaN
2.5308e-08	NaN
4.0776e-08	NaN
6.7675e-08	NaN
1.0422e-07	NaN
1.4861e-07	NaN
1.9906e-07	NaN
2.5379e-07	NaN
3.11e-07	NaN
3.689e-07	NaN
4.2571e-07	NaN
4.7963e-07	NaN
5.2887e-07	NaN
5.7165e-07	NaN
6.0653e-07	NaN
6.3405e-07	NaN
6.5541e-07	NaN
6.7184e-07	NaN
6.8455e-07	NaN
6.9477e-07	NaN
7.0371e-07	NaN
7.1259e-07	NaN
7.2238e-07	NaN
7.324e-07	NaN
7.4132e-07	NaN
7.4779e-07	NaN
7.5046e-07	NaN
7.4801e-07	NaN
7.3908e-07	NaN
7.2233e-07	NaN
6.9672e-07	NaN
6.6369e-07	NaN
6.2578e-07	NaN
5.856e-07	NaN
5.4572e-07	NaN
5.0872e-07	NaN
4.7719e-07	NaN
4.537e-07	NaN
4.4075e-07	NaN
4.3998e-07	NaN
4.5255e-07	NaN
4.7962e-07	NaN
5.2236e-07	NaN
5.8193e-07	NaN
6.5949e-07	NaN
7.5619e-07	NaN
8.7286e-07	NaN
1.0064e-06	NaN
1.151e-06	NaN
1.3011e-06	NaN
1.4509e-06	NaN
1.5948e-06	NaN
1.7269e-06	NaN
1.8416e-06	NaN
1.9335e-06	NaN
2.0003e-06	NaN
2.0425e-06	NaN
2.0604e-06	NaN
2.0546e-06	NaN
2.0255e-06	NaN
1.9734e-06	NaN
1.8988e-06	NaN
1.8023e-06	NaN
1.6865e-06	NaN
1.556e-06	NaN
1.4154e-06	NaN
1.2692e-06	NaN
1.122e-06	NaN
9.7837e-07	NaN
8.4296e-07	NaN
7.2019e-07	NaN
6.1185e-07	NaN
5.1704e-07	NaN
4.3477e-07	NaN
3.6405e-07	NaN
3.0386e-07	NaN
2.5323e-07	NaN
2.1114e-07	NaN
1.766e-07	NaN
1.4852e-07	NaN
1.257e-07	NaN
1.0693e-07	NaN
9.102e-08	NaN
7.6763e-08	NaN
6.2958e-08	NaN
4.8403e-08	NaN
3.1975e-08	NaN
1.58e-08	NaN
6.287e-09	NaN
1.0139e-08	NaN
3.4059e-08	NaN
8.4752e-08	NaN
1.6892e-07	NaN
2.9327e-07	NaN
4.6453e-07	NaN
6.9113e-07	NaN
9.8411e-07	NaN
1.3547e-06	NaN
1.8142e-06	NaN
2.3737e-06	NaN
3.0447e-06	NaN
3.8382e-06	NaN
4.7656e-06	NaN
5.839e-06	NaN
7.0719e-06	NaN
8.478e-06	NaN
1.0071e-05	NaN
1.1865e-05	NaN
1.3873e-05	NaN
1.6109e-05	NaN
1.8588e-05	NaN
2.1319e-05	NaN
2.4311e-05	NaN
2.757e-05	NaN
3.1103e-05	NaN
3.4916e-05	NaN
3.9016e-05	NaN
4.3409e-05	NaN
4.8103e-05	NaN
5.3102e-05	NaN
5.8412e-05	NaN
6.4036e-05	NaN
6.9978e-05	NaN
7.6243e-05	NaN
8.2834e-05	NaN
8.9756e-05	NaN
9.7013e-05	NaN
0.00010461	NaN
0.00011257	NaN
0.0001209	NaN
0.00012962	NaN
0.00013876	NaN
0.00014832	NaN
0.00015833	NaN
0.0001688	NaN
0.00017974	NaN
0.00019114	NaN
0.000203	NaN
0.00021528	NaN
0.00022798	NaN
0.00024108	NaN
0.00025456	NaN
0.00026841	NaN
0.00028264	NaN
0.00029734	NaN
0.00031262	NaN
0.00032859	NaN
0.00034538	NaN
0.0003631	NaN
0.00038185	NaN
0.00040176	NaN
0.0004229	NaN
0.00044521	NaN
0.00046858	NaN
0.00049288	NaN
0.00051801	NaN
0.00054385	NaN
0.00057029	NaN
0.00059721	NaN
0.00062446	NaN
0.00065165	NaN
0.00067832	NaN
0.00070398	NaN
0.00072818	NaN
0.00075045	NaN
0.00077032	NaN
0.00078732	NaN
0.00080104	NaN
0.0008114	NaN
0.00081845	NaN
0.00082226	NaN
0.00082289	NaN
0.00082039	NaN
0.00081482	NaN
0.00080625	NaN
0.00079476	NaN
0.00078066	NaN
0.00076435	NaN
0.00074626	NaN
0.00072679	NaN
0.00070635	NaN
0.00068535	NaN
0.0006642	NaN
0.0006433	NaN
0.00062286	NaN
0.00060299	NaN
0.0005838	NaN
0.0005654	NaN
0.00054791	NaN
0.00053144	NaN
0.00051611	NaN
0.000502	NaN
0.00048895	NaN
0.00047663	NaN
0.00046471	NaN
0.00045288	NaN
0.00044079	NaN
0.00042812	NaN
0.00041454	NaN
0.00039975	NaN
0.0003837	NaN
0.00036654	NaN
0.00034841	NaN
0.00032946	NaN
0.00030985	NaN
0.00028973	NaN
0.00026924	NaN
0.00024854	NaN
0.00022783	NaN
0.00020732	NaN
0.00018726	NaN
0.00016786	NaN
0.00014935	NaN
0.00013197	NaN
0.00011594	NaN
0.00010149	NaN
8.8654e-05	NaN
7.7328e-05	NaN
6.7387e-05	NaN
5.8709e-05	NaN
5.1171e-05	NaN
4.4651e-05	NaN
3.9027e-05	NaN
3.4177e-05	NaN
3e-05	NaN
2.6415e-05	NaN
2.3343e-05	NaN
2.0707e-05	NaN
1.8426e-05	NaN
1.6423e-05	NaN
1.4618e-05	NaN
1.2933e-05	NaN
1.1327e-05	NaN
9.802e-06	NaN
8.3654e-06	NaN
7.0237e-06	NaN
5.7832e-06	NaN
4.6507e-06	NaN
3.6326e-06	NaN
2.7357e-06	NaN
1.9763e-06	NaN
1.3849e-06	NaN
9.9321e-07	NaN
8.3293e-07	NaN
9.3576e-07	NaN
1.3334e-06	NaN
2.0576e-06	NaN
3.1398e-06	NaN
4.5926e-06	NaN
6.3958e-06	NaN
8.526e-06	NaN
1.096e-05	NaN
1.3674e-05	NaN
1.6645e-05	NaN
1.9849e-05	NaN
2.3263e-05	NaN
2.6857e-05	NaN
3.0587e-05	NaN
3.441e-05	NaN
3.828e-05	NaN
4.2154e-05	NaN
4.5985e-05	NaN
4.973e-05	NaN
5.3344e-05	NaN
5.6793e-05	NaN
6.0067e-05	NaN
6.3158e-05	NaN
6.6061e-05	NaN
6.8769e-05	NaN
7.1275e-05	NaN
7.3573e-05	NaN
7.5656e-05	NaN
7.7505e-05	NaN
7.9065e-05	NaN
8.0275e-05	NaN
8.1073e-05	NaN
8.1399e-05	NaN
8.1192e-05	NaN
8.0391e-05	NaN
7.8935e-05	NaN
7.678e-05	NaN
7.3936e-05	NaN
7.0424e-05	NaN
6.6267e-05	NaN
6.1486e-05	NaN
5.6102e-05	NaN
5.0136e-05	NaN
4.3611e-05	NaN
3.6605e-05	NaN
2.9413e-05	NaN
2.2383e-05	NaN
1.5862e-05	NaN
1.0199e-05	NaN
5.7401e-06	NaN
2.8334e-06	NaN
1.8265e-06	NaN
3.0073e-06	NaN
6.3959e-06	NaN
1.1937e-05	NaN
1.9575e-05	NaN
2.9255e-05	NaN
4.0922e-05	NaN
5.4519e-05	NaN
6.9992e-05	NaN
8.723e-05	NaN
0.00010583	NaN
0.00012527	NaN
0.00014506	NaN
0.0001647	NaN
0.00018366	NaN
0.00020146	NaN
0.00021758	NaN
0.00023158	NaN
0.00024347	NaN
0.0002534	NaN
0.00026155	NaN
0.00026808	NaN
0.00027315	NaN
0.00027694	NaN
0.0002796	NaN
0.00028133	NaN
0.0002825	NaN
0.00028356	NaN
0.00028497	NaN
0.00028719	NaN
0.00029065	NaN
0.00029583	NaN
0.00030317	NaN
0.0003131	NaN
0.00032576	NaN
0.00034113	NaN
0.00035921	NaN
0.00037998	NaN
0.00040343	NaN
0.00042954	NaN
0.00045832	NaN
0.00048977	NaN
0.00052436	NaN
0.00056278	NaN
0.00060576	NaN
0.000654	NaN
0.00070822	NaN
0.00076912	NaN
0.00083742	NaN
0.0009138	NaN
0.00099867	NaN
0.0010922	NaN
0.0011945	NaN
0.0013058	NaN
0.0014262	NaN
0.0015559	NaN
0.0016951	NaN
0.0018439	NaN
0.0020013	NaN
0.0021653	NaN
0.0023342	NaN
0.0025059	NaN
0.0026786	NaN
0.0028503	NaN
0.0030192	NaN
0.0031834	NaN
0.0033418	NaN
0.0034942	NaN
0.0036404	NaN
0.0037803	NaN
0.0039134	NaN
0.0040398	NaN
0.0041591	NaN
0.0042711	NaN
0.0043757	NaN
0.0044724	NaN
0.0045609	NaN
0.004641	NaN
0.0047123	NaN
0.0047745	NaN
0.0048273	NaN
0.0048703	NaN
0.0049031	NaN
0.0049247	NaN
0.0049345	NaN
0.0049315	NaN
0.004915	NaN
0.0048842	NaN
0.0048381	NaN
0.0047761	NaN
0.0046982	NaN
0.0046055	NaN
0.0044994	NaN
0.0043812	NaN
0.0042523	NaN
0.0041139	NaN
0.0039675	NaN
0.0038142	NaN
0.003656	NaN
0.0034951	NaN
0.0033343	NaN
0.0031759	NaN
0.0030226	NaN
0.0028768	NaN
0.0027411	NaN
0.002618	NaN
0.0025092	NaN
0.0024148	NaN
0.0023346	NaN
0.0022686	NaN
0.0022165	NaN
0.0021782	NaN
0.0021536	NaN
0.0021427	NaN
0.0021446	NaN
0.0021576	NaN
0.0021797	NaN
0.002209	NaN
0.0022435	NaN
0.002281	NaN
0.0023198	NaN
0.0023578	NaN
0.0023937	NaN
0.002428	NaN
0.0024616	NaN
0.0024954	NaN
0.0025302	NaN
0.0025668	NaN
0.0026062	NaN
0.0026491	NaN
0.0026971	NaN
0.0027536	NaN
0.0028226	NaN
0.0029079	NaN
0.0030135	NaN
0.0031432	NaN
0.003301	NaN
0.0034907	NaN
0.0037167	NaN
0.0039848	NaN
0.0043014	NaN
0.0046726	NaN
0.0051049	NaN
0.0056044	NaN
0.0061774	NaN
0.0068301	NaN
0.0075717	NaN
0.0084234	NaN
0.0094098	NaN
0.010555	NaN
0.011885	NaN
0.013423	NaN
0.015194	NaN
0.017223	NaN
0.019537	NaN
0.022174	NaN
0.025177	NaN
0.028588	NaN
0.032449	NaN
0.036804	NaN
0.041694	NaN
0.047162	NaN
0.053247	NaN
0.05996	NaN
0.067305	NaN
0.075285	NaN
0.083902	NaN
0.093159	NaN
0.10306	-0.54414
0.11361	-0.54319
0.1248	-0.54082
0.13666	-0.53708
0.1492	-0.5321
0.16244	-0.52597
0.1764	-0.51879
0.1911	-0.51068
0.20655	-0.50172
0.22277	-0.49204
0.23977	-0.48173
0.25754	-0.47084
0.27603	-0.4594
0.29519	-0.44745
0.31498	-0.43501
0.33536	-0.42211
0.35629	-0.40879
0.37771	-0.39507
0.3996	-0.38098
0.42194	-0.36654
0.44474	-0.35175
0.468	-0.33662
0.49173	-0.32116
0.51594	-0.30537
0.54063	-0.28926
0.56582	-0.27283
0.5915	-0.2561
0.61762	-0.23912
0.6441	-0.22197
0.67082	-0.20473
0.69771	-0.18748
0.72467	-0.1703
0.7516	-0.15328
0.7784	-0.13649
0.80499	-0.12003
0.83113	-0.10401
0.8565	-0.088585
0.88078	-0.073918
0.90364	-0.060162
0.92477	-0.047474
0.94382	-0.036008
0.96049	-0.025923
0.97444	-0.01737
0.98548	-0.01045
0.99348	-0.0052155
0.99836	-0.0017156
1	0
0.9983	-0.00011832
0.99316	-0.0021202
0.98447	-0.0060553
0.97213	-0.011974
0.95632	-0.019941
0.93747	-0.030037
0.91603	-0.042345
0.89245	-0.056945
0.86718	-0.07392
0.84069	-0.093352
0.81341	-0.11532
0.7858	-0.13991
0.75814	-0.16705
0.7305	-0.19653
0.70294	-0.22811
0.67551	-0.26155
0.64829	-0.29661
0.62132	-0.33306
0.59466	-0.37067
0.56839	-0.4092
0.54249	-0.44876
0.51691	-0.48994
0.49157	-0.53336
0.4664	-0.57964
0.44132	-0.62941
0.41627	-0.68328
0.39117	-0.74189
0.36594	-0.80584
0.34062	-0.8748
0.31541	-0.94681
0.29052	-1.0198
0.26617	-1.0917
0.24256	-1.1605
0.21991	-1.224
0.19843	-1.2801
0.17835	-1.3269
0.1598	-1.3656
0.14279	-1.4043
0.12731	-1.4517
0.11336	-1.5164
0.10093	-1.6072
0.090021	NaN
0.080617	NaN
0.072714	NaN
0.066265	NaN
0.061131	NaN
0.05716	NaN
0.054201	NaN
0.052102	NaN
0.050712	NaN
0.049879	NaN
0.049452	NaN
0.04931	NaN
0.049415	NaN
0.049742	NaN
0.050265	NaN
0.05096	NaN
0.051801	NaN
0.052763	NaN
0.053821	NaN
0.054945	NaN
0.056091	NaN
0.057213	NaN
0.058264	NaN
0.059196	NaN
0.059963	NaN
0.060519	NaN
0.060816	NaN
0.060817	NaN
0.060516	NaN
0.059917	NaN
0.059021	NaN
0.057832	NaN
0.056351	NaN
0.054581	NaN
0.052525	NaN
0.050194	NaN
0.047636	NaN
0.044912	NaN
0.042079	NaN
0.039199	NaN
0.036329	NaN
0.033529	NaN
0.030857	NaN
0.028368	NaN
0.026077	NaN
0.023991	NaN
0.022116	NaN
0.020459	NaN
0.019026	NaN
0.017824	NaN
0.016858	NaN
0.016132	NaN
0.015625	NaN
0.015309	NaN
0.015155	NaN
0.015134	NaN
0.015219	NaN
0.01538	NaN
0.015589	NaN
0.015818	NaN
0.016046	NaN
0.016254	NaN
0.016423	NaN
0.016534	NaN
0.016569	NaN
0.016508	NaN
0.016334	NaN
0.016028	NaN
0.015596	NaN
0.015052	NaN
0.014409	NaN
0.013682	NaN
0.012885	NaN
0.012033	NaN
0.011139	NaN
0.010219	NaN
0.0092844	NaN
0.0083487	NaN
0.0074244	NaN
0.0065241	NaN
0.0056605	NaN
0.0048462	NaN
0.0040938	NaN
0.0034153	NaN
0.0028148	NaN
0.0022909	NaN
0.0018422	NaN
0.0014672	NaN
0.0011645	NaN
0.00093259	NaN
0.00076999	NaN
0.0006752	NaN
0.00064561	NaN
0.00067776	NaN
0.00076816	NaN
0.00091333	NaN
0.0011098	NaN
0.0013541	NaN
0.0016427	NaN
0.001972	NaN
0.0023373	NaN
0.0027323	NaN
0.0031509	NaN
0.003587	NaN
0.0040344	NaN
0.0044869	NaN
0.0049384	NaN
0.0053828	NaN
0.005815	NaN
0.0062314	NaN
0.006628	NaN
0.0070013	NaN
0.0073473	NaN
0.0076625	NaN
0.007943	NaN
0.0081851	NaN
0.0083875	NaN
0.0085514	NaN
0.0086784	NaN
0.00877	NaN
0.0088275	NaN
0.0088526	NaN
0.0088466	NaN
0.0088112	NaN
0.0087483	NaN
0.0086609	NaN
0.0085518	NaN
0.0084239	NaN
0.0082802	NaN
0.0081236	NaN
0.0079571	NaN
0.0077834	NaN
0.0076049	NaN
0.0074229	NaN
0.0072386	NaN
0.0070532	NaN
0.0068678	NaN
0.0066838	NaN
0.0065022	NaN
0.0063242	NaN
0.0061508	NaN
0.0059823	NaN
0.005819	NaN
0.0056611	NaN
0.0055088	NaN
0.0053626	NaN
0.0052225	NaN
0.0050889	NaN
0.0049619	NaN
0.0048409	NaN
0.0047256	NaN
0.0046153	NaN
0.0045096	NaN
0.0044079	NaN
0.0043099	NaN
0.0042148	NaN
0.0041225	NaN
0.0040327	NaN
0.0039455	NaN
0.0038608	NaN
0.0037787	NaN
0.0036991	NaN
0.0036219	NaN
0.0035471	NaN
0.0034748	NaN
0.0034053	NaN
0.0033388	NaN
0.0032755	NaN
0.0032159	NaN
0.0031601	NaN
0.0031084	NaN
0.0030613	NaN
0.0030186	NaN
0.0029802	NaN
0.0029454	NaN
0.0029138	NaN
0.0028848	NaN
0.0028579	NaN
0.0028326	NaN
0.0028084	NaN
0.0027849	NaN
0.0027628	NaN
0.0027427	NaN
0.0027255	NaN
0.002712	NaN
0.002703	NaN
0.0026991	NaN
0.0027013	NaN
0.0027102	NaN
0.0027262	NaN
0.0027495	NaN
0.0027803	NaN
0.0028191	NaN
0.0028658	NaN
0.002921	NaN
0.0029847	NaN
0.0030571	NaN
0.0031376	NaN
0.0032255	NaN
0.0033199	NaN
0.00342	NaN
0.0035249	NaN
0.003634	NaN
0.0037462	NaN
0.0038608	NaN
0.0039759	NaN
0.0040897	NaN
0.0041999	NaN
0.0043047	NaN
0.004402	NaN
0.0044897	NaN
0.0045659	NaN
0.0046285	NaN
0.0046765	NaN
0.004709	NaN
0.0047254	NaN
0.0047248	NaN
0.0047065	NaN
0.0046697	NaN
0.0046137	NaN
0.0045379	NaN
0.0044432	NaN
0.0043311	NaN
0.0042035	NaN
0.0040621	NaN
0.0039085	NaN
0.0037445	NaN
0.0035718	NaN
0.0033921	NaN
0.0032072	NaN
0.0030192	NaN
0.0028299	NaN
0.0026412	NaN
0.0024551	NaN
0.0022735	NaN
0.0020984	NaN
0.0019315	NaN
0.0017738	NaN
0.0016251	NaN
0.0014856	NaN
0.0013551	NaN
0.0012337	NaN
0.0011214	NaN
0.0010181	NaN
0.00092379	NaN
0.00083838	NaN
0.0007616	NaN
0.00069318	NaN
0.00063287	NaN
0.00058041	NaN
0.00053555	NaN
0.00049803	NaN
0.00046758	NaN
0.00044371	NaN
0.00042571	NaN
0.00041283	NaN
0.00040435	NaN
0.00039953	NaN
0.00039764	NaN
0.00039794	NaN
0.00039971	NaN
0.00040236	NaN
0.00040546	NaN
0.0004086	NaN
0.00041136	NaN
0.00041333	NaN
0.00041409	NaN
0.00041323	NaN
0.00041033	NaN
0.00040522	NaN
0.00039803	NaN
0.00038892	NaN
0.00037804	NaN
0.00036554	NaN
0.00035159	NaN
0.00033634	NaN
0.00031995	NaN
0.00030257	NaN
0.00028438	NaN
0.00026553	NaN
0.00024618	NaN
0.00022652	NaN
0.00020669	NaN
0.00018687	NaN
0.00016721	NaN
0.0001479	NaN
0.00012913	NaN
0.00011111	NaN
9.4033e-05	NaN
7.8098e-05	NaN
6.3508e-05	NaN
5.0463e-05	NaN
3.9162e-05	NaN
2.9696e-05	NaN
2.192e-05	NaN
1.5658e-05	NaN
1.0735e-05	NaN
6.974e-06	NaN
4.1999e-06	NaN
2.2369e-06	NaN
9.0941e-07	NaN
7.3399e-08	NaN
3.3536e-07	NaN
3.6876e-07	NaN
7.8722e-08	NaN
4.8287e-07	NaN
1.2641e-06	NaN
2.2131e-06	NaN
3.2779e-06	NaN
4.4126e-06	NaN
5.5888e-06	NaN
6.781e-06	NaN
7.9641e-06	NaN
9.1129e-06	NaN
1.0202e-05	NaN
1.1206e-05	NaN
1.21e-05	NaN
1.2864e-05	NaN
1.3495e-05	NaN
1.3997e-05	NaN
1.437e-05	NaN
1.4617e-05	NaN
1.474e-05	NaN
1.474e-05	NaN
1.4621e-05	NaN
1.4385e-05	NaN
1.4048e-05	NaN
1.3623e-05	NaN
1.3129e-05	NaN
1.2579e-05	NaN
1.1992e-05	NaN
1.1381e-05	NaN
1.0763e-05	NaN
1.0153e-05	NaN
9.5524e-06	NaN
8.9633e-06	NaN
8.3855e-06	NaN
7.8195e-06	NaN
7.2659e-06	NaN
6.725e-06	NaN
6.1973e-06	NaN
5.6837e-06	NaN
5.188e-06	NaN
4.7147e-06	NaN
4.2685e-06	NaN
3.8541e-06	NaN
3.4762e-06	NaN
3.1395e-06	NaN
2.8485e-06	NaN
2.6072e-06	NaN
2.4145e-06	NaN
2.2672e-06	NaN
2.1621e-06	NaN
2.096e-06	NaN
2.0656e-06	NaN
2.0677e-06	NaN
2.0992e-06	NaN
2.1565e-06	NaN
2.2333e-06	NaN
2.3219e-06	NaN
2.4148e-06	NaN
2.5042e-06	NaN
2.5826e-06	NaN
2.6423e-06	NaN
2.6757e-06	NaN
2.6762e-06	NaN
2.6464e-06	NaN
2.5944e-06	NaN
2.5284e-06	NaN
2.4566e-06	NaN
2.387e-06	NaN
2.3279e-06	NaN
2.2873e-06	NaN
2.2726e-06	NaN
2.2826e-06	NaN
2.3104e-06	NaN
2.3488e-06	NaN
2.391e-06	NaN
2.4298e-06	NaN
2.4583e-06	NaN
2.4693e-06	NaN
2.4563e-06	NaN
2.4181e-06	NaN
2.3579e-06	NaN
2.2787e-06	NaN
2.1839e-06	NaN
2.0765e-06	NaN
1.9599e-06	NaN
1.8371e-06	NaN
1.7113e-06	NaN
1.5852e-06	NaN
1.4609e-06	NaN
1.3403e-06	NaN
1.2255e-06	NaN
1.1188e-06	NaN
1.022e-06	NaN
9.3729e-07	NaN
8.6668e-07	NaN
8.1014e-07	NaN
7.6568e-07	NaN
7.312e-07	NaN
7.0462e-07	NaN
6.8385e-07	NaN
6.668e-07	NaN
6.5138e-07	NaN
6.3553e-07	NaN
6.1831e-07	NaN
6.0005e-07	NaN
5.8115e-07	NaN
5.6202e-07	NaN
5.4307e-07	NaN
5.2471e-07	NaN
5.0734e-07	NaN
4.9136e-07	NaN
4.7689e-07	NaN
4.6364e-07	NaN
4.5131e-07	NaN
4.3961e-07	NaN
4.2821e-07	NaN
4.1683e-07	NaN
4.0515e-07	NaN
3.9287e-07	NaN
3.8e-07	NaN
3.67e-07	NaN
3.5438e-07	NaN
3.4265e-07	NaN
3.3231e-07	NaN
3.2387e-07	NaN
3.1784e-07	NaN
3.1472e-07	NaN
3.145e-07	NaN
3.1622e-07	NaN
3.1884e-07	NaN
3.2129e-07	NaN
3.2254e-07	NaN
3.2152e-07	NaN
3.1719e-07	NaN
3.085e-07	NaN
2.95e-07	NaN
2.775e-07	NaN
2.5696e-07	NaN
2.3437e-07	NaN
2.1067e-07	NaN
1.8685e-07	NaN
1.6388e-07	NaN
1.4271e-07	NaN
1.2441e-07	NaN
1.1021e-07	NaN
1.0138e-07	NaN
9.9211e-08	NaN
1.0496e-07	NaN
1.1991e-07	NaN
1.4533e-07	NaN
1.8249e-07	NaN
2.3178e-07	NaN
2.9105e-07	NaN
3.5769e-07	NaN
4.2907e-07	NaN
5.0259e-07	NaN
5.7563e-07	NaN
6.4558e-07	NaN
7.0982e-07	NaN
7.6576e-07	NaN
8.1076e-07	NaN
8.4222e-07	NaN
8.5752e-07	NaN
8.5406e-07	NaN
8.2921e-07	NaN
7.8037e-07	NaN
7.0492e-07	NaN
1.1353e-07	NaN
