1.3634e-07	NaN
2.4548e-08	NaN
2.2599e-08	NaN
2.0385e-08	NaN
1.8016e-08	NaN
1.5603e-08	NaN
1.3256e-08	NaN
1.1085e-08	NaN
9.2017e-09	NaN
7.7156e-09	NaN
6.7375e-09	NaN
6.3777e-09	NaN
6.7467e-09	NaN
7.955e-09	NaN
1.0113e-08	NaN
1.3331e-08	NaN
1.772e-08	NaN
2.339e-08	NaN
3.0378e-08	NaN
3.8309e-08	NaN
4.6667e-08	NaN
5.4935e-08	NaN
6.2595e-08	NaN
6.9131e-08	NaN
7.4025e-08	NaN
7.6761e-08	NaN
7.6925e-08	NaN
7.4781e-08	NaN
7.0875e-08	NaN
6.5748e-08	NaN
5.9944e-08	NaN
5.4008e-08	NaN
4.8483e-08	NaN
4.3911e-08	NaN
4.0813e-08	NaN
3.951e-08	NaN
4.0232e-08	NaN
4.3208e-08	NaN
4.8666e-08	NaN
5.6835e-08	NaN
6.7945e-08	NaN
8.2223e-08	NaN
9.9825e-08	NaN
1.202e-07	NaN
1.4242e-07	NaN
1.6554e-07	NaN
1.8862e-07	NaN
2.1073e-07	NaN
2.3091e-07	NaN
2.4824e-07	NaN
2.6182e-07	NaN
2.7131e-07	NaN
2.7674e-07	NaN
2.7814e-07	NaN
2.7552e-07	NaN
2.6892e-07	NaN
2.5836e-07	NaN
2.4386e-07	NaN
2.255e-07	NaN
2.0386e-07	NaN
1.799e-07	NaN
1.5461e-07	NaN
1.2897e-07	NaN
1.0396e-07	NaN
8.0566e-08	NaN
5.9759e-08	NaN
4.2489e-08	NaN
2.9069e-08	NaN
1.927e-08	NaN
1.2847e-08	NaN
9.5543e-09	NaN
9.1454e-09	NaN
1.1375e-08	NaN
1.5996e-08	NaN
2.2765e-08	NaN
3.1444e-08	NaN
4.1802e-08	NaN
5.3613e-08	NaN
6.6646e-08	NaN
8.0674e-08	NaN
9.5466e-08	NaN
1.108e-07	NaN
1.2643e-07	NaN
1.4221e-07	NaN
1.5803e-07	NaN
1.7378e-07	NaN
1.8938e-07	NaN
2.0472e-07	NaN
2.197e-07	NaN
2.3422e-07	NaN
2.4818e-07	NaN
2.6146e-07	NaN
2.7387e-07	NaN
2.8523e-07	NaN
2.9538e-07	NaN
3.0412e-07	NaN
3.1129e-07	NaN
3.1669e-07	NaN
3.2016e-07	NaN
3.2198e-07	NaN
3.231e-07	NaN
3.2454e-07	NaN
3.2729e-07	NaN
3.3239e-07	NaN
3.4083e-07	NaN
3.5364e-07	NaN
3.7181e-07	NaN
3.9516e-07	NaN
4.2141e-07	NaN
4.4805e-07	NaN
4.7261e-07	NaN
4.9257e-07	NaN
5.0545e-07	NaN
5.0874e-07	NaN
4.9997e-07	NaN
4.7821e-07	NaN
4.4575e-07	NaN
4.0531e-07	NaN
3.5958e-07	NaN
3.1126e-07	NaN
2.6305e-07	NaN
2.1765e-07	NaN
1.7776e-07	NaN
1.4842e-07	NaN
1.4025e-07	NaN
1.6472e-07	NaN
2.3327e-07	NaN
3.5736e-07	NaN
5.4844e-07	NaN
8.1797e-07	NaN
1.1774e-06	NaN
1.6306e-06	NaN
2.1599e-06	NaN
2.7442e-06	NaN
3.3621e-06	NaN
3.9923e-06	NaN
4.6135e-06	NaN
5.2044e-06	NaN
5.7437e-06	NaN
6.2137e-06	NaN
6.608e-06	NaN
6.9226e-06	NaN
7.1537e-06	NaN
7.2973e-06	NaN
7.3495e-06	NaN
7.3064e-06	NaN
7.164e-06	NaN
6.924e-06	NaN
6.6098e-06	NaN
6.2502e-06	NaN
5.8739e-06	NaN
5.5096e-06	NaN
5.1862e-06	NaN
4.9323e-06	NaN
4.7767e-06	NaN
4.7472e-06	NaN
4.8667e-06	NaN
5.1568e-06	NaN
5.6392e-06	NaN
6.3355e-06	NaN
7.2672e-06	NaN
8.4561e-06	NaN
9.9238e-06	NaN
1.1682e-05	NaN
1.3687e-05	NaN
1.5879e-05	NaN
1.8196e-05	NaN
2.0577e-05	NaN
2.2961e-05	NaN
2.5286e-05	NaN
2.749e-05	NaN
2.9521e-05	NaN
3.1365e-05	NaN
3.3027e-05	NaN
3.4513e-05	NaN
3.5828e-05	NaN
3.6976e-05	NaN
3.7963e-05	NaN
3.8795e-05	NaN
3.9478e-05	NaN
4.0042e-05	NaN
4.0526e-05	NaN
4.0969e-05	NaN
4.141e-05	NaN
4.1889e-05	NaN
4.2444e-05	NaN
4.3114e-05	NaN
4.3936e-05	NaN
4.4919e-05	NaN
4.6058e-05	NaN
4.7347e-05	NaN
4.8782e-05	NaN
5.0356e-05	NaN
5.2064e-05	NaN
5.3901e-05	NaN
5.5859e-05	NaN
5.7889e-05	NaN
5.9918e-05	NaN
6.1875e-05	NaN
6.3686e-05	NaN
6.5278e-05	NaN
6.6579e-05	NaN
6.7516e-05	NaN
6.8019e-05	NaN
6.8055e-05	NaN
6.762e-05	NaN
6.6711e-05	NaN
6.5322e-05	NaN
6.345e-05	NaN
6.1091e-05	NaN
5.8241e-05	NaN
5.4899e-05	NaN
5.1119e-05	NaN
4.7005e-05	NaN
4.2657e-05	NaN
3.818e-05	NaN
3.3676e-05	NaN
2.9249e-05	NaN
2.5e-05	NaN
2.1032e-05	NaN
1.7397e-05	NaN
1.4102e-05	NaN
1.1152e-05	NaN
8.5533e-06	NaN
6.3096e-06	NaN
4.4265e-06	NaN
2.9091e-06	NaN
1.7617e-06	NaN
9.6225e-07	NaN
4.5979e-07	NaN
2.0166e-07	NaN
1.3524e-07	NaN
2.0792e-07	NaN
3.6706e-07	NaN
5.6006e-07	NaN
7.3498e-07	NaN
8.6668e-07	NaN
9.647e-07	NaN
1.0408e-06	NaN
1.1069e-06	NaN
1.1748e-06	NaN
1.2563e-06	NaN
1.3632e-06	NaN
1.5073e-06	NaN
1.6998e-06	NaN
1.951e-06	NaN
2.271e-06	NaN
2.6701e-06	NaN
3.1583e-06	NaN
3.7459e-06	NaN
4.4431e-06	NaN
5.2598e-06	NaN
6.1974e-06	NaN
7.2419e-06	NaN
8.3776e-06	NaN
9.5891e-06	NaN
1.0861e-05	NaN
1.2177e-05	NaN
1.3522e-05	NaN
1.4881e-05	NaN
1.6247e-05	NaN
1.763e-05	NaN
1.9044e-05	NaN
2.0501e-05	NaN
2.2015e-05	NaN
2.3597e-05	NaN
2.5262e-05	NaN
2.7021e-05	NaN
2.8878e-05	NaN
3.0813e-05	NaN
3.2803e-05	NaN
3.4824e-05	NaN
3.6854e-05	NaN
3.8867e-05	NaN
4.0843e-05	NaN
4.2756e-05	NaN
4.4599e-05	NaN
4.6397e-05	NaN
4.8186e-05	NaN
5e-05	NaN
5.1873e-05	NaN
5.384e-05	NaN
5.5934e-05	NaN
5.819e-05	NaN
6.0661e-05	NaN
6.3455e-05	NaN
6.6697e-05	NaN
7.0506e-05	NaN
7.5007e-05	NaN
8.032e-05	NaN
8.6567e-05	NaN
9.3872e-05	NaN
0.00010233	NaN
0.00011198	NaN
0.00012283	NaN
0.00013487	NaN
0.00014812	NaN
0.00016259	NaN
0.00017829	NaN
0.00019523	NaN
0.00021342	NaN
0.00023301	NaN
0.00025412	NaN
0.00027691	NaN
0.00030152	NaN
0.0003281	NaN
0.0003568	NaN
0.00038777	NaN
0.00042126	NaN
0.00045818	NaN
0.00049966	NaN
0.00054679	NaN
0.0006007	NaN
0.0006625	NaN
0.00073331	NaN
0.00081424	NaN
0.00090632	NaN
0.0010101	NaN
0.001126	NaN
0.0012544	NaN
0.0013956	NaN
0.00155	NaN
0.001718	NaN
0.0019	NaN
0.0020962	NaN
0.0023057	NaN
0.0025271	NaN
0.002759	NaN
0.003	NaN
0.0032487	NaN
0.0035038	NaN
0.0037639	NaN
0.0040274	NaN
0.0042924	NaN
0.0045565	NaN
0.0048176	NaN
0.0050732	NaN
0.005321	NaN
0.0055589	NaN
0.0057844	NaN
0.0059954	NaN
0.0061915	NaN
0.0063733	NaN
0.0065415	NaN
0.0066966	NaN
0.0068394	NaN
0.0069704	NaN
0.0070903	NaN
0.0071997	NaN
0.0072989	NaN
0.0073879	NaN
0.0074666	NaN
0.0075351	NaN
0.0075933	NaN
0.0076414	NaN
0.0076792	NaN
0.0077067	NaN
0.0077223	NaN
0.0077234	NaN
0.0077072	NaN
0.007671	NaN
0.007612	NaN
0.0075275	NaN
0.0074148	NaN
0.0072712	NaN
0.0070966	NaN
0.0068934	NaN
0.006664	NaN
0.0064107	NaN
0.006136	NaN
0.0058424	NaN
0.0055321	NaN
0.0052076	NaN
0.0048723	NaN
0.0045302	NaN
0.0041855	NaN
0.0038425	NaN
0.0035053	NaN
0.0031782	NaN
0.0028652	NaN
0.0025707	NaN
0.002297	NaN
0.0020448	NaN
0.0018143	NaN
0.0016061	NaN
0.0014203	NaN
0.0012575	NaN
0.0011179	NaN
0.001002	NaN
0.00090897	NaN
0.00083674	NaN
0.00078295	NaN
0.00074531	NaN
0.0007215	NaN
0.00070921	NaN
0.00070614	NaN
0.00070998	NaN
0.00071882	NaN
0.00073144	NaN
0.00074667	NaN
0.00076337	NaN
0.00078036	NaN
0.0007965	NaN
0.00081061	NaN
0.00082154	NaN
0.0008284	NaN
0.00083083	NaN
0.00082852	NaN
0.00082119	NaN
0.00080853	NaN
0.00079024	NaN
0.00076603	NaN
0.00073559	NaN
0.00069901	NaN
0.00065727	NaN
0.00061146	NaN
0.00056267	NaN
0.00051201	NaN
0.00046057	NaN
0.00040944	NaN
0.00035973	NaN
0.00031256	NaN
0.00026918	NaN
0.00023084	NaN
0.00019881	NaN
0.00017434	NaN
0.00015868	NaN
0.00015311	NaN
0.00015887	NaN
0.00017688	NaN
0.000207	NaN
0.00024886	NaN
0.0003021	NaN
0.00036637	NaN
0.0004413	NaN
0.00052653	NaN
0.0006217	NaN
0.00072793	NaN
0.00085183	NaN
0.0010013	NaN
0.0011842	NaN
0.0014085	NaN
0.0016821	NaN
0.0020128	NaN
0.0024086	NaN
0.0028811	NaN
0.0034585	NaN
0.0041735	NaN
0.0050588	NaN
0.0061471	NaN
0.0074712	NaN
0.0090637	NaN
0.010957	NaN
0.013182	NaN
0.015754	NaN
0.018685	NaN
0.021986	NaN
0.025668	NaN
0.029743	NaN
0.034223	NaN
0.039119	NaN
0.044452	NaN
0.050303	NaN
0.056777	NaN
0.063977	NaN
0.072007	NaN
0.080972	NaN
0.090976	NaN
0.10212	-0.59892
0.11451	-0.5889
0.12819	-0.5781
0.14321	-0.56677
0.15961	-0.55511
0.17741	-0.54335
0.19666	-0.53172
0.21739	-0.52044
0.23965	-0.50973
0.26344	-0.49979
0.28857	-0.49052
0.31474	-0.48167
0.34165	-0.47299
0.36899	-0.46422
0.39646	-0.45512
0.42376	-0.44545
0.45058	-0.43494
0.47664	-0.42336
0.50191	-0.41062
0.5265	-0.39672
0.55052	-0.38166
0.57409	-0.36543
0.59732	-0.34803
0.62032	-0.32946
0.64321	-0.30972
0.66609	-0.28882
0.68902	-0.26694
0.71199	-0.2444
0.73501	-0.22151
0.75808	-0.19858
0.78119	-0.17593
0.80435	-0.15386
0.82756	-0.13269
0.85081	-0.11273
0.87385	-0.094138
0.89623	-0.076997
0.91751	-0.061373
0.93724	-0.047333
0.95498	-0.034943
0.97029	-0.024272
0.98271	-0.015388
0.99182	-0.0083559
0.99751	-0.0032196
1	0
0.99951	0.0012827
0.99625	0.0006082
0.99044	-0.0020437
0.98231	-0.0066931
0.97208	-0.01336
0.95996	-0.022067
0.94615	-0.032853
0.93083	-0.045783
0.91418	-0.06092
0.89636	-0.07833
0.87757	-0.098075
0.85796	-0.12022
0.83773	-0.14483
0.81703	-0.17197
0.79594	-0.20154
0.77438	-0.23328
0.75227	-0.26691
0.72953	-0.30215
0.70608	-0.33871
0.68183	-0.37631
0.65671	-0.41468
0.63064	-0.45354
0.60362	-0.49295
0.5758	-0.53348
0.54733	-0.57574
0.51836	-0.62031
0.48904	-0.66779
0.45953	-0.7188
0.42996	-0.77392
0.40051	-0.83374
0.37132	-0.89783
0.34258	-0.96409
0.31448	-1.0302
0.2872	-1.094
0.26093	-1.1531
0.23585	-1.2052
0.21214	-1.2482
0.19	-1.2797
0.16953	-1.3012
0.15075	-1.3213
0.13364	-1.3493
0.11819	-1.3947
0.10437	-1.4668
0.092196	NaN
0.081635	NaN
0.072679	NaN
0.065285	NaN
0.059343	NaN
0.054733	NaN
0.051336	NaN
0.049031	NaN
0.0477	NaN
0.047222	NaN
0.047479	NaN
0.048359	NaN
0.049777	NaN
0.051655	NaN
0.053909	NaN
0.056461	NaN
0.059228	NaN
0.06213	NaN
0.065087	NaN
0.068023	NaN
0.070882	NaN
0.07361	NaN
0.076154	NaN
0.078461	NaN
0.080478	NaN
0.082151	NaN
0.083427	NaN
0.084264	NaN
0.084654	NaN
0.084602	NaN
0.084111	NaN
0.083182	NaN
0.081819	NaN
0.080026	NaN
0.077804	NaN
0.075164	NaN
0.072148	NaN
0.068804	NaN
0.065183	NaN
0.061334	NaN
0.057307	NaN
0.053151	NaN
0.048916	NaN
0.044651	NaN
0.040408	NaN
0.036236	NaN
0.032185	NaN
0.028306	NaN
0.02465	NaN
0.021266	NaN
0.018206	NaN
0.015512	NaN
0.013185	NaN
0.011208	NaN
0.0095668	NaN
0.0082452	NaN
0.0072273	NaN
0.0064976	NaN
0.0060403	NaN
0.0058379	NaN
0.0058606	NaN
0.0060728	NaN
0.0064393	NaN
0.0069244	NaN
0.0074929	NaN
0.0081092	NaN
0.008738	NaN
0.0093456	NaN
0.0099126	NaN
0.010427	NaN
0.010878	NaN
0.011253	NaN
0.011539	NaN
0.011727	NaN
0.011803	NaN
0.011757	NaN
0.011592	NaN
0.011318	NaN
0.010947	NaN
0.010489	NaN
0.0099542	NaN
0.0093542	NaN
0.0086992	NaN
0.0080003	NaN
0.0072699	NaN
0.0065215	NaN
0.0057688	NaN
0.0050253	NaN
0.0043048	NaN
0.0036207	NaN
0.0029867	NaN
0.0024158	NaN
0.0019128	NaN
0.0014758	NaN
0.0011027	NaN
0.00079162	NaN
0.00054038	NaN
0.00034698	NaN
0.00020937	NaN
0.0001254	NaN
9.0906e-05	NaN
9.9819e-05	NaN
0.00014603	NaN
0.00022341	NaN
0.00032586	NaN
0.00044724	NaN
0.00058145	NaN
0.00072245	NaN
0.00086642	NaN
0.0010119	NaN
0.0011574	NaN
0.0013016	NaN
0.0014431	NaN
0.0015806	NaN
0.0017125	NaN
0.0018376	NaN
0.0019555	NaN
0.0020668	NaN
0.0021723	NaN
0.0022729	NaN
0.0023692	NaN
0.0024621	NaN
0.0025523	NaN
0.0026406	NaN
0.0027274	NaN
0.0028125	NaN
0.0028954	NaN
0.002976	NaN
0.003054	NaN
0.0031291	NaN
0.0032011	NaN
0.0032695	NaN
0.0033344	NaN
0.0033957	NaN
0.0034536	NaN
0.0035083	NaN
0.0035596	NaN
0.0036079	NaN
0.0036532	NaN
0.0036955	NaN
0.003735	NaN
0.0037714	NaN
0.0038047	NaN
0.0038347	NaN
0.0038612	NaN
0.0038841	NaN
0.0039033	NaN
0.0039186	NaN
0.0039298	NaN
0.0039368	NaN
0.0039392	NaN
0.0039369	NaN
0.0039296	NaN
0.003917	NaN
0.0038991	NaN
0.0038755	NaN
0.0038461	NaN
0.0038114	NaN
0.0037719	NaN
0.0037279	NaN
0.0036801	NaN
0.0036288	NaN
0.0035746	NaN
0.0035178	NaN
0.0034592	NaN
0.0033999	NaN
0.0033412	NaN
0.0032842	NaN
0.0032303	NaN
0.0031806	NaN
0.0031364	NaN
0.003099	NaN
0.0030693	NaN
0.0030478	NaN
0.0030344	NaN
0.0030295	NaN
0.003033	NaN
0.0030451	NaN
0.003066	NaN
0.0030957	NaN
0.0031344	NaN
0.0031815	NaN
0.0032364	NaN
0.0032985	NaN
0.0033673	NaN
0.003442	NaN
0.0035221	NaN
0.0036069	NaN
0.003696	NaN
0.0037887	NaN
0.0038845	NaN
0.0039829	NaN
0.0040834	NaN
0.0041855	NaN
0.0042887	NaN
0.0043925	NaN
0.0044961	NaN
0.0045983	NaN
0.0046975	NaN
0.004792	NaN
0.0048803	NaN
0.0049606	NaN
0.0050314	NaN
0.0050911	NaN
0.0051382	NaN
0.0051725	NaN
0.0051939	NaN
0.0052029	NaN
0.0051994	NaN
0.0051836	NaN
0.0051558	NaN
0.0051161	NaN
0.0050647	NaN
0.0050024	NaN
0.0049299	NaN
0.0048484	NaN
0.0047587	NaN
0.0046618	NaN
0.0045585	NaN
0.00445	NaN
0.0043369	NaN
0.0042195	NaN
0.0040975	NaN
0.0039705	NaN
0.0038384	NaN
0.0037009	NaN
0.0035576	NaN
0.0034083	NaN
0.0032528	NaN
0.0030916	NaN
0.0029258	NaN
0.0027564	NaN
0.0025845	NaN
0.0024112	NaN
0.0022375	NaN
0.0020646	NaN
0.0018934	NaN
0.001725	NaN
0.0015606	NaN
0.001401	NaN
0.0012475	NaN
0.001101	NaN
0.00096264	NaN
0.00083341	NaN
0.00071436	NaN
0.00060607	NaN
0.00050871	NaN
0.00042242	NaN
0.00034734	NaN
0.00028364	NaN
0.00023146	NaN
0.00019094	NaN
0.00016223	NaN
0.00014518	NaN
0.00013934	NaN
0.00014426	NaN
0.00015947	NaN
0.00018452	NaN
0.00021895	NaN
0.0002623	NaN
0.00031411	NaN
0.00037373	NaN
0.0004403	NaN
0.00051293	NaN
0.00059074	NaN
0.00067286	NaN
0.0007584	NaN
0.00084649	NaN
0.00093624	NaN
0.0010267	NaN
0.0011167	NaN
0.0012051	NaN
0.001291	NaN
0.001373	NaN
0.0014501	NaN
0.0015212	NaN
0.0015852	NaN
0.0016411	NaN
0.0016885	NaN
0.0017268	NaN
0.0017556	NaN
0.0017743	NaN
0.0017824	NaN
0.0017795	NaN
0.001765	NaN
0.001739	NaN
0.0017023	NaN
0.0016559	NaN
0.0016009	NaN
0.0015383	NaN
0.001469	NaN
0.0013941	NaN
0.0013146	NaN
0.0012315	NaN
0.001146	NaN
0.0010595	NaN
0.00097295	NaN
0.00088771	NaN
0.00080497	NaN
0.00072593	NaN
0.00065182	NaN
0.00058349	NaN
0.00052092	NaN
0.00046396	NaN
0.00041244	NaN
0.00036622	NaN
0.00032513	NaN
0.00028902	NaN
0.00025773	NaN
0.00023103	NaN
0.00020848	NaN
0.00018959	NaN
0.00017389	NaN
0.00016088	NaN
0.00015008	NaN
0.000141	NaN
0.00013318	NaN
0.00012618	NaN
0.00011984	NaN
0.00011406	NaN
0.00010871	NaN
0.00010369	NaN
9.8885e-05	NaN
9.4175e-05	NaN
8.945e-05	NaN
8.4622e-05	NaN
7.9708e-05	NaN
7.4751e-05	NaN
6.9794e-05	NaN
6.4879e-05	NaN
6.0048e-05	NaN
5.5346e-05	NaN
5.0814e-05	NaN
4.649e-05	NaN
4.2388e-05	NaN
3.8512e-05	NaN
3.4868e-05	NaN
3.1462e-05	NaN
2.8299e-05	NaN
2.5384e-05	NaN
2.2722e-05	NaN
2.0318e-05	NaN
1.8164e-05	NaN
1.625e-05	NaN
1.4565e-05	NaN
1.3099e-05	NaN
1.1841e-05	NaN
1.078e-05	NaN
9.9066e-06	NaN
9.2074e-06	NaN
8.66e-06	NaN
8.2372e-06	NaN
7.9117e-06	NaN
7.6561e-06	NaN
7.4433e-06	NaN
7.246e-06	NaN
7.0368e-06	NaN
6.7912e-06	NaN
6.5067e-06	NaN
6.1914e-06	NaN
5.8536e-06	NaN
5.5016e-06	NaN
5.1435e-06	NaN
4.7876e-06	NaN
4.4422e-06	NaN
4.115e-06	NaN
3.8098e-06	NaN
3.5281e-06	NaN
3.2713e-06	NaN
3.0408e-06	NaN
2.8379e-06	NaN
2.6642e-06	NaN
2.5211e-06	NaN
2.4096e-06	NaN
2.3261e-06	NaN
2.2642e-06	NaN
2.2175e-06	NaN
2.1793e-06	NaN
2.1432e-06	NaN
2.1027e-06	NaN
2.0512e-06	NaN
1.9826e-06	NaN
1.8965e-06	NaN
1.797e-06	NaN
1.6883e-06	NaN
1.5744e-06	NaN
1.4595e-06	NaN
1.3477e-06	NaN
1.2431e-06	NaN
1.1498e-06	NaN
1.0689e-06	NaN
9.9888e-07	NaN
9.3837e-07	NaN
8.8588e-07	NaN
8.3993e-07	NaN
7.9905e-07	NaN
7.6177e-07	NaN
7.2664e-07	NaN
6.9274e-07	NaN
6.5973e-07	NaN
6.2726e-07	NaN
5.9499e-07	NaN
5.626e-07	NaN
5.2973e-07	NaN
4.9606e-07	NaN
4.6127e-07	NaN
4.2542e-07	NaN
3.8907e-07	NaN
3.5277e-07	NaN
3.171e-07	NaN
2.8263e-07	NaN
2.4993e-07	NaN
2.1956e-07	NaN
1.9208e-07	NaN
1.6773e-07	NaN
1.4629e-07	NaN
1.2752e-07	NaN
1.1115e-07	NaN
9.6953e-08	NaN
8.4671e-08	NaN
7.4058e-08	NaN
6.4867e-08	NaN
5.6882e-08	NaN
4.9938e-08	NaN
4.3875e-08	NaN
3.853e-08	NaN
3.3743e-08	NaN
2.9354e-08	NaN
2.52e-08	NaN
2.1124e-08	NaN
1.7191e-08	NaN
1.3876e-08	NaN
1.1695e-08	NaN
1.1165e-08	NaN
1.2803e-08	NaN
1.7125e-08	NaN
2.4648e-08	NaN
3.5888e-08	NaN
5.1218e-08	NaN
7.0707e-08	NaN
9.4387e-08	NaN
1.2229e-07	NaN
1.5445e-07	NaN
1.9089e-07	NaN
2.3166e-07	NaN
2.7677e-07	NaN
3.2571e-07	NaN
3.766e-07	NaN
4.2736e-07	NaN
4.7589e-07	NaN
5.2013e-07	NaN
5.5798e-07	NaN
5.8736e-07	NaN
6.0618e-07	NaN
6.1314e-07	NaN
6.0915e-07	NaN
5.9552e-07	NaN
5.7355e-07	NaN
5.4455e-07	NaN
5.0984e-07	NaN
4.7072e-07	NaN
4.285e-07	NaN
3.8449e-07	NaN
3.4001e-07	NaN
2.9635e-07	NaN
2.5483e-07	NaN
2.1677e-07	NaN
1.8345e-07	NaN
1.5621e-07	NaN
