4.1983e-08	NaN
5.8052e-08	NaN
7.4684e-08	NaN
9.1516e-08	NaN
1.0819e-07	NaN
1.2434e-07	NaN
1.396e-07	NaN
1.5363e-07	NaN
1.6604e-07	NaN
1.7649e-07	NaN
1.8461e-07	NaN
1.9004e-07	NaN
1.9242e-07	NaN
1.9139e-07	NaN
1.8658e-07	NaN
1.7764e-07	NaN
1.6437e-07	NaN
1.475e-07	NaN
1.2808e-07	NaN
1.0717e-07	NaN
8.5818e-08	NaN
6.508e-08	NaN
4.6007e-08	NaN
2.9653e-08	NaN
1.6994e-08	NaN
8.4987e-09	NaN
4.4308e-09	NaN
5.0522e-09	NaN
1.0625e-08	NaN
2.1412e-08	NaN
3.7675e-08	NaN
5.9677e-08	NaN
8.7538e-08	NaN
1.2027e-07	NaN
1.5636e-07	NaN
1.9428e-07	NaN
2.3252e-07	NaN
2.6955e-07	NaN
3.0385e-07	NaN
3.3392e-07	NaN
3.5839e-07	NaN
3.775e-07	NaN
3.9237e-07	NaN
4.0414e-07	NaN
4.1393e-07	NaN
4.2287e-07	NaN
4.3208e-07	NaN
4.427e-07	NaN
4.558e-07	NaN
4.7181e-07	NaN
4.9075e-07	NaN
5.1262e-07	NaN
5.3744e-07	NaN
5.6523e-07	NaN
5.9598e-07	NaN
6.2972e-07	NaN
6.6643e-07	NaN
7.0564e-07	NaN
7.4658e-07	NaN
7.8848e-07	NaN
8.3053e-07	NaN
8.7196e-07	NaN
9.1198e-07	NaN
9.498e-07	NaN
9.8467e-07	NaN
1.0162e-06	NaN
1.0442e-06	NaN
1.0687e-06	NaN
1.0896e-06	NaN
1.1069e-06	NaN
1.1203e-06	NaN
1.1299e-06	NaN
1.1355e-06	NaN
1.1365e-06	NaN
1.1316e-06	NaN
1.1197e-06	NaN
1.0994e-06	NaN
1.0694e-06	NaN
1.0286e-06	NaN
9.7577e-07	NaN
9.0963e-07	NaN
8.3213e-07	NaN
7.4861e-07	NaN
6.646e-07	NaN
5.8565e-07	NaN
5.1729e-07	NaN
4.6506e-07	NaN
4.345e-07	NaN
4.3113e-07	NaN
4.6001e-07	NaN
5.2559e-07	NaN
6.3227e-07	NaN
7.8446e-07	NaN
9.8656e-07	NaN
1.243e-06	NaN
1.5581e-06	NaN
1.9364e-06	NaN
2.3823e-06	NaN
2.9007e-06	NaN
3.4962e-06	NaN
4.1737e-06	NaN
4.9379e-06	NaN
5.7937e-06	NaN
6.7457e-06	NaN
7.7987e-06	NaN
8.9555e-06	NaN
1.0216e-05	NaN
1.1579e-05	NaN
1.3044e-05	NaN
1.461e-05	NaN
1.6276e-05	NaN
1.8042e-05	NaN
1.9907e-05	NaN
2.186e-05	NaN
2.3875e-05	NaN
2.5922e-05	NaN
2.797e-05	NaN
2.999e-05	NaN
3.1952e-05	NaN
3.3826e-05	NaN
3.5582e-05	NaN
3.7198e-05	NaN
3.8671e-05	NaN
4.0002e-05	NaN
4.1192e-05	NaN
4.2239e-05	NaN
4.3145e-05	NaN
4.3909e-05	NaN
4.4533e-05	NaN
4.5022e-05	NaN
4.5406e-05	NaN
4.5717e-05	NaN
4.5985e-05	NaN
4.6244e-05	NaN
4.6523e-05	NaN
4.6856e-05	NaN
4.7275e-05	NaN
4.7815e-05	NaN
4.8529e-05	NaN
4.9475e-05	NaN
5.0708e-05	NaN
5.2285e-05	NaN
5.4261e-05	NaN
5.6694e-05	NaN
5.964e-05	NaN
6.316e-05	NaN
6.7344e-05	NaN
7.2284e-05	NaN
7.8075e-05	NaN
8.481e-05	NaN
9.2583e-05	NaN
0.00010149	NaN
0.00011162	NaN
0.00012307	NaN
0.00013596	NaN
0.00015042	NaN
0.00016657	NaN
0.00018453	NaN
0.00020443	NaN
0.00022639	NaN
0.00025054	NaN
0.00027693	NaN
0.00030529	NaN
0.00033524	NaN
0.00036639	NaN
0.00039834	NaN
0.00043072	NaN
0.00046313	NaN
0.00049519	NaN
0.00052651	NaN
0.00055675	NaN
0.00058558	NaN
0.00061265	NaN
0.00063765	NaN
0.00066023	NaN
0.00068007	NaN
0.00069683	NaN
0.00071021	NaN
0.00072009	NaN
0.00072647	NaN
0.00072931	NaN
0.00072861	NaN
0.00072436	NaN
0.00071652	NaN
0.00070509	NaN
0.00069008	NaN
0.00067171	NaN
0.00065036	NaN
0.00062637	NaN
0.00060012	NaN
0.00057197	NaN
0.00054227	NaN
0.00051138	NaN
0.00047968	NaN
0.00044761	NaN
0.00041566	NaN
0.00038432	NaN
0.0003541	NaN
0.00032548	NaN
0.00029895	NaN
0.00027501	NaN
0.00025416	NaN
0.00023683	NaN
0.00022345	NaN
0.00021442	NaN
0.00021017	NaN
0.0002111	NaN
0.00021764	NaN
0.0002302	NaN
0.00024918	NaN
0.00027478	NaN
0.000307	NaN
0.00034587	NaN
0.0003914	NaN
0.00044359	NaN
0.00050247	NaN
0.00056803	NaN
0.00064029	NaN
0.00071901	NaN
0.00080376	NaN
0.00089408	NaN
0.00098951	NaN
0.0010896	NaN
0.0011939	NaN
0.001302	NaN
0.0014134	NaN
0.0015277	NaN
0.0016448	NaN
0.0017644	NaN
0.0018863	NaN
0.0020104	NaN
0.0021363	NaN
0.0022639	NaN
0.002393	NaN
0.0025233	NaN
0.0026545	NaN
0.0027861	NaN
0.002918	NaN
0.0030497	NaN
0.003181	NaN
0.0033114	NaN
0.0034406	NaN
0.0035683	NaN
0.0036937	NaN
0.0038162	NaN
0.0039353	NaN
0.0040502	NaN
0.0041603	NaN
0.0042651	NaN
0.0043638	NaN
0.0044564	NaN
0.0045438	NaN
0.0046269	NaN
0.0047067	NaN
0.0047841	NaN
0.00486	NaN
0.0049355	NaN
0.0050114	NaN
0.0050885	NaN
0.0051669	NaN
0.0052466	NaN
0.0053279	NaN
0.0054108	NaN
0.0054953	NaN
0.0055816	NaN
0.0056697	NaN
0.0057596	NaN
0.005851	NaN
0.0059436	NaN
0.006037	NaN
0.0061309	NaN
0.0062249	NaN
0.0063186	NaN
0.0064118	NaN
0.0065039	NaN
0.0065938	NaN
0.0066805	NaN
0.0067628	NaN
0.0068395	NaN
0.0069097	NaN
0.0069722	NaN
0.0070258	NaN
0.0070694	NaN
0.007102	NaN
0.0071227	NaN
0.0071302	NaN
0.0071237	NaN
0.007102	NaN
0.0070642	NaN
0.0070092	NaN
0.0069362	NaN
0.0068457	NaN
0.0067381	NaN
0.0066141	NaN
0.0064742	NaN
0.0063191	NaN
0.0061493	NaN
0.0059653	NaN
0.0057682	NaN
0.0055596	NaN
0.0053417	NaN
0.0051167	NaN
0.0048868	NaN
0.0046541	NaN
0.0044207	NaN
0.0041889	NaN
0.0039607	NaN
0.003738	NaN
0.0035228	NaN
0.0033167	NaN
0.0031219	NaN
0.0029399	NaN
0.0027728	NaN
0.0026224	NaN
0.0024902	NaN
0.0023762	NaN
0.0022798	NaN
0.0022003	NaN
0.002137	NaN
0.0020892	NaN
0.0020562	NaN
0.0020375	NaN
0.0020321	NaN
0.0020388	NaN
0.0020558	NaN
0.0020816	NaN
0.0021145	NaN
0.0021528	NaN
0.0021949	NaN
0.0022392	NaN
0.002284	NaN
0.0023283	NaN
0.0023717	NaN
0.0024134	NaN
0.0024528	NaN
0.0024892	NaN
0.0025222	NaN
0.002551	NaN
0.002575	NaN
0.0025936	NaN
0.0026063	NaN
0.0026123	NaN
0.0026112	NaN
0.0026023	NaN
0.002585	NaN
0.0025588	NaN
0.0025231	NaN
0.0024782	NaN
0.0024253	NaN
0.0023654	NaN
0.0022996	NaN
0.0022289	NaN
0.0021543	NaN
0.002077	NaN
0.001998	NaN
0.0019179	NaN
0.001837	NaN
0.0017558	NaN
0.0016745	NaN
0.0015934	NaN
0.0015129	NaN
0.0014333	NaN
0.0013549	NaN
0.0012779	NaN
0.0012025	NaN
0.0011287	NaN
0.0010565	NaN
0.00098608	NaN
0.00091751	NaN
0.00085085	NaN
0.00078619	NaN
0.00072367	NaN
0.00066348	NaN
0.0006058	NaN
0.00055084	NaN
0.00049878	NaN
0.00044981	NaN
0.00040414	NaN
0.00036196	NaN
0.00032364	NaN
0.00028977	NaN
0.00026098	NaN
0.00023787	NaN
0.00022106	NaN
0.00021115	NaN
0.00020876	NaN
0.00021449	NaN
0.00022832	NaN
0.00024935	NaN
0.0002766	NaN
0.00030911	NaN
0.00034588	NaN
0.00038595	NaN
0.00042833	NaN
0.00047205	NaN
0.00051621	NaN
0.00056002	NaN
0.00060272	NaN
0.00064352	NaN
0.00068166	NaN
0.00071637	NaN
0.00074687	NaN
0.0007724	NaN
0.00079265	NaN
0.00080819	NaN
0.00081973	NaN
0.00082794	NaN
0.00083352	NaN
0.00083716	NaN
0.00083956	NaN
0.00084139	NaN
0.00084309	NaN
0.00084452	NaN
0.00084542	NaN
0.00084557	NaN
0.00084472	NaN
0.00084264	NaN
0.00083909	NaN
0.00083384	NaN
0.00082651	NaN
0.00081641	NaN
0.00080278	NaN
0.00078486	NaN
0.0007619	NaN
0.00073312	NaN
0.00069779	NaN
0.00065513	NaN
0.00060501	NaN
0.00054927	NaN
0.00049011	NaN
0.00042977	NaN
0.00037046	NaN
0.00031441	NaN
0.00026382	NaN
0.00022092	NaN
0.00018841	NaN
0.00017073	NaN
0.00017276	NaN
0.00019935	NaN
0.00025538	NaN
0.0003457	NaN
0.00047519	NaN
0.0006487	NaN
0.00087396	NaN
0.0011712	NaN
0.0015641	NaN
0.0020763	NaN
0.0027315	NaN
0.0035534	NaN
0.0045657	NaN
0.005792	NaN
0.0072594	NaN
0.0090118	NaN
0.011099	NaN
0.01357	NaN
0.016475	NaN
0.019863	NaN
0.023784	NaN
0.028288	NaN
0.033424	NaN
0.039243	NaN
0.045796	NaN
0.053136	NaN
0.061313	NaN
0.070379	NaN
0.080386	NaN
0.091384	NaN
0.10342	-0.56458
0.11652	-0.56642
0.13069	-0.56682
0.14595	-0.56585
0.16231	-0.56355
0.17977	-0.55998
0.19834	-0.5552
0.21805	-0.54927
0.23889	-0.54223
0.26081	-0.53414
0.28372	-0.52505
0.30753	-0.51499
0.33216	-0.50402
0.35751	-0.49217
0.38351	-0.47949
0.41006	-0.46602
0.43708	-0.45182
0.46449	-0.43691
0.49219	-0.42132
0.5201	-0.40509
0.54815	-0.38825
0.57625	-0.37083
0.60432	-0.35286
0.63226	-0.33438
0.66001	-0.31541
0.68745	-0.29603
0.71449	-0.27633
0.74101	-0.25643
0.76691	-0.23641
0.79208	-0.21637
0.8164	-0.19641
0.83978	-0.17664
0.8621	-0.15715
0.88323	-0.13808
0.90304	-0.11959
0.92139	-0.10183
0.93814	-0.084971
0.95315	-0.069173
0.96627	-0.054597
0.97738	-0.041402
0.98632	-0.029748
0.99305	-0.019734
0.99757	-0.011408
0.99988	-0.0048152
1	0
0.99794	0.0029923
0.99371	0.0041168
0.98731	0.0033285
0.97877	0.00058334
0.96823	-0.0041336
0.95598	-0.010807
0.94231	-0.019418
0.92753	-0.029951
0.91193	-0.042388
0.8958	-0.056711
0.87944	-0.072903
0.86314	-0.090949
0.84701	-0.11087
0.83089	-0.13276
0.81463	-0.15668
0.79806	-0.18272
0.78104	-0.21097
0.7634	-0.24151
0.74499	-0.27441
0.72564	-0.30976
0.70525	-0.34752
0.68375	-0.38751
0.6611	-0.42951
0.63726	-0.47332
0.61216	-0.51872
0.58577	-0.56551
0.55803	-0.61349
0.5289	-0.66245
0.49847	-0.71244
0.46711	-0.76396
0.43518	-0.81753
0.40306	-0.87369
0.37113	-0.93296
0.33976	-0.99588
0.30932	-1.063
0.28019	-1.1347
0.25265	-1.2109
0.22677	-1.2897
0.2026	-1.3691
0.1802	-1.447
0.15962	-1.5215
0.14093	-1.5906
0.12417	-1.6522
0.1094	-1.7044
0.096619	NaN
0.085719	NaN
0.076565	NaN
0.069027	NaN
0.062975	NaN
0.058277	NaN
0.054802	NaN
0.052421	NaN
0.05101	NaN
0.050463	NaN
0.05068	NaN
0.051559	NaN
0.052999	NaN
0.054898	NaN
0.057155	NaN
0.059668	NaN
0.062341	NaN
0.065094	NaN
0.067851	NaN
0.070535	NaN
0.073069	NaN
0.075376	NaN
0.077379	NaN
0.079003	NaN
0.080186	NaN
0.080932	NaN
0.081255	NaN
0.081173	NaN
0.080701	NaN
0.079855	NaN
0.078651	NaN
0.077106	NaN
0.07524	NaN
0.073089	NaN
0.070695	NaN
0.068099	NaN
0.065345	NaN
0.062472	NaN
0.059523	NaN
0.05654	NaN
0.053558	NaN
0.050587	NaN
0.047627	NaN
0.044677	NaN
0.041739	NaN
0.038812	NaN
0.035897	NaN
0.032994	NaN
0.030105	NaN
0.027248	NaN
0.024447	NaN
0.021726	NaN
0.019107	NaN
0.016614	NaN
0.014271	NaN
0.0121	NaN
0.010124	NaN
0.0083533	NaN
0.0067919	NaN
0.0054451	NaN
0.0043178	NaN
0.0034151	NaN
0.0027418	NaN
0.0023029	NaN
0.0021017	NaN
0.0021278	NaN
0.0023635	NaN
0.0027915	NaN
0.0033941	NaN
0.0041538	NaN
0.005053	NaN
0.0060743	NaN
0.0071998	NaN
0.0084087	NaN
0.0096789	NaN
0.010988	NaN
0.012313	NaN
0.013633	NaN
0.014924	NaN
0.016165	NaN
0.017333	NaN
0.018416	NaN
0.019406	NaN
0.020298	NaN
0.021084	NaN
0.021757	NaN
0.022311	NaN
0.022738	NaN
0.023032	NaN
0.023194	NaN
0.02323	NaN
0.023147	NaN
0.022951	NaN
0.022649	NaN
0.022246	NaN
0.02175	NaN
0.021166	NaN
0.020503	NaN
0.01977	NaN
0.018974	NaN
0.018126	NaN
0.017234	NaN
0.016307	NaN
0.015354	NaN
0.014384	NaN
0.013405	NaN
0.012427	NaN
0.011457	NaN
0.010505	NaN
0.0095797	NaN
0.0086888	NaN
0.0078416	NaN
0.0070464	NaN
0.0063077	NaN
0.0056244	NaN
0.0049952	NaN
0.0044189	NaN
0.0038943	NaN
0.0034199	NaN
0.0029946	NaN
0.0026171	NaN
0.0022849	NaN
0.0019942	NaN
0.0017408	NaN
0.0015207	NaN
0.0013299	NaN
0.0011642	NaN
0.0010197	NaN
0.00089232	NaN
0.00077904	NaN
0.00067867	NaN
0.00059017	NaN
0.0005125	NaN
0.0004446	NaN
0.00038543	NaN
0.00033394	NaN
0.00028908	NaN
0.00025	NaN
0.0002162	NaN
0.00018722	NaN
0.00016261	NaN
0.00014191	NaN
0.00012467	NaN
0.00011041	NaN
9.8702e-05	NaN
8.9112e-05	NaN
8.1315e-05	NaN
7.4996e-05	NaN
6.9836e-05	NaN
6.552e-05	NaN
6.1731e-05	NaN
5.8151e-05	NaN
5.4465e-05	NaN
5.0463e-05	NaN
4.6215e-05	NaN
4.1834e-05	NaN
3.7433e-05	NaN
3.3126e-05	NaN
2.9025e-05	NaN
2.5243e-05	NaN
2.1895e-05	NaN
1.9057e-05	NaN
1.6699e-05	NaN
1.4769e-05	NaN
1.3218e-05	NaN
1.1994e-05	NaN
1.1046e-05	NaN
1.0323e-05	NaN
9.7755e-06	NaN
9.3569e-06	NaN
9.0412e-06	NaN
8.8066e-06	NaN
8.631e-06	NaN
8.4925e-06	NaN
8.3692e-06	NaN
8.2391e-06	NaN
8.0803e-06	NaN
7.8768e-06	NaN
7.6379e-06	NaN
7.3795e-06	NaN
7.1175e-06	NaN
6.8676e-06	NaN
6.6459e-06	NaN
6.4681e-06	NaN
6.3501e-06	NaN
6.307e-06	NaN
6.3492e-06	NaN
6.4858e-06	NaN
6.7261e-06	NaN
7.0791e-06	NaN
7.554e-06	NaN
8.1599e-06	NaN
8.9061e-06	NaN
9.7985e-06	NaN
1.0826e-05	NaN
1.1972e-05	NaN
1.3218e-05	NaN
1.4548e-05	NaN
1.5943e-05	NaN
1.7386e-05	NaN
1.8861e-05	NaN
2.0347e-05	NaN
2.1811e-05	NaN
2.3211e-05	NaN
2.4508e-05	NaN
2.566e-05	NaN
2.6627e-05	NaN
2.737e-05	NaN
2.7846e-05	NaN
2.8021e-05	NaN
2.7908e-05	NaN
2.7542e-05	NaN
2.6958e-05	NaN
2.6193e-05	NaN
2.5283e-05	NaN
2.4262e-05	NaN
2.3166e-05	NaN
2.2032e-05	NaN
2.0888e-05	NaN
1.976e-05	NaN
1.8674e-05	NaN
1.7657e-05	NaN
1.6735e-05	NaN
1.5933e-05	NaN
1.5277e-05	NaN
1.4793e-05	NaN
1.4483e-05	NaN
1.4339e-05	NaN
1.4349e-05	NaN
1.4505e-05	NaN
1.4795e-05	NaN
1.521e-05	NaN
1.5741e-05	NaN
1.6375e-05	NaN
1.71e-05	NaN
1.7898e-05	NaN
1.8753e-05	NaN
1.9646e-05	NaN
2.0561e-05	NaN
2.1481e-05	NaN
2.2388e-05	NaN
2.3265e-05	NaN
2.4089e-05	NaN
2.4832e-05	NaN
2.5465e-05	NaN
2.5962e-05	NaN
2.6292e-05	NaN
2.6429e-05	NaN
2.6344e-05	NaN
2.601e-05	NaN
2.5421e-05	NaN
2.4596e-05	NaN
2.3552e-05	NaN
2.2309e-05	NaN
2.0886e-05	NaN
1.93e-05	NaN
1.7571e-05	NaN
1.5717e-05	NaN
1.3776e-05	NaN
1.1804e-05	NaN
9.8592e-06	NaN
7.9993e-06	NaN
6.2827e-06	NaN
4.7673e-06	NaN
3.5113e-06	NaN
2.5718e-06	NaN
1.9693e-06	NaN
1.6737e-06	NaN
1.6512e-06	NaN
1.868e-06	NaN
2.2902e-06	NaN
2.8839e-06	NaN
3.6155e-06	NaN
4.4511e-06	NaN
5.3566e-06	NaN
6.2978e-06	NaN
7.2403e-06	NaN
8.1498e-06	NaN
8.9919e-06	NaN
9.7324e-06	NaN
1.0337e-05	NaN
1.0771e-05	NaN
1.1024e-05	NaN
1.1124e-05	NaN
1.1107e-05	NaN
1.1007e-05	NaN
1.0857e-05	NaN
1.0693e-05	NaN
1.0548e-05	NaN
1.0458e-05	NaN
1.0443e-05	NaN
1.0504e-05	NaN
1.0634e-05	NaN
1.0827e-05	NaN
1.108e-05	NaN
1.1386e-05	NaN
1.1741e-05	NaN
1.2139e-05	NaN
1.2581e-05	NaN
1.308e-05	NaN
1.3654e-05	NaN
1.432e-05	NaN
1.5094e-05	NaN
1.5992e-05	NaN
1.7032e-05	NaN
1.823e-05	NaN
1.9587e-05	NaN
2.1054e-05	NaN
2.2574e-05	NaN
2.4091e-05	NaN
2.5547e-05	NaN
2.6886e-05	NaN
2.8051e-05	NaN
2.8984e-05	NaN
2.9643e-05	NaN
3.0031e-05	NaN
3.016e-05	NaN
3.0043e-05	NaN
2.9695e-05	NaN
2.9128e-05	NaN
2.8355e-05	NaN
2.739e-05	NaN
2.6249e-05	NaN
2.4965e-05	NaN
2.3573e-05	NaN
2.2109e-05	NaN
2.061e-05	NaN
1.911e-05	NaN
1.7647e-05	NaN
1.6255e-05	NaN
1.4965e-05	NaN
1.3773e-05	NaN
1.2668e-05	NaN
1.1639e-05	NaN
1.0672e-05	NaN
9.7565e-06	NaN
8.8802e-06	NaN
8.0312e-06	NaN
7.1999e-06	NaN
6.39e-06	NaN
5.6099e-06	NaN
4.868e-06	NaN
4.1728e-06	NaN
3.5327e-06	NaN
2.956e-06	NaN
2.4513e-06	NaN
2.0254e-06	NaN
1.676e-06	NaN
1.3962e-06	NaN
1.1796e-06	NaN
1.0195e-06	NaN
9.0932e-07	NaN
8.4248e-07	NaN
8.1236e-07	NaN
8.1229e-07	NaN
8.3513e-07	NaN
8.735e-07	NaN
9.2001e-07	NaN
9.6728e-07	NaN
1.0079e-06	NaN
1.0346e-06	NaN
1.0398e-06	NaN
1.017e-06	NaN
9.6728e-07	NaN
8.9575e-07	NaN
8.0779e-07	NaN
7.0869e-07	NaN
6.0377e-07	NaN
4.9833e-07	NaN
3.977e-07	NaN
3.0692e-07	NaN
2.2804e-07	NaN
1.6114e-07	NaN
1.0626e-07	NaN
6.344e-08	NaN
3.2722e-08	NaN
1.4149e-08	NaN
7.7618e-09	NaN
1.3506e-08	NaN
2.9906e-08	NaN
5.4414e-08	NaN
8.4454e-08	NaN
1.1745e-07	NaN
1.5083e-07	NaN
1.8201e-07	NaN
2.0842e-07	NaN
2.2758e-07	NaN
2.3871e-07	NaN
2.4253e-07	NaN
2.3981e-07	NaN
2.3132e-07	NaN
2.1782e-07	NaN
2.0009e-07	NaN
1.7888e-07	NaN
1.5499e-07	NaN
1.2947e-07	NaN
1.0367e-07	NaN
7.8946e-08	NaN
5.6659e-08	NaN
3.8166e-08	NaN
2.4826e-08	NaN
1.7996e-08	NaN
1.8995e-08	NaN
2.7899e-08	NaN
4.3335e-08	NaN
6.3848e-08	NaN
8.7982e-08	NaN
1.1428e-07	NaN
1.4129e-07	NaN
1.6756e-07	NaN
1.9164e-07	NaN
2.1256e-07	NaN
2.3001e-07	NaN
2.4371e-07	NaN
2.5338e-07	NaN
2.5875e-07	NaN
2.5953e-07	NaN
2.5547e-07	NaN
2.4628e-07	NaN
2.3215e-07	NaN
2.1398e-07	NaN
1.9273e-07	NaN
1.6935e-07	NaN
1.4481e-07	NaN
1.2005e-07	NaN
9.6036e-08	NaN
7.3726e-08	NaN
5.3921e-08	NaN
3.7149e-08	NaN
2.3909e-08	NaN
1.47e-08	NaN
1.0021e-08	NaN
1.0371e-08	NaN
1.6249e-08	NaN
2.8149e-08	NaN
4.598e-08	NaN
6.8414e-08	NaN
9.3965e-08	NaN
1.2115e-07	NaN
1.4848e-07	NaN
1.7446e-07	NaN
1.9763e-07	NaN
2.1648e-07	NaN
2.3004e-07	NaN
2.3853e-07	NaN
2.4238e-07	NaN
2.42e-07	NaN
2.378e-07	NaN
2.302e-07	NaN
2.1963e-07	NaN
2.065e-07	NaN
1.9122e-07	NaN
1.7424e-07	NaN
1.56e-07	NaN
1.3694e-07	NaN
1.1749e-07	NaN
9.8104e-08	NaN
7.9215e-08	NaN
6.1266e-08	NaN
4.4695e-08	NaN
2.9944e-08	NaN
1.7452e-08	NaN
7.6597e-09	NaN
1.0076e-09	NaN
2.0642e-09	NaN
1.1156e-09	NaN
4.2938e-09	NaN
2.6837e-08	NaN
