1.9279e-07	NaN
1.8694e-07	NaN
1.7905e-07	NaN
1.6941e-07	NaN
1.5832e-07	NaN
1.4609e-07	NaN
1.3301e-07	NaN
1.194e-07	NaN
1.0555e-07	NaN
9.177e-08	NaN
7.8356e-08	NaN
6.5614e-08	NaN
5.3844e-08	NaN
4.335e-08	NaN
3.4435e-08	NaN
2.74e-08	NaN
2.247e-08	NaN
1.9423e-08	NaN
1.7886e-08	NaN
1.7486e-08	NaN
1.7849e-08	NaN
1.8602e-08	NaN
1.937e-08	NaN
1.9781e-08	NaN
1.9586e-08	NaN
1.938e-08	NaN
2.0096e-08	NaN
2.2669e-08	NaN
2.8035e-08	NaN
3.713e-08	NaN
5.0887e-08	NaN
7.0243e-08	NaN
9.5978e-08	NaN
1.2764e-07	NaN
1.6421e-07	NaN
2.0464e-07	NaN
2.479e-07	NaN
2.9295e-07	NaN
3.3878e-07	NaN
3.8433e-07	NaN
4.2859e-07	NaN
4.7067e-07	NaN
5.0978e-07	NaN
5.451e-07	NaN
5.7582e-07	NaN
6.0115e-07	NaN
6.2027e-07	NaN
6.3239e-07	NaN
6.3677e-07	NaN
6.3377e-07	NaN
6.2437e-07	NaN
6.0961e-07	NaN
5.9048e-07	NaN
5.6802e-07	NaN
5.4323e-07	NaN
5.1713e-07	NaN
4.907e-07	NaN
4.6427e-07	NaN
4.3771e-07	NaN
4.1089e-07	NaN
3.8368e-07	NaN
3.5593e-07	NaN
3.2751e-07	NaN
2.9828e-07	NaN
2.6812e-07	NaN
2.3731e-07	NaN
2.0641e-07	NaN
1.7604e-07	NaN
1.468e-07	NaN
1.1927e-07	NaN
9.4056e-08	NaN
7.1762e-08	NaN
5.2974e-08	NaN
3.8124e-08	NaN
2.7482e-08	NaN
2.1312e-08	NaN
1.9879e-08	NaN
2.3446e-08	NaN
3.2278e-08	NaN
4.6639e-08	NaN
6.6757e-08	NaN
9.1814e-08	NaN
1.1979e-07	NaN
1.4862e-07	NaN
1.762e-07	NaN
2.0046e-07	NaN
2.1932e-07	NaN
2.307e-07	NaN
2.3256e-07	NaN
2.2485e-07	NaN
2.101e-07	NaN
1.9104e-07	NaN
1.704e-07	NaN
1.5088e-07	NaN
1.3522e-07	NaN
1.2614e-07	NaN
1.2642e-07	NaN
1.4263e-07	NaN
1.8713e-07	NaN
2.7276e-07	NaN
4.1236e-07	NaN
6.1877e-07	NaN
9.0484e-07	NaN
1.2834e-06	NaN
1.7673e-06	NaN
2.3681e-06	NaN
3.0954e-06	NaN
3.9585e-06	NaN
4.9667e-06	NaN
6.1293e-06	NaN
7.4556e-06	NaN
8.9549e-06	NaN
1.0636e-05	NaN
1.2496e-05	NaN
1.4501e-05	NaN
1.6615e-05	NaN
1.8804e-05	NaN
2.1031e-05	NaN
2.3261e-05	NaN
2.5457e-05	NaN
2.7584e-05	NaN
2.9614e-05	NaN
3.1537e-05	NaN
3.3347e-05	NaN
3.5035e-05	NaN
3.6595e-05	NaN
3.8019e-05	NaN
3.9301e-05	NaN
4.0434e-05	NaN
4.1412e-05	NaN
4.2231e-05	NaN
4.2892e-05	NaN
4.3391e-05	NaN
4.3727e-05	NaN
4.3898e-05	NaN
4.3902e-05	NaN
4.3738e-05	NaN
4.3422e-05	NaN
4.3028e-05	NaN
4.2644e-05	NaN
4.2357e-05	NaN
4.2255e-05	NaN
4.2424e-05	NaN
4.2953e-05	NaN
4.3927e-05	NaN
4.5448e-05	NaN
4.7667e-05	NaN
5.0748e-05	NaN
5.4854e-05	NaN
6.015e-05	NaN
6.68e-05	NaN
7.4967e-05	NaN
8.4815e-05	NaN
9.6469e-05	NaN
0.00010986	NaN
0.00012488	NaN
0.00014141	NaN
0.00015933	NaN
0.00017853	NaN
0.00019889	NaN
0.00022028	NaN
0.0002426	NaN
0.00026572	NaN
0.0002895	NaN
0.0003138	NaN
0.00033851	NaN
0.00036348	NaN
0.00038858	NaN
0.00041368	NaN
0.00043863	NaN
0.00046323	NaN
0.00048723	NaN
0.00051038	NaN
0.00053244	NaN
0.00055318	NaN
0.00057233	NaN
0.00058968	NaN
0.00060496	NaN
0.00061793	NaN
0.00062837	NaN
0.00063601	NaN
0.00064062	NaN
0.00064195	NaN
0.00063977	NaN
0.00063383	NaN
0.00062392	NaN
0.00061026	NaN
0.00059328	NaN
0.00057341	NaN
0.00055106	NaN
0.00052668	NaN
0.00050069	NaN
0.00047352	NaN
0.00044561	NaN
0.00041737	NaN
0.00038923	NaN
0.00036163	NaN
0.00033497	NaN
0.0003097	NaN
0.00028624	NaN
0.000265	NaN
0.00024642	NaN
0.00023089	NaN
0.00021879	NaN
0.0002105	NaN
0.00020639	NaN
0.00020684	NaN
0.00021223	NaN
0.00022293	NaN
0.00023932	NaN
0.00026168	NaN
0.00029023	NaN
0.00032515	NaN
0.00036667	NaN
0.000415	NaN
0.00047033	NaN
0.00053287	NaN
0.00060283	NaN
0.00068026	NaN
0.00076507	NaN
0.00085715	NaN
0.00095642	NaN
0.0010628	NaN
0.0011761	NaN
0.0012964	NaN
0.0014234	NaN
0.0015566	NaN
0.0016949	NaN
0.0018372	NaN
0.0019821	NaN
0.0021287	NaN
0.0022758	NaN
0.0024222	NaN
0.0025667	NaN
0.0027086	NaN
0.0028472	NaN
0.0029822	NaN
0.0031129	NaN
0.0032389	NaN
0.0033596	NaN
0.0034747	NaN
0.0035836	NaN
0.0036863	NaN
0.0037836	NaN
0.0038762	NaN
0.003965	NaN
0.0040509	NaN
0.0041345	NaN
0.0042167	NaN
0.0042984	NaN
0.0043802	NaN
0.0044626	NaN
0.0045461	NaN
0.004631	NaN
0.004718	NaN
0.0048073	NaN
0.0048996	NaN
0.0049952	NaN
0.0050941	NaN
0.005195	NaN
0.0052968	NaN
0.0053981	NaN
0.0054976	NaN
0.005594	NaN
0.0056861	NaN
0.0057725	NaN
0.0058519	NaN
0.005923	NaN
0.0059846	NaN
0.0060354	NaN
0.006074	NaN
0.0060991	NaN
0.0061094	NaN
0.0061037	NaN
0.006081	NaN
0.0060416	NaN
0.0059858	NaN
0.0059141	NaN
0.0058269	NaN
0.0057246	NaN
0.0056075	NaN
0.0054761	NaN
0.0053311	NaN
0.0051738	NaN
0.0050059	NaN
0.0048289	NaN
0.0046445	NaN
0.0044542	NaN
0.0042597	NaN
0.0040625	NaN
0.0038641	NaN
0.0036655	NaN
0.0034677	NaN
0.0032715	NaN
0.0030779	NaN
0.0028877	NaN
0.002702	NaN
0.0025215	NaN
0.0023471	NaN
0.0021789	NaN
0.0020168	NaN
0.0018608	NaN
0.001711	NaN
0.0015671	NaN
0.0014292	NaN
0.0012973	NaN
0.0011713	NaN
0.0010513	NaN
0.00093758	NaN
0.00083021	NaN
0.00072939	NaN
0.00063529	NaN
0.00054807	NaN
0.0004679	NaN
0.00039494	NaN
0.00032921	NaN
0.00027068	NaN
0.00021933	NaN
0.00017514	NaN
0.00013809	NaN
0.00010816	NaN
8.5307e-05	NaN
6.9486e-05	NaN
6.0329e-05	NaN
5.7337e-05	NaN
6.0008e-05	NaN
6.7844e-05	NaN
8.0342e-05	NaN
9.7005e-05	NaN
0.00011733	NaN
0.00014082	NaN
0.00016705	NaN
0.00019558	NaN
0.00022603	NaN
0.00025796	NaN
0.00029098	NaN
0.00032466	NaN
0.00035861	NaN
0.00039241	NaN
0.00042589	NaN
0.00045897	NaN
0.00049158	NaN
0.00052366	NaN
0.00055513	NaN
0.00058594	NaN
0.000616	NaN
0.00064525	NaN
0.0006734	NaN
0.00070008	NaN
0.00072488	NaN
0.00074739	NaN
0.00076724	NaN
0.000784	NaN
0.0007973	NaN
0.00080674	NaN
0.00081217	NaN
0.00081362	NaN
0.00081115	NaN
0.0008048	NaN
0.00079461	NaN
0.00078061	NaN
0.00076287	NaN
0.00074143	NaN
0.00071668	NaN
0.00068931	NaN
0.00066001	NaN
0.00062949	NaN
0.00059845	NaN
0.00056759	NaN
0.00053761	NaN
0.00050921	NaN
0.00048273	NaN
0.0004582	NaN
0.0004356	NaN
0.00041492	NaN
0.00039615	NaN
0.00037929	NaN
0.00036432	NaN
0.00035122	NaN
0.00033986	NaN
0.0003299	NaN
0.00032102	NaN
0.00031288	NaN
0.00030515	NaN
0.00029749	NaN
0.00028959	NaN
0.0002811	NaN
0.00027206	NaN
0.00026302	NaN
0.00025456	NaN
0.00024727	NaN
0.00024174	NaN
0.00023855	NaN
0.0002383	NaN
0.00024158	NaN
0.00024867	NaN
0.00025939	NaN
0.00027353	NaN
0.00029084	NaN
0.0003111	NaN
0.00033407	NaN
0.00035953	NaN
0.00038724	NaN
0.0004167	NaN
0.00044685	NaN
0.00047656	NaN
0.00050471	NaN
0.00053019	NaN
0.00055187	NaN
0.00056862	NaN
0.00057934	NaN
0.00058337	NaN
0.00058112	NaN
0.00057316	NaN
0.00056008	NaN
0.00054243	NaN
0.00052078	NaN
0.00049571	NaN
0.00046779	NaN
0.00043766	NaN
0.00040618	NaN
0.00037422	NaN
0.00034268	NaN
0.00031244	NaN
0.00028438	NaN
0.00025939	NaN
0.00023835	NaN
0.00022218	NaN
0.0002119	NaN
0.00020852	NaN
0.0002131	NaN
0.00022664	NaN
0.0002502	NaN
0.00028479	NaN
0.00033146	NaN
0.00039242	NaN
0.00047436	NaN
0.000585	NaN
0.00073205	NaN
0.00092324	NaN
0.0011663	NaN
0.0014689	NaN
0.0018388	NaN
0.0022868	NaN
0.0028379	NaN
0.0035204	NaN
0.004363	NaN
0.0053944	NaN
0.0066431	NaN
0.0081376	NaN
0.0099066	NaN
0.011981	NaN
0.014406	NaN
0.017229	NaN
0.020498	NaN
0.024263	NaN
0.028572	NaN
0.033474	NaN
0.039016	NaN
0.045243	NaN
0.052164	NaN
0.059778	NaN
0.068084	NaN
0.077079	NaN
0.086761	NaN
0.09713	NaN
0.10818	-0.58986
0.11992	-0.59017
0.13234	-0.58874
0.14544	-0.58566
0.15923	-0.58105
0.1737	-0.575
0.18887	-0.56762
0.20472	-0.559
0.22126	-0.54925
0.23849	-0.53846
0.25641	-0.52671
0.27502	-0.5141
0.29431	-0.50068
0.31428	-0.48653
0.33494	-0.47174
0.35627	-0.45637
0.37827	-0.4405
0.40094	-0.42421
0.42425	-0.40754
0.44814	-0.39053
0.47257	-0.37321
0.49747	-0.35562
0.5228	-0.3378
0.54851	-0.31977
0.57454	-0.30158
0.60084	-0.28325
0.62734	-0.26485
0.65395	-0.24642
0.68057	-0.22802
0.70712	-0.20971
0.73351	-0.19155
0.75964	-0.17359
0.78543	-0.1559
0.81079	-0.13853
0.83552	-0.12158
0.85941	-0.10519
0.8822	-0.089477
0.90366	-0.074587
0.92354	-0.060649
0.9416	-0.047793
0.9576	-0.036154
0.97131	-0.025863
0.98254	-0.017022
0.99115	-0.009713
0.99701	-0.0040128
1	0
0.99997	0.002247
0.9968	0.0026499
0.99036	0.0011305
0.98051	-0.002389
0.9674	-0.0079682
0.95143	-0.015648
0.93301	-0.025467
0.91257	-0.037465
0.89052	-0.051681
0.86728	-0.068155
0.84327	-0.086927
0.8189	-0.10803
0.79443	-0.1314
0.76994	-0.15682
0.74547	-0.18408
0.7211	-0.21295
0.69686	-0.24324
0.67283	-0.27471
0.64905	-0.30715
0.62559	-0.34035
0.60243	-0.37446
0.57942	-0.4101
0.55644	-0.44797
0.53334	-0.48874
0.50998	-0.5331
0.48622	-0.58171
0.46193	-0.63526
0.43696	-0.69442
0.41131	-0.7588
0.38522	-0.82631
0.35893	-0.89468
0.3327	-0.96163
0.30677	-1.0249
0.2814	-1.0822
0.25683	-1.1314
0.23332	-1.17
0.21105	-1.1996
0.1901	-1.2284
0.17054	-1.2655
0.15241	-1.3201
0.13578	-1.4013
0.1207	-1.5181
0.10725	-1.6798
0.095468	NaN
0.08537	NaN
0.076832	NaN
0.069717	NaN
0.063888	NaN
0.059206	NaN
0.055534	NaN
0.052735	NaN
0.050671	NaN
0.049223	NaN
0.048319	NaN
0.047896	NaN
0.04789	NaN
0.048238	NaN
0.048876	NaN
0.04974	NaN
0.050767	NaN
0.051902	NaN
0.053114	NaN
0.054381	NaN
0.055676	NaN
0.056975	NaN
0.058254	NaN
0.059488	NaN
0.060653	NaN
0.061723	NaN
0.062673	NaN
0.063478	NaN
0.064112	NaN
0.064549	NaN
0.064765	NaN
0.064733	NaN
0.064428	NaN
0.06383	NaN
0.062947	NaN
0.061793	NaN
0.060382	NaN
0.05873	NaN
0.056849	NaN
0.054755	NaN
0.052461	NaN
0.049985	NaN
0.047355	NaN
0.044604	NaN
0.041765	NaN
0.03887	NaN
0.035951	NaN
0.033043	NaN
0.030176	NaN
0.027382	NaN
0.024679	NaN
0.022081	NaN
0.019603	NaN
0.017259	NaN
0.015063	NaN
0.013028	NaN
0.01117	NaN
0.0095	NaN
0.0080214	NaN
0.0067321	NaN
0.0056298	NaN
0.0047126	NaN
0.0039785	NaN
0.0034253	NaN
0.0030511	NaN
0.0028529	NaN
0.0028204	NaN
0.0029395	NaN
0.0031962	NaN
0.0035762	NaN
0.0040656	NaN
0.0046502	NaN
0.0053158	NaN
0.0060484	NaN
0.0068348	NaN
0.007662	NaN
0.0085173	NaN
0.0093876	NaN
0.01026	NaN
0.011122	NaN
0.01196	NaN
0.012763	NaN
0.013523	NaN
0.014239	NaN
0.014907	NaN
0.015527	NaN
0.016095	NaN
0.01661	NaN
0.017069	NaN
0.01747	NaN
0.017813	NaN
0.018099	NaN
0.01833	NaN
0.018507	NaN
0.018631	NaN
0.018705	NaN
0.018729	NaN
0.018705	NaN
0.018633	NaN
0.018513	NaN
0.018345	NaN
0.018128	NaN
0.017861	NaN
0.017546	NaN
0.01718	NaN
0.016764	NaN
0.016301	NaN
0.015797	NaN
0.015257	NaN
0.014688	NaN
0.014096	NaN
0.013486	NaN
0.012865	NaN
0.01224	NaN
0.011614	NaN
0.010996	NaN
0.010389	NaN
0.009799	NaN
0.0092325	NaN
0.0086946	NaN
0.0081909	NaN
0.0077268	NaN
0.0073047	NaN
0.0069222	NaN
0.0065767	NaN
0.0062657	NaN
0.0059864	NaN
0.0057363	NaN
0.0055127	NaN
0.005313	NaN
0.0051343	NaN
0.0049732	NaN
0.0048262	NaN
0.0046899	NaN
0.0045608	NaN
0.0044355	NaN
0.0043106	NaN
0.0041825	NaN
0.0040494	NaN
0.003912	NaN
0.0037714	NaN
0.0036286	NaN
0.0034848	NaN
0.0033409	NaN
0.0031981	NaN
0.0030575	NaN
0.0029199	NaN
0.0027855	NaN
0.0026548	NaN
0.0025278	NaN
0.0024048	NaN
0.0022862	NaN
0.002172	NaN
0.0020627	NaN
0.0019582	NaN
0.0018581	NaN
0.0017619	NaN
0.0016692	NaN
0.0015793	NaN
0.0014919	NaN
0.0014064	NaN
0.0013223	NaN
0.0012393	NaN
0.0011576	NaN
0.0010774	NaN
0.0009992	NaN
0.00092314	NaN
0.00084957	NaN
0.00077878	NaN
0.00071108	NaN
0.0006467	NaN
0.00058567	NaN
0.00052795	NaN
0.00047353	NaN
0.00042237	NaN
0.00037444	NaN
0.00032972	NaN
0.00028818	NaN
0.00024979	NaN
0.00021453	NaN
0.00018237	NaN
0.00015328	NaN
0.00012723	NaN
0.0001042	NaN
8.4163e-05	NaN
6.7089e-05	NaN
5.2914e-05	NaN
4.1381e-05	NaN
3.2175e-05	NaN
2.4979e-05	NaN
1.948e-05	NaN
1.5361e-05	NaN
1.2307e-05	NaN
1.0003e-05	NaN
8.1631e-06	NaN
6.6801e-06	NaN
5.5108e-06	NaN
4.612e-06	NaN
3.9406e-06	NaN
3.4535e-06	NaN
3.1076e-06	NaN
2.8598e-06	NaN
2.6704e-06	NaN
2.5244e-06	NaN
2.4168e-06	NaN
2.3429e-06	NaN
2.2981e-06	NaN
2.2775e-06	NaN
2.2763e-06	NaN
2.2899e-06	NaN
2.3137e-06	NaN
2.345e-06	NaN
2.3822e-06	NaN
2.4236e-06	NaN
2.4674e-06	NaN
2.512e-06	NaN
2.5558e-06	NaN
2.5969e-06	NaN
2.6337e-06	NaN
2.6639e-06	NaN
2.6849e-06	NaN
2.6942e-06	NaN
2.6892e-06	NaN
2.6674e-06	NaN
2.6262e-06	NaN
2.563e-06	NaN
2.4759e-06	NaN
2.3709e-06	NaN
2.259e-06	NaN
2.1516e-06	NaN
2.0599e-06	NaN
1.995e-06	NaN
1.9684e-06	NaN
1.9912e-06	NaN
2.0744e-06	NaN
2.225e-06	NaN
2.447e-06	NaN
2.7442e-06	NaN
3.1205e-06	NaN
3.5797e-06	NaN
4.1257e-06	NaN
4.7623e-06	NaN
5.4922e-06	NaN
6.2951e-06	NaN
7.1302e-06	NaN
7.956e-06	NaN
8.731e-06	NaN
9.4136e-06	NaN
9.9625e-06	NaN
1.0336e-05	NaN
1.0494e-05	NaN
1.0434e-05	NaN
1.019e-05	NaN
9.7993e-06	NaN
9.2985e-06	NaN
8.7241e-06	NaN
8.113e-06	NaN
7.5017e-06	NaN
6.9268e-06	NaN
6.4228e-06	NaN
6.0213e-06	NaN
5.7539e-06	NaN
5.6523e-06	NaN
5.748e-06	NaN
6.0726e-06	NaN
6.6576e-06	NaN
7.5343e-06	NaN
8.7151e-06	NaN
1.0187e-05	NaN
1.1934e-05	NaN
1.3941e-05	NaN
1.6194e-05	NaN
1.8677e-05	NaN
2.1374e-05	NaN
2.4271e-05	NaN
2.7333e-05	NaN
3.0493e-05	NaN
3.3683e-05	NaN
3.6834e-05	NaN
3.9878e-05	NaN
4.2746e-05	NaN
4.5369e-05	NaN
4.7679e-05	NaN
4.9624e-05	NaN
5.1183e-05	NaN
5.2336e-05	NaN
5.3067e-05	NaN
5.3356e-05	NaN
5.3185e-05	NaN
5.2536e-05	NaN
5.1391e-05	NaN
4.976e-05	NaN
4.7708e-05	NaN
4.5313e-05	NaN
4.2648e-05	NaN
3.9789e-05	NaN
3.6811e-05	NaN
3.3789e-05	NaN
3.0798e-05	NaN
2.7898e-05	NaN
2.511e-05	NaN
2.245e-05	NaN
1.9932e-05	NaN
1.7572e-05	NaN
1.5386e-05	NaN
1.3387e-05	NaN
1.1593e-05	NaN
1.0012e-05	NaN
8.6369e-06	NaN
7.459e-06	NaN
6.4678e-06	NaN
5.6534e-06	NaN
5.0061e-06	NaN
4.5159e-06	NaN
4.1729e-06	NaN
3.9677e-06	NaN
3.8917e-06	NaN
3.9371e-06	NaN
4.0958e-06	NaN
4.3596e-06	NaN
4.7206e-06	NaN
5.1706e-06	NaN
5.7016e-06	NaN
6.3016e-06	NaN
6.9419e-06	NaN
7.5897e-06	NaN
8.2121e-06	NaN
8.7764e-06	NaN
9.2496e-06	NaN
9.599e-06	NaN
9.7917e-06	NaN
9.8025e-06	NaN
9.6427e-06	NaN
9.3346e-06	NaN
8.9006e-06	NaN
8.363e-06	NaN
7.7441e-06	NaN
7.0664e-06	NaN
6.3522e-06	NaN
5.623e-06	NaN
4.8955e-06	NaN
4.1848e-06	NaN
3.5059e-06	NaN
2.8739e-06	NaN
2.3038e-06	NaN
1.8107e-06	NaN
1.4095e-06	NaN
1.1125e-06	NaN
9.1175e-07	NaN
7.9116e-07	NaN
7.346e-07	NaN
7.2593e-07	NaN
7.49e-07	NaN
7.8769e-07	NaN
8.2585e-07	NaN
8.487e-07	NaN
8.5249e-07	NaN
8.3878e-07	NaN
8.092e-07	NaN
7.6537e-07	NaN
7.0889e-07	NaN
6.4139e-07	NaN
5.6449e-07	NaN
4.7995e-07	NaN
3.9114e-07	NaN
3.023e-07	NaN
2.1766e-07	NaN
1.4149e-07	NaN
7.804e-08	NaN
3.155e-08	NaN
6.2761e-09	NaN
6.0117e-09	NaN
2.9147e-08	NaN
7.0536e-08	NaN
1.2497e-07	NaN
1.8725e-07	NaN
2.5216e-07	NaN
3.1449e-07	NaN
3.6905e-07	NaN
4.1087e-07	NaN
4.3868e-07	NaN
4.5403e-07	NaN
4.5849e-07	NaN
4.5367e-07	NaN
4.4115e-07	NaN
4.2255e-07	NaN
3.9944e-07	NaN
3.7343e-07	NaN
3.4588e-07	NaN
3.1802e-07	NaN
2.9105e-07	NaN
2.6619e-07	NaN
2.4463e-07	NaN
2.2759e-07	NaN
2.1627e-07	NaN
2.1182e-07	NaN
2.1394e-07	NaN
2.2085e-07	NaN
2.3073e-07	NaN
2.4173e-07	NaN
2.5202e-07	NaN
2.5978e-07	NaN
2.6316e-07	NaN
2.6037e-07	NaN
2.5105e-07	NaN
2.3646e-07	NaN
2.1798e-07	NaN
1.9696e-07	NaN
1.7479e-07	NaN
1.5282e-07	NaN
1.3243e-07	NaN
1.1496e-07	NaN
1.0106e-07	NaN
9.0449e-08	NaN
8.2758e-08	NaN
7.7629e-08	NaN
7.47e-08	NaN
7.3611e-08	NaN
7.4003e-08	NaN
7.5514e-08	NaN
7.7748e-08	NaN
8.0253e-08	NaN
8.2573e-08	NaN
8.4251e-08	NaN
8.483e-08	NaN
8.3854e-08	NaN
8.0866e-08	NaN
7.5416e-08	NaN
6.761e-08	NaN
5.856e-08	NaN
4.9487e-08	NaN
4.1609e-08	NaN
3.6147e-08	NaN
3.432e-08	NaN
3.7347e-08	NaN
4.6442e-08	NaN
6.1952e-08	NaN
8.2388e-08	NaN
1.0603e-07	NaN
1.3117e-07	NaN
1.5608e-07	NaN
1.7904e-07	NaN
1.9834e-07	NaN
2.1225e-07	NaN
2.1975e-07	NaN
2.2143e-07	NaN
2.1816e-07	NaN
2.1081e-07	NaN
2.0024e-07	NaN
1.8731e-07	NaN
1.7289e-07	NaN
1.5784e-07	NaN
1.4289e-07	NaN
1.2836e-07	NaN
1.145e-07	NaN
1.0158e-07	NaN
8.9845e-08	NaN
7.9552e-08	NaN
7.0957e-08	NaN
6.4315e-08	NaN
5.988e-08	NaN
5.7908e-08	NaN
5.8654e-08	NaN
6.2373e-08	NaN
6.932e-08	NaN
7.975e-08	NaN
9.3919e-08	NaN
1.1208e-07	NaN
1.9628e-07	NaN
