4.0567e-07	NaN
4.6517e-07	NaN
3.6271e-07	NaN
2.7802e-07	NaN
2.0976e-07	NaN
1.5657e-07	NaN
1.171e-07	NaN
9e-08	NaN
7.3924e-08	NaN
6.7517e-08	NaN
6.943e-08	NaN
7.831e-08	NaN
9.2808e-08	NaN
1.1157e-07	NaN
1.3325e-07	NaN
1.565e-07	NaN
1.7996e-07	NaN
2.0228e-07	NaN
2.223e-07	NaN
2.3984e-07	NaN
2.5509e-07	NaN
2.6823e-07	NaN
2.7944e-07	NaN
2.889e-07	NaN
2.968e-07	NaN
3.0332e-07	NaN
3.087e-07	NaN
3.1357e-07	NaN
3.1873e-07	NaN
3.2499e-07	NaN
3.3314e-07	NaN
3.4397e-07	NaN
3.583e-07	NaN
3.769e-07	NaN
4.0042e-07	NaN
4.2812e-07	NaN
4.5863e-07	NaN
4.9056e-07	NaN
5.2254e-07	NaN
5.5319e-07	NaN
5.8112e-07	NaN
6.0497e-07	NaN
6.2346e-07	NaN
6.3644e-07	NaN
6.4435e-07	NaN
6.4766e-07	NaN
6.468e-07	NaN
6.4224e-07	NaN
6.3443e-07	NaN
6.2382e-07	NaN
6.1087e-07	NaN
5.9589e-07	NaN
5.7916e-07	NaN
5.6093e-07	NaN
5.4147e-07	NaN
5.2103e-07	NaN
4.9987e-07	NaN
4.7825e-07	NaN
4.5645e-07	NaN
4.3491e-07	NaN
4.1424e-07	NaN
3.9501e-07	NaN
3.7782e-07	NaN
3.6325e-07	NaN
3.5191e-07	NaN
3.4438e-07	NaN
3.4117e-07	NaN
3.4152e-07	NaN
3.4357e-07	NaN
3.4541e-07	NaN
3.4513e-07	NaN
3.4084e-07	NaN
3.3063e-07	NaN
3.1259e-07	NaN
2.8497e-07	NaN
2.4931e-07	NaN
2.1045e-07	NaN
1.7335e-07	NaN
1.4296e-07	NaN
1.2425e-07	NaN
1.2219e-07	NaN
1.4173e-07	NaN
1.8783e-07	NaN
2.6477e-07	NaN
3.7612e-07	NaN
5.254e-07	NaN
7.1613e-07	NaN
9.5184e-07	NaN
1.236e-06	NaN
1.5723e-06	NaN
1.964e-06	NaN
2.4113e-06	NaN
2.9099e-06	NaN
3.4555e-06	NaN
4.0434e-06	NaN
4.6692e-06	NaN
5.3283e-06	NaN
6.0163e-06	NaN
6.7286e-06	NaN
7.4598e-06	NaN
8.2035e-06	NaN
8.9531e-06	NaN
9.7019e-06	NaN
1.0443e-05	NaN
1.1171e-05	NaN
1.1877e-05	NaN
1.2557e-05	NaN
1.3209e-05	NaN
1.3845e-05	NaN
1.4479e-05	NaN
1.5124e-05	NaN
1.5791e-05	NaN
1.6494e-05	NaN
1.7247e-05	NaN
1.8061e-05	NaN
1.8958e-05	NaN
1.9978e-05	NaN
2.1162e-05	NaN
2.255e-05	NaN
2.4184e-05	NaN
2.6105e-05	NaN
2.8355e-05	NaN
3.0974e-05	NaN
3.4e-05	NaN
3.7463e-05	NaN
4.1389e-05	NaN
4.5808e-05	NaN
5.0745e-05	NaN
5.6231e-05	NaN
6.2291e-05	NaN
6.8954e-05	NaN
7.6218e-05	NaN
8.4003e-05	NaN
9.2212e-05	NaN
0.00010075	NaN
0.00010952	NaN
0.00011843	NaN
0.00012738	NaN
0.00013627	NaN
0.00014503	NaN
0.00015364	NaN
0.00016208	NaN
0.00017034	NaN
0.00017841	NaN
0.00018629	NaN
0.00019396	NaN
0.0002014	NaN
0.00020866	NaN
0.00021595	NaN
0.00022352	NaN
0.00023162	NaN
0.00024051	NaN
0.00025044	NaN
0.00026166	NaN
0.00027444	NaN
0.00028902	NaN
0.00030567	NaN
0.00032467	NaN
0.00034629	NaN
0.00037079	NaN
0.00039845	NaN
0.00042953	NaN
0.00046432	NaN
0.00050299	NaN
0.00054532	NaN
0.00059093	NaN
0.00063945	NaN
0.00069048	NaN
0.00074367	NaN
0.00079862	NaN
0.00085496	NaN
0.00091228	NaN
0.00096997	NaN
0.0010273	NaN
0.0010836	NaN
0.0011382	NaN
0.0011903	NaN
0.0012392	NaN
0.0012843	NaN
0.001325	NaN
0.0013608	NaN
0.0013919	NaN
0.0014181	NaN
0.0014394	NaN
0.0014558	NaN
0.0014671	NaN
0.0014734	NaN
0.0014746	NaN
0.0014709	NaN
0.0014626	NaN
0.00145	NaN
0.0014335	NaN
0.0014134	NaN
0.0013899	NaN
0.0013634	NaN
0.0013342	NaN
0.0013025	NaN
0.0012685	NaN
0.0012324	NaN
0.0011945	NaN
0.0011548	NaN
0.0011136	NaN
0.0010711	NaN
0.0010274	NaN
0.00098285	NaN
0.00093777	NaN
0.00089249	NaN
0.00084734	NaN
0.00080264	NaN
0.00075873	NaN
0.00071594	NaN
0.0006746	NaN
0.00063509	NaN
0.00059784	NaN
0.00056327	NaN
0.0005318	NaN
0.00050386	NaN
0.00047987	NaN
0.00046025	NaN
0.00044542	NaN
0.00043545	NaN
0.00043012	NaN
0.0004292	NaN
0.00043246	NaN
0.00043964	NaN
0.00045051	NaN
0.00046484	NaN
0.00048239	NaN
0.00050303	NaN
0.00052671	NaN
0.00055341	NaN
0.0005831	NaN
0.00061574	NaN
0.00065132	NaN
0.0006898	NaN
0.00073115	NaN
0.0007754	NaN
0.00082267	NaN
0.00087305	NaN
0.00092667	NaN
0.00098362	NaN
0.001044	NaN
0.001108	NaN
0.0011756	NaN
0.0012469	NaN
0.0013218	NaN
0.0013999	NaN
0.0014813	NaN
0.0015657	NaN
0.0016529	NaN
0.0017427	NaN
0.0018351	NaN
0.0019295	NaN
0.0020248	NaN
0.0021197	NaN
0.0022132	NaN
0.002304	NaN
0.002391	NaN
0.0024731	NaN
0.0025489	NaN
0.0026175	NaN
0.0026777	NaN
0.0027284	NaN
0.0027686	NaN
0.0027972	NaN
0.0028131	NaN
0.0028152	NaN
0.0028025	NaN
0.0027745	NaN
0.0027315	NaN
0.0026744	NaN
0.0026039	NaN
0.0025208	NaN
0.0024256	NaN
0.0023192	NaN
0.0022023	NaN
0.002076	NaN
0.0019422	NaN
0.0018031	NaN
0.0016609	NaN
0.0015178	NaN
0.0013759	NaN
0.0012374	NaN
0.0011045	NaN
0.00097903	NaN
0.00086234	NaN
0.00075545	NaN
0.00065943	NaN
0.00057535	NaN
0.00050429	NaN
0.00044731	NaN
0.00040549	NaN
0.00037941	NaN
0.00036775	NaN
0.00036874	NaN
0.00038063	NaN
0.00040165	NaN
0.00043004	NaN
0.00046403	NaN
0.00050186	NaN
0.00054183	NaN
0.0005825	NaN
0.00062251	NaN
0.0006605	NaN
0.00069511	NaN
0.00072497	NaN
0.00074874	NaN
0.00076503	NaN
0.00077279	NaN
0.00077241	NaN
0.0007648	NaN
0.00075085	NaN
0.00073148	NaN
0.00070759	NaN
0.00068008	NaN
0.00064985	NaN
0.00061777	NaN
0.00058447	NaN
0.00055049	NaN
0.00051637	NaN
0.00048266	NaN
0.00044988	NaN
0.00041859	NaN
0.00038933	NaN
0.00036257	NaN
0.00033836	NaN
0.00031657	NaN
0.00029702	NaN
0.00027959	NaN
0.00026411	NaN
0.00025044	NaN
0.00023843	NaN
0.00022795	NaN
0.00021896	NaN
0.00021152	NaN
0.00020568	NaN
0.00020147	NaN
0.00019894	NaN
0.00019814	NaN
0.00019911	NaN
0.00020189	NaN
0.00020645	NaN
0.00021273	NaN
0.00022065	NaN
0.00023016	NaN
0.00024118	NaN
0.00025365	NaN
0.0002675	NaN
0.00028264	NaN
0.00029869	NaN
0.00031506	NaN
0.00033115	NaN
0.00034636	NaN
0.0003601	NaN
0.00037177	NaN
0.00038077	NaN
0.00038654	NaN
0.00038886	NaN
0.00038782	NaN
0.00038352	NaN
0.00037607	NaN
0.00036556	NaN
0.0003521	NaN
0.00033578	NaN
0.00031673	NaN
0.00029536	NaN
0.00027241	NaN
0.00024862	NaN
0.00022473	NaN
0.00020148	NaN
0.00017961	NaN
0.00015985	NaN
0.00014294	NaN
0.00012914	NaN
0.00011823	NaN
0.00010994	NaN
0.00010402	NaN
0.00010022	NaN
9.828e-05	NaN
9.7949e-05	NaN
9.897e-05	NaN
0.00010111	NaN
0.00010415	NaN
0.00010789	NaN
0.0001121	NaN
0.00011659	NaN
0.00012113	NaN
0.00012552	NaN
0.00012955	NaN
0.00013329	NaN
0.00013722	NaN
0.00014185	NaN
0.00014767	NaN
0.00015521	NaN
0.00016496	NaN
0.00017744	NaN
0.00019314	NaN
0.00021244	NaN
0.00023544	NaN
0.00026223	NaN
0.00029289	NaN
0.00032752	NaN
0.00036619	NaN
0.00040901	NaN
0.00045605	NaN
0.00050698	NaN
0.00056069	NaN
0.00061595	NaN
0.00067154	NaN
0.00072625	NaN
0.00077885	NaN
0.00082812	NaN
0.00087284	NaN
0.00091208	NaN
0.00094556	NaN
0.00097312	NaN
0.00099455	NaN
0.0010097	NaN
0.0010183	NaN
0.0010203	NaN
0.0010155	NaN
0.0010036	NaN
0.00098415	NaN
0.00095679	NaN
0.00092105	NaN
0.0008765	NaN
0.0008227	NaN
0.0007592	NaN
0.00068556	NaN
0.0006026	NaN
0.00051505	NaN
0.00042841	NaN
0.00034821	NaN
0.00027995	NaN
0.00022914	NaN
0.0002013	NaN
0.00020194	NaN
0.00023718	NaN
0.00031538	NaN
0.00044545	NaN
0.00063627	NaN
0.00089675	NaN
0.0012358	NaN
0.0016623	NaN
0.0021851	NaN
0.0028169	NaN
0.0035865	NaN
0.0045273	NaN
0.0056727	NaN
0.007056	NaN
0.0087106	NaN
0.01067	NaN
0.012967	NaN
0.015637	NaN
0.018718	NaN
0.02225	NaN
0.026275	NaN
0.030833	NaN
0.035964	NaN
0.041709	NaN
0.048108	NaN
0.055202	NaN
0.063031	NaN
0.071632	NaN
0.081046	NaN
0.09131	NaN
0.10247	-0.6027
0.11455	-0.60293
0.1276	-0.60154
0.14166	-0.59864
0.15673	-0.59435
0.17283	-0.58875
0.18996	-0.58194
0.20811	-0.574
0.2273	-0.56503
0.24753	-0.55513
0.2688	-0.54438
0.29111	-0.53287
0.3144	-0.52067
0.33857	-0.50778
0.36353	-0.49426
0.38919	-0.48013
0.41544	-0.46542
0.4422	-0.45017
0.46937	-0.4344
0.49685	-0.41815
0.52453	-0.40144
0.55226	-0.38426
0.57992	-0.36663
0.60738	-0.34855
0.63448	-0.33004
0.66112	-0.31109
0.68714	-0.29172
0.71242	-0.27194
0.73692	-0.25184
0.76065	-0.23153
0.78364	-0.21117
0.80589	-0.19088
0.82742	-0.1708
0.84826	-0.15106
0.86842	-0.1318
0.88791	-0.11315
0.9066	-0.095275
0.92425	-0.078366
0.94062	-0.062613
0.95547	-0.048204
0.96857	-0.035331
0.97967	-0.024181
0.98852	-0.014945
0.9949	-0.007807
0.99872	-0.002837
1	0
0.99879	0.00074332
0.99513	-0.00056783
0.98906	-0.0038942
0.98062	-0.0091966
0.96985	-0.016436
0.9568	-0.025573
0.94163	-0.036599
0.92464	-0.049534
0.90613	-0.064398
0.8864	-0.081213
0.86576	-0.1
0.8445	-0.12078
0.82292	-0.14358
0.80133	-0.16841
0.77985	-0.19524
0.75842	-0.22395
0.73696	-0.25444
0.71539	-0.28658
0.69363	-0.32027
0.67159	-0.35538
0.64921	-0.39181
0.62638	-0.42945
0.60309	-0.46846
0.57932	-0.5094
0.55509	-0.55288
0.53043	-0.59947
0.50532	-0.64978
0.4798	-0.7044
0.45387	-0.76393
0.42755	-0.82893
0.40091	-0.89895
0.37416	-0.97179
0.34752	-1.0451
0.32121	-1.1165
0.29543	-1.1836
0.2704	-1.2441
0.24634	-1.2956
0.22346	-1.3357
0.20192	-1.3659
0.18177	-1.3943
0.16305	-1.4302
0.14579	-1.4826
0.13004	-1.5607
0.11582	-1.6736
0.10319	-1.8305
0.092174	NaN
0.082768	NaN
0.074858	NaN
0.06832	NaN
0.063027	NaN
0.058853	NaN
0.055673	NaN
0.053361	NaN
0.05179	NaN
0.050852	NaN
0.050479	NaN
0.050612	NaN
0.051191	NaN
0.052157	NaN
0.053451	NaN
0.055011	NaN
0.05678	NaN
0.058697	NaN
0.0607	NaN
0.062729	NaN
0.064723	NaN
0.06662	NaN
0.06836	NaN
0.06988	NaN
0.07112	NaN
0.072029	NaN
0.07259	NaN
0.072797	NaN
0.072641	NaN
0.072114	NaN
0.071211	NaN
0.069921	NaN
0.068239	NaN
0.066166	NaN
0.063748	NaN
0.061042	NaN
0.058104	NaN
0.054992	NaN
0.051762	NaN
0.048471	NaN
0.045176	NaN
0.041929	NaN
0.03875	NaN
0.035653	NaN
0.032651	NaN
0.029754	NaN
0.026977	NaN
0.024332	NaN
0.02183	NaN
0.019485	NaN
0.017299	NaN
0.015275	NaN
0.013416	NaN
0.011721	NaN
0.010195	NaN
0.0088377	NaN
0.0076518	NaN
0.0066386	NaN
0.0057948	NaN
0.0051151	NaN
0.0045945	NaN
0.0042278	NaN
0.0040098	NaN
0.0039353	NaN
0.0039992	NaN
0.0041958	NaN
0.0045144	NaN
0.0049422	NaN
0.0054662	NaN
0.0060734	NaN
0.0067507	NaN
0.0074853	NaN
0.0082641	NaN
0.0090745	NaN
0.0099059	NaN
0.010749	NaN
0.011596	NaN
0.012437	NaN
0.013263	NaN
0.014066	NaN
0.014835	NaN
0.015564	NaN
0.016245	NaN
0.016876	NaN
0.017455	NaN
0.017976	NaN
0.018439	NaN
0.018839	NaN
0.019173	NaN
0.019439	NaN
0.019636	NaN
0.019767	NaN
0.019835	NaN
0.019842	NaN
0.01979	NaN
0.019683	NaN
0.019522	NaN
0.019311	NaN
0.019053	NaN
0.018753	NaN
0.018416	NaN
0.018045	NaN
0.017648	NaN
0.017227	NaN
0.016787	NaN
0.016334	NaN
0.015872	NaN
0.015403	NaN
0.014932	NaN
0.014461	NaN
0.013993	NaN
0.013533	NaN
0.013082	NaN
0.012645	NaN
0.012223	NaN
0.011815	NaN
0.01142	NaN
0.011038	NaN
0.010666	NaN
0.010305	NaN
0.0099542	NaN
0.0096115	NaN
0.0092767	NaN
0.0089488	NaN
0.0086271	NaN
0.008311	NaN
0.0079995	NaN
0.007692	NaN
0.0073877	NaN
0.0070859	NaN
0.0067865	NaN
0.0064907	NaN
0.0062001	NaN
0.0059157	NaN
0.0056391	NaN
0.0053715	NaN
0.0051143	NaN
0.0048689	NaN
0.0046361	NaN
0.0044165	NaN
0.0042102	NaN
0.0040176	NaN
0.0038389	NaN
0.0036745	NaN
0.0035245	NaN
0.0033894	NaN
0.003269	NaN
0.0031626	NaN
0.0030696	NaN
0.0029889	NaN
0.00292	NaN
0.0028618	NaN
0.0028138	NaN
0.002775	NaN
0.0027447	NaN
0.0027221	NaN
0.0027066	NaN
0.0026975	NaN
0.002694	NaN
0.0026955	NaN
0.0027012	NaN
0.0027104	NaN
0.0027226	NaN
0.0027374	NaN
0.0027546	NaN
0.0027738	NaN
0.0027949	NaN
0.0028176	NaN
0.0028416	NaN
0.0028667	NaN
0.0028925	NaN
0.0029183	NaN
0.0029433	NaN
0.0029668	NaN
0.0029879	NaN
0.0030059	NaN
0.0030201	NaN
0.0030295	NaN
0.0030336	NaN
0.0030324	NaN
0.003026	NaN
0.0030144	NaN
0.0029979	NaN
0.0029765	NaN
0.0029505	NaN
0.0029198	NaN
0.0028847	NaN
0.0028456	NaN
0.0028032	NaN
0.0027579	NaN
0.0027105	NaN
0.0026613	NaN
0.002611	NaN
0.0025601	NaN
0.0025092	NaN
0.0024587	NaN
0.002409	NaN
0.0023604	NaN
0.0023133	NaN
0.002268	NaN
0.002225	NaN
0.0021846	NaN
0.0021472	NaN
0.0021126	NaN
0.0020807	NaN
0.0020514	NaN
0.0020245	NaN
0.0019998	NaN
0.0019772	NaN
0.0019564	NaN
0.0019374	NaN
0.0019192	NaN
0.0019009	NaN
0.0018814	NaN
0.0018599	NaN
0.0018351	NaN
0.0018063	NaN
0.0017722	NaN
0.0017321	NaN
0.0016859	NaN
0.0016342	NaN
0.0015778	NaN
0.001517	NaN
0.0014527	NaN
0.0013853	NaN
0.0013154	NaN
0.0012438	NaN
0.001171	NaN
0.0010978	NaN
0.0010248	NaN
0.00095289	NaN
0.00088269	NaN
0.00081494	NaN
0.00075035	NaN
0.00068961	NaN
0.00063287	NaN
0.00057989	NaN
0.00053041	NaN
0.00048417	NaN
0.00044092	NaN
0.0004004	NaN
0.00036234	NaN
0.00032649	NaN
0.00029275	NaN
0.00026111	NaN
0.00023156	NaN
0.00020413	NaN
0.0001788	NaN
0.00015559	NaN
0.0001345	NaN
0.00011552	NaN
9.8641e-05	NaN
8.377e-05	NaN
7.0838e-05	NaN
5.9769e-05	NaN
5.0487e-05	NaN
4.2919e-05	NaN
3.6988e-05	NaN
3.2617e-05	NaN
2.9678e-05	NaN
2.7979e-05	NaN
2.7324e-05	NaN
2.7517e-05	NaN
2.8363e-05	NaN
2.9667e-05	NaN
3.1232e-05	NaN
3.2866e-05	NaN
3.4428e-05	NaN
3.5855e-05	NaN
3.7091e-05	NaN
3.8078e-05	NaN
3.8758e-05	NaN
3.9074e-05	NaN
3.8969e-05	NaN
3.8385e-05	NaN
3.731e-05	NaN
3.5798e-05	NaN
3.3911e-05	NaN
3.171e-05	NaN
2.9258e-05	NaN
2.6615e-05	NaN
2.3842e-05	NaN
2.1003e-05	NaN
1.8154e-05	NaN
1.5353e-05	NaN
1.2654e-05	NaN
1.0111e-05	NaN
7.7808e-06	NaN
5.7171e-06	NaN
3.9751e-06	NaN
2.6097e-06	NaN
1.6435e-06	NaN
1.0306e-06	NaN
7.1595e-07	NaN
6.4443e-07	NaN
7.6106e-07	NaN
1.0108e-06	NaN
1.3387e-06	NaN
1.6896e-06	NaN
2.0215e-06	NaN
2.3245e-06	NaN
2.5939e-06	NaN
2.8247e-06	NaN
3.0122e-06	NaN
3.1516e-06	NaN
3.238e-06	NaN
3.2667e-06	NaN
3.2365e-06	NaN
3.1575e-06	NaN
3.0416e-06	NaN
2.9009e-06	NaN
2.7473e-06	NaN
2.5929e-06	NaN
2.4496e-06	NaN
2.3294e-06	NaN
2.2409e-06	NaN
2.1806e-06	NaN
2.1422e-06	NaN
2.1196e-06	NaN
2.1067e-06	NaN
2.0972e-06	NaN
2.0851e-06	NaN
2.0642e-06	NaN
2.0299e-06	NaN
1.9842e-06	NaN
1.9309e-06	NaN
1.8736e-06	NaN
1.8161e-06	NaN
1.762e-06	NaN
1.715e-06	NaN
1.6788e-06	NaN
1.6566e-06	NaN
1.6486e-06	NaN
1.6541e-06	NaN
1.6727e-06	NaN
1.7036e-06	NaN
1.7463e-06	NaN
1.8001e-06	NaN
1.8646e-06	NaN
1.9385e-06	NaN
2.0188e-06	NaN
2.1014e-06	NaN
2.1823e-06	NaN
2.2574e-06	NaN
2.3227e-06	NaN
2.3742e-06	NaN
2.4078e-06	NaN
2.4198e-06	NaN
2.4094e-06	NaN
2.3766e-06	NaN
2.3216e-06	NaN
2.2443e-06	NaN
2.145e-06	NaN
2.0238e-06	NaN
1.8808e-06	NaN
1.7166e-06	NaN
1.5357e-06	NaN
1.3444e-06	NaN
1.1494e-06	NaN
9.5693e-07	NaN
7.7349e-07	NaN
6.055e-07	NaN
4.594e-07	NaN
3.4099e-07	NaN
2.4998e-07	NaN
1.8262e-07	NaN
1.3514e-07	NaN
1.0376e-07	NaN
8.4692e-08	NaN
7.416e-08	NaN
6.8386e-08	NaN
6.382e-08	NaN
5.9657e-08	NaN
5.6884e-08	NaN
5.6522e-08	NaN
5.9589e-08	NaN
6.7103e-08	NaN
8.0085e-08	NaN
9.9554e-08	NaN
1.2645e-07	NaN
1.6061e-07	NaN
2.0101e-07	NaN
2.4662e-07	NaN
2.964e-07	NaN
3.4932e-07	NaN
4.0434e-07	NaN
4.6044e-07	NaN
5.1654e-07	NaN
5.7127e-07	NaN
6.2294e-07	NaN
6.6984e-07	NaN
7.1029e-07	NaN
7.4257e-07	NaN
7.65e-07	NaN
7.7588e-07	NaN
7.7358e-07	NaN
7.5829e-07	NaN
7.32e-07	NaN
6.968e-07	NaN
6.5476e-07	NaN
6.0797e-07	NaN
5.5849e-07	NaN
5.0842e-07	NaN
4.5982e-07	NaN
4.1424e-07	NaN
3.7269e-07	NaN
3.361e-07	NaN
3.0544e-07	NaN
2.8165e-07	NaN
2.6569e-07	NaN
2.5852e-07	NaN
2.6107e-07	NaN
2.7362e-07	NaN
2.9557e-07	NaN
3.2625e-07	NaN
3.65e-07	NaN
4.1116e-07	NaN
4.6405e-07	NaN
5.2302e-07	NaN
5.8739e-07	NaN
6.5641e-07	NaN
7.2919e-07	NaN
8.0483e-07	NaN
8.8243e-07	NaN
9.6109e-07	NaN
1.0399e-06	NaN
1.118e-06	NaN
1.1944e-06	NaN
1.2678e-06	NaN
1.3361e-06	NaN
1.3973e-06	NaN
1.449e-06	NaN
1.4892e-06	NaN
1.5157e-06	NaN
1.5264e-06	NaN
1.519e-06	NaN
1.4927e-06	NaN
1.4497e-06	NaN
1.3922e-06	NaN
1.3227e-06	NaN
1.2435e-06	NaN
1.1571e-06	NaN
1.0658e-06	NaN
9.719e-07	NaN
8.7765e-07	NaN
7.8442e-07	NaN
6.9354e-07	NaN
6.0633e-07	NaN
5.2412e-07	NaN
4.4823e-07	NaN
3.7999e-07	NaN
3.2072e-07	NaN
2.7133e-07	NaN
2.3155e-07	NaN
2.0087e-07	NaN
1.788e-07	NaN
1.6485e-07	NaN
1.5852e-07	NaN
1.5932e-07	NaN
1.6675e-07	NaN
1.8032e-07	NaN
1.9954e-07	NaN
2.239e-07	NaN
2.5292e-07	NaN
2.8611e-07	NaN
3.2295e-07	NaN
3.6298e-07	NaN
