5.5117e-08	NaN
2.8658e-07	NaN
3.4592e-07	NaN
3.96e-07	NaN
4.3761e-07	NaN
4.715e-07	NaN
4.9846e-07	NaN
5.1924e-07	NaN
5.3463e-07	NaN
5.4538e-07	NaN
5.5228e-07	NaN
5.5609e-07	NaN
5.5758e-07	NaN
5.5753e-07	NaN
5.567e-07	NaN
5.5586e-07	NaN
5.5579e-07	NaN
5.5725e-07	NaN
5.6099e-07	NaN
5.6767e-07	NaN
5.779e-07	NaN
5.9229e-07	NaN
6.1145e-07	NaN
6.36e-07	NaN
6.6655e-07	NaN
7.037e-07	NaN
7.4789e-07	NaN
7.9821e-07	NaN
8.5325e-07	NaN
9.1157e-07	NaN
9.7178e-07	NaN
1.0324e-06	NaN
1.0921e-06	NaN
1.1494e-06	NaN
1.2029e-06	NaN
1.2519e-06	NaN
1.2959e-06	NaN
1.3343e-06	NaN
1.3666e-06	NaN
1.3924e-06	NaN
1.4111e-06	NaN
1.4222e-06	NaN
1.4252e-06	NaN
1.4201e-06	NaN
1.4073e-06	NaN
1.3869e-06	NaN
1.3592e-06	NaN
1.3244e-06	NaN
1.2829e-06	NaN
1.2349e-06	NaN
1.1806e-06	NaN
1.1206e-06	NaN
1.0555e-06	NaN
9.8609e-07	NaN
9.1302e-07	NaN
8.3698e-07	NaN
7.5867e-07	NaN
6.7876e-07	NaN
5.9803e-07	NaN
5.185e-07	NaN
4.4307e-07	NaN
3.7471e-07	NaN
3.1634e-07	NaN
2.7092e-07	NaN
2.4139e-07	NaN
2.3069e-07	NaN
2.4155e-07	NaN
2.731e-07	NaN
3.2132e-07	NaN
3.8212e-07	NaN
4.5139e-07	NaN
5.2502e-07	NaN
5.9893e-07	NaN
6.69e-07	NaN
7.3122e-07	NaN
7.8341e-07	NaN
8.2521e-07	NaN
8.5635e-07	NaN
8.7657e-07	NaN
8.8557e-07	NaN
8.831e-07	NaN
8.6887e-07	NaN
8.4268e-07	NaN
8.0611e-07	NaN
7.628e-07	NaN
7.1653e-07	NaN
6.7106e-07	NaN
6.3014e-07	NaN
5.9754e-07	NaN
5.7702e-07	NaN
5.7229e-07	NaN
5.8481e-07	NaN
6.1313e-07	NaN
6.5556e-07	NaN
7.1043e-07	NaN
7.7607e-07	NaN
8.508e-07	NaN
9.3295e-07	NaN
1.0209e-06	NaN
1.1145e-06	NaN
1.2163e-06	NaN
1.3288e-06	NaN
1.4548e-06	NaN
1.5966e-06	NaN
1.7571e-06	NaN
1.9388e-06	NaN
2.1443e-06	NaN
2.3742e-06	NaN
2.626e-06	NaN
2.8965e-06	NaN
3.1827e-06	NaN
3.4816e-06	NaN
3.7902e-06	NaN
4.1054e-06	NaN
4.4241e-06	NaN
4.7415e-06	NaN
5.049e-06	NaN
5.3374e-06	NaN
5.5977e-06	NaN
5.8208e-06	NaN
5.9976e-06	NaN
6.119e-06	NaN
6.1759e-06	NaN
6.1631e-06	NaN
6.0846e-06	NaN
5.9459e-06	NaN
5.7524e-06	NaN
5.5095e-06	NaN
5.2227e-06	NaN
4.8973e-06	NaN
4.5389e-06	NaN
4.1559e-06	NaN
3.7654e-06	NaN
3.3862e-06	NaN
3.0368e-06	NaN
2.7361e-06	NaN
2.5025e-06	NaN
2.3549e-06	NaN
2.3119e-06	NaN
2.3902e-06	NaN
2.6002e-06	NaN
2.9512e-06	NaN
3.452e-06	NaN
4.112e-06	NaN
4.9401e-06	NaN
5.9455e-06	NaN
7.1373e-06	NaN
8.5271e-06	NaN
1.0136e-05	NaN
1.1989e-05	NaN
1.4109e-05	NaN
1.652e-05	NaN
1.9247e-05	NaN
2.2312e-05	NaN
2.574e-05	NaN
2.9563e-05	NaN
3.385e-05	NaN
3.8679e-05	NaN
4.4131e-05	NaN
5.0284e-05	NaN
5.7218e-05	NaN
6.5012e-05	NaN
7.3746e-05	NaN
8.3486e-05	NaN
9.4225e-05	NaN
0.00010594	NaN
0.00011858	NaN
0.00013214	NaN
0.00014658	NaN
0.00016187	NaN
0.00017797	NaN
0.00019485	NaN
0.00021228	NaN
0.00023	NaN
0.00024774	NaN
0.00026524	NaN
0.00028222	NaN
0.00029842	NaN
0.00031357	NaN
0.00032742	NaN
0.0003398	NaN
0.00035058	NaN
0.00035963	NaN
0.00036684	NaN
0.00037208	NaN
0.00037522	NaN
0.00037613	NaN
0.00037472	NaN
0.00037101	NaN
0.00036511	NaN
0.00035715	NaN
0.00034723	NaN
0.00033547	NaN
0.00032199	NaN
0.00030689	NaN
0.00029031	NaN
0.00027264	NaN
0.00025442	NaN
0.00023619	NaN
0.00021848	NaN
0.00020185	NaN
0.00018682	NaN
0.00017396	NaN
0.00016379	NaN
0.00015692	NaN
0.00015398	NaN
0.00015561	NaN
0.00016244	NaN
0.0001751	NaN
0.00019423	NaN
0.00022047	NaN
0.00025442	NaN
0.00029617	NaN
0.00034538	NaN
0.0004017	NaN
0.00046477	NaN
0.00053424	NaN
0.00060976	NaN
0.00069096	NaN
0.00077752	NaN
0.00086924	NaN
0.00096614	NaN
0.0010682	NaN
0.0011755	NaN
0.0012879	NaN
0.0014056	NaN
0.0015284	NaN
0.0016564	NaN
0.0017893	NaN
0.0019265	NaN
0.0020674	NaN
0.0022113	NaN
0.0023576	NaN
0.0025056	NaN
0.0026548	NaN
0.0028044	NaN
0.0029538	NaN
0.003102	NaN
0.0032482	NaN
0.0033913	NaN
0.0035305	NaN
0.0036648	NaN
0.0037934	NaN
0.0039153	NaN
0.0040304	NaN
0.0041397	NaN
0.0042443	NaN
0.0043453	NaN
0.0044439	NaN
0.0045412	NaN
0.0046383	NaN
0.0047362	NaN
0.0048358	NaN
0.0049373	NaN
0.0050409	NaN
0.0051466	NaN
0.0052546	NaN
0.0053651	NaN
0.0054782	NaN
0.0055941	NaN
0.0057121	NaN
0.0058302	NaN
0.005946	NaN
0.0060572	NaN
0.0061615	NaN
0.0062567	NaN
0.0063403	NaN
0.0064101	NaN
0.0064641	NaN
0.0065012	NaN
0.0065206	NaN
0.006521	NaN
0.0065017	NaN
0.0064616	NaN
0.0063997	NaN
0.0063151	NaN
0.0062074	NaN
0.0060782	NaN
0.0059293	NaN
0.0057626	NaN
0.00558	NaN
0.0053833	NaN
0.0051744	NaN
0.0049552	NaN
0.0047275	NaN
0.0044933	NaN
0.0042547	NaN
0.0040136	NaN
0.003772	NaN
0.0035319	NaN
0.0032953	NaN
0.0030643	NaN
0.0028405	NaN
0.0026244	NaN
0.0024165	NaN
0.0022168	NaN
0.0020258	NaN
0.0018437	NaN
0.0016708	NaN
0.0015073	NaN
0.0013536	NaN
0.0012094	NaN
0.0010746	NaN
0.00094911	NaN
0.00083268	NaN
0.00072514	NaN
0.00062633	NaN
0.00053607	NaN
0.00045417	NaN
0.00038032	NaN
0.00031416	NaN
0.00025534	NaN
0.0002035	NaN
0.00015831	NaN
0.00011941	NaN
8.6438e-05	NaN
5.9069e-05	NaN
3.7066e-05	NaN
2.0234e-05	NaN
8.379e-06	NaN
1.3056e-06	NaN
1.1807e-06	NaN
7.2553e-07	NaN
6.8295e-06	NaN
1.6948e-05	NaN
3.0984e-05	NaN
4.8878e-05	NaN
7.0574e-05	NaN
9.6013e-05	NaN
0.00012514	NaN
0.00015789	NaN
0.00019421	NaN
0.00023399	NaN
0.0002767	NaN
0.00032158	NaN
0.00036786	NaN
0.00041476	NaN
0.00046154	NaN
0.00050742	NaN
0.00055164	NaN
0.00059346	NaN
0.00063252	NaN
0.00066866	NaN
0.00070174	NaN
0.00073161	NaN
0.00075812	NaN
0.00078112	NaN
0.00080047	NaN
0.00081602	NaN
0.00082768	NaN
0.00083539	NaN
0.00083907	NaN
0.00083867	NaN
0.00083412	NaN
0.00082537	NaN
0.00081234	NaN
0.000795	NaN
0.00077368	NaN
0.00074905	NaN
0.00072175	NaN
0.00069246	NaN
0.00066182	NaN
0.00063051	NaN
0.00059918	NaN
0.00056848	NaN
0.00053872	NaN
0.00050988	NaN
0.00048194	NaN
0.00045488	NaN
0.00042868	NaN
0.00040331	NaN
0.00037874	NaN
0.00035496	NaN
0.00033194	NaN
0.0003097	NaN
0.00028821	NaN
0.00026748	NaN
0.0002475	NaN
0.00022827	NaN
0.00020979	NaN
0.00019205	NaN
0.00017512	NaN
0.00015918	NaN
0.00014439	NaN
0.00013091	NaN
0.00011894	NaN
0.00010862	NaN
0.00010015	NaN
9.3682e-05	NaN
8.9462e-05	NaN
8.7824e-05	NaN
8.9114e-05	NaN
9.3673e-05	NaN
0.00010184	NaN
0.00011397	NaN
0.0001304	NaN
0.00015147	NaN
0.00017736	NaN
0.00020797	NaN
0.00024318	NaN
0.00028287	NaN
0.00032691	NaN
0.00037518	NaN
0.00042756	NaN
0.00048392	NaN
0.00054366	NaN
0.00060527	NaN
0.00066713	NaN
0.00072761	NaN
0.0007851	NaN
0.00083796	NaN
0.00088458	NaN
0.00092333	NaN
0.00095315	NaN
0.00097424	NaN
0.000987	NaN
0.0009918	NaN
0.00098904	NaN
0.00097911	NaN
0.00096238	NaN
0.00093924	NaN
0.00091008	NaN
0.00087523	NaN
0.00083505	NaN
0.00078988	NaN
0.00074006	NaN
0.00068594	NaN
0.00062786	NaN
0.00056617	NaN
0.00050153	NaN
0.00043561	NaN
0.00037027	NaN
0.00030739	NaN
0.00024883	NaN
0.00019647	NaN
0.00015217	NaN
0.00011779	NaN
9.581e-05	NaN
9.0882e-05	NaN
0.00010819	NaN
0.00015291	NaN
0.00023022	NaN
0.00034531	NaN
0.00050336	NaN
0.00070953	NaN
0.0009724	NaN
0.0013154	NaN
0.001766	NaN
0.0023518	NaN
0.0031002	NaN
0.0040388	NaN
0.0051951	NaN
0.0065965	NaN
0.0082735	NaN
0.010271	NaN
0.012639	NaN
0.015427	NaN
0.018685	NaN
0.022463	NaN
0.026811	NaN
0.031778	NaN
0.037413	NaN
0.04376	NaN
0.05086	NaN
0.058754	NaN
0.067484	NaN
0.07709	NaN
0.087615	NaN
0.099099	NaN
0.11158	-0.59934
0.12511	-0.59279
0.1397	-0.58539
0.15541	-0.57715
0.17227	-0.56807
0.1903	-0.55813
0.20956	-0.54734
0.23008	-0.53569
0.25188	-0.52317
0.27493	-0.50986
0.29917	-0.49584
0.32453	-0.4812
0.35096	-0.46603
0.37837	-0.45043
0.40672	-0.43448
0.43593	-0.41827
0.46593	-0.40189
0.49655	-0.38537
0.52757	-0.36868
0.55876	-0.35183
0.58988	-0.33478
0.62071	-0.31754
0.65103	-0.30008
0.68061	-0.2824
0.70922	-0.26448
0.73676	-0.24636
0.7632	-0.22809
0.78851	-0.20975
0.81267	-0.19139
0.83563	-0.17308
0.85737	-0.15488
0.87787	-0.13685
0.8971	-0.11906
0.91498	-0.10166
0.93142	-0.08489
0.94633	-0.068971
0.95961	-0.054134
0.97117	-0.040609
0.98092	-0.028625
0.98875	-0.01841
0.99458	-0.010189
0.99834	-0.0040589
1	0
0.99951	0.0020114
0.99684	0.001999
0.99195	-1.3051e-05
0.9848	-0.0040011
0.97536	-0.0099412
0.96359	-0.017809
0.94962	-0.027581
0.93375	-0.039231
0.91628	-0.052732
0.89751	-0.068061
0.87774	-0.08519
0.85728	-0.10409
0.83643	-0.12475
0.81549	-0.14713
0.79461	-0.17117
0.77375	-0.1968
0.75287	-0.2239
0.73192	-0.2524
0.71085	-0.2822
0.68961	-0.31321
0.66816	-0.34533
0.64644	-0.37847
0.62442	-0.41284
0.60205	-0.44906
0.5793	-0.48777
0.55612	-0.52963
0.53247	-0.57527
0.50832	-0.62535
0.48363	-0.68052
0.45835	-0.7414
0.43254	-0.80757
0.40638	-0.87678
0.38007	-0.94663
0.35383	-1.0147
0.32785	-1.0786
0.30234	-1.136
0.2775	-1.1844
0.25354	-1.2214
0.23062	-1.2484
0.20883	-1.2738
0.18828	-1.3067
0.16904	-1.3563
0.15121	-1.4319
0.13488	-1.5427
0.12014	-1.6978
0.10707	-1.9064
0.095714	NaN
0.085954	NaN
0.07767	NaN
0.070738	NaN
0.065035	NaN
0.060437	NaN
0.056818	NaN
0.054057	NaN
0.052041	NaN
0.050696	NaN
0.049954	NaN
0.049745	NaN
0.050001	NaN
0.050651	NaN
0.051629	NaN
0.052864	NaN
0.054293	NaN
0.055876	NaN
0.057574	NaN
0.059349	NaN
0.061162	NaN
0.062976	NaN
0.064752	NaN
0.066452	NaN
0.068037	NaN
0.069465	NaN
0.070693	NaN
0.071677	NaN
0.072374	NaN
0.072742	NaN
0.072736	NaN
0.072315	NaN
0.071445	NaN
0.070148	NaN
0.068457	NaN
0.066405	NaN
0.064025	NaN
0.061352	NaN
0.058418	NaN
0.055257	NaN
0.051905	NaN
0.048405	NaN
0.044807	NaN
0.041158	NaN
0.037507	NaN
0.033901	NaN
0.030388	NaN
0.027016	NaN
0.023829	NaN
0.020846	NaN
0.018078	NaN
0.015533	NaN
0.013221	NaN
0.011152	NaN
0.0093365	NaN
0.0077835	NaN
0.0065006	NaN
0.0054803	NaN
0.0047082	NaN
0.0041699	NaN
0.0038511	NaN
0.0037374	NaN
0.0038144	NaN
0.0040678	NaN
0.0044825	NaN
0.0050388	NaN
0.005714	NaN
0.0064859	NaN
0.007332	NaN
0.0082298	NaN
0.0091568	NaN
0.010091	NaN
0.01101	NaN
0.011904	NaN
0.012768	NaN
0.013598	NaN
0.01439	NaN
0.015138	NaN
0.015839	NaN
0.016489	NaN
0.017083	NaN
0.017619	NaN
0.018099	NaN
0.018521	NaN
0.018886	NaN
0.019195	NaN
0.019448	NaN
0.019644	NaN
0.019784	NaN
0.019869	NaN
0.019899	NaN
0.019874	NaN
0.019796	NaN
0.019664	NaN
0.01948	NaN
0.019244	NaN
0.018956	NaN
0.01862	NaN
0.018242	NaN
0.017827	NaN
0.017381	NaN
0.016909	NaN
0.016418	NaN
0.015912	NaN
0.015398	NaN
0.014879	NaN
0.014359	NaN
0.01384	NaN
0.013325	NaN
0.012818	NaN
0.01232	NaN
0.011835	NaN
0.011365	NaN
0.010912	NaN
0.010478	NaN
0.010063	NaN
0.0096684	NaN
0.0092942	NaN
0.0089417	NaN
0.0086118	NaN
0.0083051	NaN
0.0080212	NaN
0.0077579	NaN
0.0075125	NaN
0.0072827	NaN
0.0070659	NaN
0.0068597	NaN
0.0066616	NaN
0.006469	NaN
0.0062802	NaN
0.0060941	NaN
0.0059099	NaN
0.0057266	NaN
0.0055434	NaN
0.0053594	NaN
0.0051737	NaN
0.0049854	NaN
0.0047943	NaN
0.0046012	NaN
0.0044073	NaN
0.0042135	NaN
0.0040208	NaN
0.0038304	NaN
0.0036431	NaN
0.0034602	NaN
0.0032823	NaN
0.00311	NaN
0.0029434	NaN
0.002783	NaN
0.002629	NaN
0.0024819	NaN
0.0023419	NaN
0.0022093	NaN
0.0020844	NaN
0.0019665	NaN
0.0018554	NaN
0.0017504	NaN
0.0016511	NaN
0.001557	NaN
0.0014675	NaN
0.0013822	NaN
0.0013007	NaN
0.0012224	NaN
0.0011471	NaN
0.0010744	NaN
0.001004	NaN
0.00093538	NaN
0.00086829	NaN
0.00080234	NaN
0.00073731	NaN
0.00067348	NaN
0.00061127	NaN
0.00055106	NaN
0.00049328	NaN
0.00043831	NaN
0.00038656	NaN
0.00033843	NaN
0.00029425	NaN
0.00025399	NaN
0.00021755	NaN
0.00018481	NaN
0.00015567	NaN
0.00013002	NaN
0.00010775	NaN
8.8749e-05	NaN
7.2877e-05	NaN
5.9848e-05	NaN
4.9331e-05	NaN
4.0993e-05	NaN
3.4501e-05	NaN
2.9524e-05	NaN
2.5728e-05	NaN
2.2783e-05	NaN
2.0383e-05	NaN
1.8402e-05	NaN
1.6773e-05	NaN
1.543e-05	NaN
1.4307e-05	NaN
1.3339e-05	NaN
1.2459e-05	NaN
1.1603e-05	NaN
1.0711e-05	NaN
9.78e-06	NaN
8.8302e-06	NaN
7.8811e-06	NaN
6.9523e-06	NaN
6.0635e-06	NaN
5.2344e-06	NaN
4.4848e-06	NaN
3.8324e-06	NaN
3.2791e-06	NaN
2.8188e-06	NaN
2.4455e-06	NaN
2.1531e-06	NaN
1.9355e-06	NaN
1.7865e-06	NaN
1.7002e-06	NaN
1.6705e-06	NaN
1.6937e-06	NaN
1.7671e-06	NaN
1.8879e-06	NaN
2.0535e-06	NaN
2.2611e-06	NaN
2.5082e-06	NaN
2.7919e-06	NaN
3.1098e-06	NaN
3.4593e-06	NaN
3.8385e-06	NaN
4.2452e-06	NaN
4.6773e-06	NaN
5.1327e-06	NaN
5.6092e-06	NaN
6.1049e-06	NaN
6.6163e-06	NaN
7.1216e-06	NaN
7.5847e-06	NaN
7.969e-06	NaN
8.2381e-06	NaN
8.3554e-06	NaN
8.2844e-06	NaN
7.9886e-06	NaN
7.435e-06	NaN
6.6567e-06	NaN
5.746e-06	NaN
4.7972e-06	NaN
3.9045e-06	NaN
3.1624e-06	NaN
2.6651e-06	NaN
2.507e-06	NaN
2.7829e-06	NaN
3.6026e-06	NaN
5.091e-06	NaN
7.3738e-06	NaN
1.0577e-05	NaN
1.4825e-05	NaN
2.0245e-05	NaN
2.6963e-05	NaN
3.5099e-05	NaN
4.4651e-05	NaN
5.5471e-05	NaN
6.74e-05	NaN
8.028e-05	NaN
9.3951e-05	NaN
0.00010826	NaN
0.00012304	NaN
0.00013814	NaN
0.00015335	NaN
0.00016844	NaN
0.00018315	NaN
0.00019723	NaN
0.00021042	NaN
0.00022248	NaN
0.00023314	NaN
0.00024217	NaN
0.00024941	NaN
0.00025488	NaN
0.00025861	NaN
0.00026063	NaN
0.00026098	NaN
0.00025968	NaN
0.00025676	NaN
0.00025226	NaN
0.00024628	NaN
0.00023904	NaN
0.00023079	NaN
0.00022174	NaN
0.00021216	NaN
0.00020227	NaN
0.00019231	NaN
0.00018252	NaN
0.00017309	NaN
0.00016412	NaN
0.00015567	NaN
0.00014783	NaN
0.00014066	NaN
0.00013425	NaN
0.00012867	NaN
0.00012399	NaN
0.00012026	NaN
0.00011739	NaN
0.00011528	NaN
0.00011384	NaN
0.00011299	NaN
0.00011261	NaN
0.00011262	NaN
0.00011292	NaN
0.00011341	NaN
0.00011404	NaN
0.00011471	NaN
0.00011535	NaN
0.00011588	NaN
0.00011624	NaN
0.00011634	NaN
0.00011611	NaN
0.00011549	NaN
0.00011446	NaN
0.00011302	NaN
0.00011115	NaN
0.00010887	NaN
0.00010615	NaN
0.000103	NaN
9.9403e-05	NaN
9.5375e-05	NaN
9.0964e-05	NaN
8.6237e-05	NaN
8.1257e-05	NaN
7.6089e-05	NaN
7.0798e-05	NaN
6.5448e-05	NaN
6.0104e-05	NaN
5.4829e-05	NaN
4.9668e-05	NaN
4.4666e-05	NaN
3.9866e-05	NaN
3.531e-05	NaN
3.1043e-05	NaN
2.7106e-05	NaN
2.3543e-05	NaN
2.0388e-05	NaN
1.7623e-05	NaN
1.5208e-05	NaN
1.3107e-05	NaN
1.1282e-05	NaN
9.695e-06	NaN
8.3085e-06	NaN
7.0846e-06	NaN
5.9888e-06	NaN
5.0071e-06	NaN
4.134e-06	NaN
3.3643e-06	NaN
2.6926e-06	NaN
2.1134e-06	NaN
1.6215e-06	NaN
1.2116e-06	NaN
8.7803e-07	NaN
6.1392e-07	NaN
4.1161e-07	NaN
2.6348e-07	NaN
1.6188e-07	NaN
9.9171e-08	NaN
6.7718e-08	NaN
5.9881e-08	NaN
6.8348e-08	NaN
8.9005e-08	NaN
1.1954e-07	NaN
1.5766e-07	NaN
2.0108e-07	NaN
2.475e-07	NaN
2.9463e-07	NaN
3.4018e-07	NaN
3.8204e-07	NaN
4.2016e-07	NaN
4.5585e-07	NaN
4.9045e-07	NaN
5.2529e-07	NaN
5.6172e-07	NaN
6.0106e-07	NaN
6.4465e-07	NaN
6.9379e-07	NaN
7.4907e-07	NaN
8.1055e-07	NaN
8.7832e-07	NaN
9.5242e-07	NaN
1.0329e-06	NaN
1.1199e-06	NaN
1.2133e-06	NaN
1.3132e-06	NaN
1.417e-06	NaN
1.5198e-06	NaN
1.6167e-06	NaN
1.7029e-06	NaN
1.7735e-06	NaN
1.8236e-06	NaN
1.8483e-06	NaN
1.8429e-06	NaN
1.8075e-06	NaN
1.7469e-06	NaN
1.6661e-06	NaN
1.5703e-06	NaN
1.4644e-06	NaN
1.3535e-06	NaN
1.2426e-06	NaN
1.1367e-06	NaN
1.0386e-06	NaN
9.4854e-07	NaN
8.6675e-07	NaN
7.9333e-07	NaN
7.2841e-07	NaN
6.7215e-07	NaN
6.2467e-07	NaN
5.861e-07	NaN
5.5586e-07	NaN
5.3241e-07	NaN
5.1415e-07	NaN
4.9947e-07	NaN
4.8676e-07	NaN
4.7441e-07	NaN
4.6083e-07	NaN
4.4443e-07	NaN
4.2439e-07	NaN
4.0118e-07	NaN
3.7536e-07	NaN
3.4747e-07	NaN
3.1807e-07	NaN
2.8773e-07	NaN
2.57e-07	NaN
2.2643e-07	NaN
1.9651e-07	NaN
1.6763e-07	NaN
1.4013e-07	NaN
1.1437e-07	NaN
9.0711e-08	NaN
6.9515e-08	NaN
5.1139e-08	NaN
3.594e-08	NaN
2.4055e-08	NaN
1.5161e-08	NaN
8.8742e-09	NaN
4.813e-09	NaN
2.5945e-09	NaN
1.8359e-09	NaN
2.1546e-09	NaN
3.1682e-09	NaN
4.5571e-09	NaN
6.1568e-09	NaN
7.8259e-09	NaN
9.4233e-09	NaN
1.0808e-08	NaN
1.1838e-08	NaN
1.2373e-08	NaN
1.2271e-08	NaN
1.1471e-08	NaN
1.0145e-08	NaN
8.5048e-09	NaN
6.7619e-09	NaN
5.1289e-09	NaN
3.8181e-09	NaN
3.0417e-09	NaN
3.0119e-09	NaN
3.9408e-09	NaN
6.0408e-09	NaN
9.524e-09	NaN
1.4603e-08	NaN
2.1489e-08	NaN
3.0395e-08	NaN
4.1534e-08	NaN
