2.1493e-08	NaN
1.6592e-08	NaN
1.2595e-08	NaN
9.625e-09	NaN
7.801e-09	NaN
7.2443e-09	NaN
8.0753e-09	NaN
1.0415e-08	NaN
1.4383e-08	NaN
2.0101e-08	NaN
2.7689e-08	NaN
3.7268e-08	NaN
4.8845e-08	NaN
6.1794e-08	NaN
7.5272e-08	NaN
8.8432e-08	NaN
1.0043e-07	NaN
1.1042e-07	NaN
1.1756e-07	NaN
1.21e-07	NaN
1.2008e-07	NaN
1.1532e-07	NaN
1.077e-07	NaN
9.8244e-08	NaN
8.7938e-08	NaN
7.7787e-08	NaN
6.879e-08	NaN
6.1947e-08	NaN
5.8156e-08	NaN
5.7496e-08	NaN
5.9661e-08	NaN
6.4341e-08	NaN
7.1227e-08	NaN
8.001e-08	NaN
9.038e-08	NaN
1.0203e-07	NaN
1.1463e-07	NaN
1.2779e-07	NaN
1.4105e-07	NaN
1.5395e-07	NaN
1.6603e-07	NaN
1.7684e-07	NaN
1.8593e-07	NaN
1.9284e-07	NaN
1.9718e-07	NaN
1.9939e-07	NaN
2.0046e-07	NaN
2.0137e-07	NaN
2.031e-07	NaN
2.0663e-07	NaN
2.1295e-07	NaN
2.2305e-07	NaN
2.3788e-07	NaN
2.5818e-07	NaN
2.8449e-07	NaN
3.1738e-07	NaN
3.5737e-07	NaN
4.0502e-07	NaN
4.6089e-07	NaN
5.255e-07	NaN
5.9929e-07	NaN
6.8047e-07	NaN
7.6535e-07	NaN
8.5019e-07	NaN
9.3125e-07	NaN
1.0048e-06	NaN
1.067e-06	NaN
1.1143e-06	NaN
1.1429e-06	NaN
1.1526e-06	NaN
1.1461e-06	NaN
1.1266e-06	NaN
1.097e-06	NaN
1.0603e-06	NaN
1.0195e-06	NaN
9.7763e-07	NaN
9.3769e-07	NaN
9.0248e-07	NaN
8.7454e-07	NaN
8.5642e-07	NaN
8.5068e-07	NaN
8.5986e-07	NaN
8.8651e-07	NaN
9.3318e-07	NaN
1.0024e-06	NaN
1.0943e-06	NaN
1.2065e-06	NaN
1.3362e-06	NaN
1.4804e-06	NaN
1.6365e-06	NaN
1.8016e-06	NaN
1.9729e-06	NaN
2.1478e-06	NaN
2.3284e-06	NaN
2.5242e-06	NaN
2.7455e-06	NaN
3.0024e-06	NaN
3.3053e-06	NaN
3.6642e-06	NaN
4.0895e-06	NaN
4.5912e-06	NaN
5.1779e-06	NaN
5.8553e-06	NaN
6.6286e-06	NaN
7.503e-06	NaN
8.484e-06	NaN
9.5767e-06	NaN
1.0787e-05	NaN
1.2119e-05	NaN
1.3566e-05	NaN
1.5098e-05	NaN
1.6679e-05	NaN
1.8275e-05	NaN
1.9852e-05	NaN
2.1374e-05	NaN
2.2808e-05	NaN
2.4119e-05	NaN
2.5297e-05	NaN
2.6389e-05	NaN
2.7452e-05	NaN
2.8541e-05	NaN
2.9715e-05	NaN
3.1027e-05	NaN
3.2536e-05	NaN
3.4298e-05	NaN
3.6382e-05	NaN
3.8904e-05	NaN
4.1981e-05	NaN
4.5735e-05	NaN
5.0286e-05	NaN
5.5754e-05	NaN
6.2259e-05	NaN
6.9921e-05	NaN
7.8819e-05	NaN
8.8895e-05	NaN
0.00010006	NaN
0.00011223	NaN
0.00012532	NaN
0.00013924	NaN
0.0001539	NaN
0.00016922	NaN
0.00018509	NaN
0.00020132	NaN
0.0002177	NaN
0.00023401	NaN
0.00025005	NaN
0.0002656	NaN
0.00028046	NaN
0.00029441	NaN
0.00030726	NaN
0.00031894	NaN
0.00032941	NaN
0.00033863	NaN
0.00034655	NaN
0.00035314	NaN
0.00035835	NaN
0.00036213	NaN
0.00036447	NaN
0.0003654	NaN
0.00036499	NaN
0.00036331	NaN
0.00036043	NaN
0.00035641	NaN
0.00035132	NaN
0.00034522	NaN
0.00033821	NaN
0.00033044	NaN
0.00032211	NaN
0.00031342	NaN
0.00030458	NaN
0.00029578	NaN
0.00028723	NaN
0.00027911	NaN
0.00027163	NaN
0.00026493	NaN
0.00025914	NaN
0.00025438	NaN
0.00025079	NaN
0.00024848	NaN
0.00024758	NaN
0.00024822	NaN
0.0002505	NaN
0.00025441	NaN
0.00025985	NaN
0.00026671	NaN
0.0002749	NaN
0.00028432	NaN
0.00029487	NaN
0.00030645	NaN
0.00031896	NaN
0.00033231	NaN
0.0003464	NaN
0.00036115	NaN
0.00037646	NaN
0.00039223	NaN
0.00040837	NaN
0.00042479	NaN
0.00044141	NaN
0.00045819	NaN
0.00047515	NaN
0.00049232	NaN
0.00050971	NaN
0.00052734	NaN
0.00054523	NaN
0.00056341	NaN
0.0005819	NaN
0.00060085	NaN
0.00062054	NaN
0.00064124	NaN
0.00066322	NaN
0.00068676	NaN
0.00071213	NaN
0.00073959	NaN
0.00076944	NaN
0.00080202	NaN
0.00083778	NaN
0.00087717	NaN
0.00092062	NaN
0.00096858	NaN
0.0010215	NaN
0.0010798	NaN
0.001144	NaN
0.001214	NaN
0.0012896	NaN
0.0013703	NaN
0.0014557	NaN
0.0015455	NaN
0.0016393	NaN
0.0017367	NaN
0.0018372	NaN
0.0019405	NaN
0.0020459	NaN
0.0021527	NaN
0.0022605	NaN
0.0023685	NaN
0.0024762	NaN
0.0025829	NaN
0.002688	NaN
0.0027912	NaN
0.0028926	NaN
0.0029925	NaN
0.0030909	NaN
0.003188	NaN
0.0032839	NaN
0.0033789	NaN
0.003473	NaN
0.0035662	NaN
0.0036577	NaN
0.0037469	NaN
0.003833	NaN
0.0039152	NaN
0.003993	NaN
0.0040654	NaN
0.0041319	NaN
0.0041917	NaN
0.0042443	NaN
0.0042891	NaN
0.0043255	NaN
0.004353	NaN
0.004371	NaN
0.0043789	NaN
0.0043762	NaN
0.0043629	NaN
0.00434	NaN
0.004309	NaN
0.0042712	NaN
0.0042278	NaN
0.0041804	NaN
0.0041301	NaN
0.0040784	NaN
0.0040264	NaN
0.0039748	NaN
0.0039244	NaN
0.0038758	NaN
0.0038298	NaN
0.0037868	NaN
0.0037478	NaN
0.0037132	NaN
0.0036837	NaN
0.0036594	NaN
0.0036402	NaN
0.0036262	NaN
0.0036173	NaN
0.0036136	NaN
0.0036151	NaN
0.0036217	NaN
0.0036336	NaN
0.0036506	NaN
0.0036728	NaN
0.0037002	NaN
0.0037328	NaN
0.0037707	NaN
0.0038137	NaN
0.003862	NaN
0.0039154	NaN
0.0039728	NaN
0.0040332	NaN
0.0040953	NaN
0.004158	NaN
0.0042201	NaN
0.0042804	NaN
0.0043378	NaN
0.0043912	NaN
0.0044402	NaN
0.0044847	NaN
0.0045247	NaN
0.0045601	NaN
0.0045907	NaN
0.0046165	NaN
0.0046372	NaN
0.0046531	NaN
0.0046652	NaN
0.0046748	NaN
0.0046837	NaN
0.0046931	NaN
0.0047046	NaN
0.0047196	NaN
0.0047397	NaN
0.0047662	NaN
0.0048003	NaN
0.0048429	NaN
0.0048951	NaN
0.0049577	NaN
0.0050318	NaN
0.0051183	NaN
0.0052181	NaN
0.0053323	NaN
0.0054614	NaN
0.0056058	NaN
0.0057658	NaN
0.0059419	NaN
0.0061345	NaN
0.006344	NaN
0.0065707	NaN
0.006815	NaN
0.0070767	NaN
0.0073553	NaN
0.0076503	NaN
0.0079612	NaN
0.0082874	NaN
0.0086284	NaN
0.0089838	NaN
0.0093528	NaN
0.0097317	NaN
0.010115	NaN
0.010497	NaN
0.010871	NaN
0.011232	NaN
0.011575	NaN
0.011893	NaN
0.012181	NaN
0.012435	NaN
0.012652	NaN
0.012829	NaN
0.012964	NaN
0.013054	NaN
0.013096	NaN
0.013087	NaN
0.013026	NaN
0.012912	NaN
0.012749	NaN
0.012539	NaN
0.012286	NaN
0.011994	NaN
0.011665	NaN
0.011302	NaN
0.01091	NaN
0.010492	NaN
0.010051	NaN
0.009594	NaN
0.0091238	NaN
0.0086454	NaN
0.0081632	NaN
0.0076819	NaN
0.0072057	NaN
0.0067381	NaN
0.0062806	NaN
0.0058347	NaN
0.0054022	NaN
0.0049845	NaN
0.0045832	NaN
0.0041998	NaN
0.003836	NaN
0.0034928	NaN
0.0031711	NaN
0.0028713	NaN
0.002594	NaN
0.0023399	NaN
0.0021096	NaN
0.0019036	NaN
0.0017225	NaN
0.0015663	NaN
0.0014332	NaN
0.0013216	NaN
0.0012299	NaN
0.0011563	NaN
0.0010993	NaN
0.001057	NaN
0.0010278	NaN
0.0010099	NaN
0.0010013	NaN
0.00099965	NaN
0.001003	NaN
0.0010091	NaN
0.0010159	NaN
0.0010213	NaN
0.001023	NaN
0.0010195	NaN
0.0010097	NaN
0.00099309	NaN
0.00096882	NaN
0.0009362	NaN
0.00089451	NaN
0.00084301	NaN
0.00078098	NaN
0.00070863	NaN
0.00062861	NaN
0.00054402	NaN
0.00045794	NaN
0.00037347	NaN
0.00029367	NaN
0.00022165	NaN
0.00016048	NaN
0.00011263	NaN
7.852e-05	NaN
5.822e-05	NaN
5.1774e-05	NaN
5.9235e-05	NaN
8.0652e-05	NaN
0.00011608	NaN
0.00016556	NaN
0.00022928	NaN
0.00030787	NaN
0.00040208	NaN
0.00051266	NaN
0.00064037	NaN
0.00078594	NaN
0.00095013	NaN
0.0011337	NaN
0.0013405	NaN
0.0015888	NaN
0.0019002	NaN
0.0022967	NaN
0.0028003	NaN
0.0034328	NaN
0.004216	NaN
0.005172	NaN
0.0063237	NaN
0.0077006	NaN
0.0093342	NaN
0.011256	NaN
0.013497	NaN
0.016089	NaN
0.019063	NaN
0.022452	NaN
0.026284	NaN
0.030578	NaN
0.03535	NaN
0.040613	NaN
0.046384	NaN
0.052677	NaN
0.059506	NaN
0.066887	NaN
0.074844	NaN
0.083472	NaN
0.092897	NaN
0.10324	-0.61627
0.11464	-0.6077
0.12722	-0.59789
0.14109	-0.58715
0.1564	-0.57581
0.17324	-0.56418
0.19161	-0.5524
0.21143	-0.54055
0.2326	-0.52869
0.25505	-0.51688
0.27871	-0.50521
0.30348	-0.49372
0.32928	-0.48249
0.35602	-0.47157
0.38351	-0.46088
0.41148	-0.45022
0.43967	-0.43941
0.46781	-0.42829
0.49565	-0.41665
0.52292	-0.40433
0.54936	-0.39113
0.57472	-0.37689
0.599	-0.36159
0.62236	-0.34529
0.64496	-0.32806
0.66696	-0.30999
0.68854	-0.29114
0.70985	-0.2716
0.73106	-0.25142
0.75232	-0.2307
0.77364	-0.2096
0.7949	-0.18837
0.81599	-0.16724
0.83678	-0.14645
0.85716	-0.12625
0.877	-0.10689
0.89619	-0.088595
0.91461	-0.071614
0.93203	-0.056125
0.94814	-0.042257
0.96264	-0.030131
0.97521	-0.019873
0.98555	-0.011607
0.99333	-0.0054572
0.99825	-0.0015476
1	0
0.99854	-0.00086973
0.99412	-0.0041406
0.98696	-0.0097931
0.97732	-0.017807
0.96546	-0.028164
0.95161	-0.040843
0.93603	-0.055825
0.91895	-0.07309
0.90059	-0.092598
0.88108	-0.11428
0.86057	-0.13807
0.83918	-0.16391
0.81706	-0.19172
0.79434	-0.22143
0.77118	-0.25299
0.74769	-0.28631
0.72394	-0.32131
0.69986	-0.35781
0.67539	-0.39566
0.65045	-0.4347
0.62497	-0.47476
0.59888	-0.51568
0.57211	-0.55731
0.54459	-0.59948
0.51635	-0.64232
0.48757	-0.68642
0.45845	-0.73242
0.4292	-0.78095
0.4	-0.83265
0.37107	-0.88816
0.34259	-0.94811
0.31478	-1.0131
0.28781	-1.083
0.26184	-1.156
0.23702	-1.2301
0.21349	-1.3032
0.1914	-1.3735
0.17091	-1.439
0.15216	-1.4976
0.1353	-1.5474
0.12041	-1.5893
0.10739	-1.6306
0.096151	NaN
0.086573	NaN
0.078549	NaN
0.071972	NaN
0.066731	NaN
0.062719	NaN
0.059825	NaN
0.057929	NaN
0.056912	NaN
0.056654	NaN
0.057035	NaN
0.057936	NaN
0.059236	NaN
0.060816	NaN
0.062572	NaN
0.064448	NaN
0.066398	NaN
0.068376	NaN
0.070335	NaN
0.07223	NaN
0.074014	NaN
0.07564	NaN
0.077064	NaN
0.078244	NaN
0.079139	NaN
0.079708	NaN
0.07991	NaN
0.079704	NaN
0.07905	NaN
0.077906	NaN
0.076245	NaN
0.074098	NaN
0.071512	NaN
0.068533	NaN
0.065208	NaN
0.061583	NaN
0.057705	NaN
0.05362	NaN
0.049378	NaN
0.045047	NaN
0.040697	NaN
0.036401	NaN
0.032229	NaN
0.028255	NaN
0.024549	NaN
0.021184	NaN
0.018223	NaN
0.015674	NaN
0.013529	NaN
0.011776	NaN
0.010407	NaN
0.0094096	NaN
0.0087751	NaN
0.008493	NaN
0.008549	NaN
0.0088982	NaN
0.0094827	NaN
0.010245	NaN
0.011126	NaN
0.012068	NaN
0.013013	NaN
0.013904	NaN
0.014685	NaN
0.015332	NaN
0.015836	NaN
0.016187	NaN
0.016376	NaN
0.016394	NaN
0.016232	NaN
0.015879	NaN
0.01533	NaN
0.014602	NaN
0.013728	NaN
0.01274	NaN
0.011671	NaN
0.010555	NaN
0.0094221	NaN
0.0083069	NaN
0.0072406	NaN
0.0062403	NaN
0.0053135	NaN
0.0044674	NaN
0.0037094	NaN
0.0030467	NaN
0.0024866	NaN
0.0020363	NaN
0.0017024	NaN
0.001479	NaN
0.0013509	NaN
0.0013023	NaN
0.0013176	NaN
0.0013811	NaN
0.0014772	NaN
0.0015903	NaN
0.001705	NaN
0.0018122	NaN
0.0019088	NaN
0.0019917	NaN
0.0020578	NaN
0.002104	NaN
0.0021274	NaN
0.0021248	NaN
0.0020933	NaN
0.0020339	NaN
0.0019514	NaN
0.0018507	NaN
0.0017371	NaN
0.0016154	NaN
0.0014908	NaN
0.0013683	NaN
0.0012529	NaN
0.0011472	NaN
0.001051	NaN
0.0009638	NaN
0.00088534	NaN
0.00081519	NaN
0.00075294	NaN
0.0006982	NaN
0.00065059	NaN
0.00060941	NaN
0.00057361	NaN
0.00054209	NaN
0.00051375	NaN
0.0004875	NaN
0.00046224	NaN
0.00043687	NaN
0.00041032	NaN
0.00038202	NaN
0.00035233	NaN
0.00032166	NaN
0.00029042	NaN
0.00025904	NaN
0.00022793	NaN
0.00019752	NaN
0.00016821	NaN
0.00014039	NaN
0.00011432	NaN
9.0263e-05	NaN
6.8485e-05	NaN
4.9247e-05	NaN
3.2813e-05	NaN
1.9445e-05	NaN
9.4056e-06	NaN
2.7871e-06	NaN
6.882e-07	NaN
1.3481e-06	NaN
4.7977e-07	NaN
4.4677e-06	NaN
1.0288e-05	NaN
1.7613e-05	NaN
2.6115e-05	NaN
3.5466e-05	NaN
4.534e-05	NaN
5.5409e-05	NaN
6.5346e-05	NaN
7.4825e-05	NaN
8.3517e-05	NaN
9.1097e-05	NaN
9.7236e-05	NaN
0.00010169	NaN
0.00010449	NaN
0.00010568	NaN
0.00010533	NaN
0.00010351	NaN
0.00010029	NaN
9.5718e-05	NaN
8.9869e-05	NaN
8.2862e-05	NaN
7.5012e-05	NaN
6.6682e-05	NaN
5.8233e-05	NaN
5.0026e-05	NaN
4.2422e-05	NaN
3.5783e-05	NaN
3.0469e-05	NaN
2.6754e-05	NaN
2.4541e-05	NaN
2.3636e-05	NaN
2.3843e-05	NaN
2.497e-05	NaN
2.6823e-05	NaN
2.9206e-05	NaN
3.1926e-05	NaN
3.4801e-05	NaN
3.7704e-05	NaN
4.0528e-05	NaN
4.3164e-05	NaN
4.5503e-05	NaN
4.7438e-05	NaN
4.8859e-05	NaN
4.966e-05	NaN
4.9757e-05	NaN
4.9218e-05	NaN
4.8168e-05	NaN
4.6728e-05	NaN
4.5024e-05	NaN
4.3177e-05	NaN
4.1311e-05	NaN
3.955e-05	NaN
3.7998e-05	NaN
3.6636e-05	NaN
3.5392e-05	NaN
3.4192e-05	NaN
3.2963e-05	NaN
3.1632e-05	NaN
3.0126e-05	NaN
2.8373e-05	NaN
2.6312e-05	NaN
2.3998e-05	NaN
2.1542e-05	NaN
1.9055e-05	NaN
1.6648e-05	NaN
1.4432e-05	NaN
1.2519e-05	NaN
1.1019e-05	NaN
1.0033e-05	NaN
9.5574e-06	NaN
9.5272e-06	NaN
9.8773e-06	NaN
1.0542e-05	NaN
1.1458e-05	NaN
1.2558e-05	NaN
1.3777e-05	NaN
1.5052e-05	NaN
1.6337e-05	NaN
1.7596e-05	NaN
1.8796e-05	NaN
1.9903e-05	NaN
2.0881e-05	NaN
2.1697e-05	NaN
2.2316e-05	NaN
2.2708e-05	NaN
2.2909e-05	NaN
2.3002e-05	NaN
2.3075e-05	NaN
2.3213e-05	NaN
2.3503e-05	NaN
2.4031e-05	NaN
2.4884e-05	NaN
2.6144e-05	NaN
2.782e-05	NaN
2.9857e-05	NaN
3.2198e-05	NaN
3.4784e-05	NaN
3.7558e-05	NaN
4.0462e-05	NaN
4.3439e-05	NaN
4.643e-05	NaN
4.938e-05	NaN
5.2233e-05	NaN
5.4934e-05	NaN
5.7427e-05	NaN
5.9659e-05	NaN
6.1572e-05	NaN
6.3114e-05	NaN
6.4228e-05	NaN
6.4894e-05	NaN
6.5125e-05	NaN
6.4939e-05	NaN
6.4353e-05	NaN
6.3385e-05	NaN
6.2051e-05	NaN
6.0369e-05	NaN
5.8356e-05	NaN
5.6045e-05	NaN
5.3489e-05	NaN
5.0742e-05	NaN
4.7858e-05	NaN
4.4891e-05	NaN
4.1896e-05	NaN
3.8928e-05	NaN
3.604e-05	NaN
3.3285e-05	NaN
3.0714e-05	NaN
2.8378e-05	NaN
2.6327e-05	NaN
2.4612e-05	NaN
2.3283e-05	NaN
2.239e-05	NaN
2.1984e-05	NaN
2.2082e-05	NaN
2.2639e-05	NaN
2.3604e-05	NaN
2.4926e-05	NaN
2.6553e-05	NaN
2.8434e-05	NaN
3.0519e-05	NaN
3.2755e-05	NaN
3.5096e-05	NaN
3.7505e-05	NaN
3.9946e-05	NaN
4.2383e-05	NaN
4.478e-05	NaN
4.7102e-05	NaN
4.9312e-05	NaN
5.1375e-05	NaN
5.326e-05	NaN
5.495e-05	NaN
5.6432e-05	NaN
5.7689e-05	NaN
5.8708e-05	NaN
5.9473e-05	NaN
5.997e-05	NaN
6.0185e-05	NaN
6.0109e-05	NaN
5.9758e-05	NaN
5.9148e-05	NaN
5.8299e-05	NaN
5.7227e-05	NaN
5.5952e-05	NaN
5.4491e-05	NaN
5.2863e-05	NaN
5.1085e-05	NaN
4.9185e-05	NaN
4.7185e-05	NaN
4.5113e-05	NaN
4.2993e-05	NaN
4.0851e-05	NaN
3.8713e-05	NaN
3.6603e-05	NaN
3.4544e-05	NaN
3.2537e-05	NaN
3.0581e-05	NaN
2.8675e-05	NaN
2.6816e-05	NaN
2.5003e-05	NaN
2.3234e-05	NaN
2.1507e-05	NaN
1.9821e-05	NaN
1.8178e-05	NaN
1.658e-05	NaN
1.5029e-05	NaN
1.3528e-05	NaN
1.2079e-05	NaN
1.0685e-05	NaN
9.347e-06	NaN
8.0693e-06	NaN
6.8588e-06	NaN
5.7241e-06	NaN
4.674e-06	NaN
3.7172e-06	NaN
2.8622e-06	NaN
2.118e-06	NaN
1.493e-06	NaN
9.9405e-07	NaN
6.1382e-07	NaN
3.3934e-07	NaN
1.576e-07	NaN
5.5583e-08	NaN
2.0279e-08	NaN
3.8672e-08	NaN
9.775e-08	NaN
1.8515e-07	NaN
2.9374e-07	NaN
4.1895e-07	NaN
5.5621e-07	NaN
7.0097e-07	NaN
8.4865e-07	NaN
9.947e-07	NaN
1.1346e-06	NaN
1.2638e-06	NaN
1.3799e-06	NaN
1.4811e-06	NaN
1.5657e-06	NaN
1.6322e-06	NaN
1.6789e-06	NaN
1.7042e-06	NaN
1.7063e-06	NaN
1.684e-06	NaN
1.6388e-06	NaN
1.5743e-06	NaN
1.4941e-06	NaN
1.4019e-06	NaN
1.3012e-06	NaN
1.1958e-06	NaN
1.0891e-06	NaN
9.848e-07	NaN
8.85e-07	NaN
7.909e-07	NaN
7.0365e-07	NaN
6.2439e-07	NaN
5.5429e-07	NaN
4.9448e-07	NaN
4.4613e-07	NaN
4.1029e-07	NaN
3.8632e-07	NaN
3.7213e-07	NaN
3.6554e-07	NaN
3.6442e-07	NaN
3.6658e-07	NaN
3.6989e-07	NaN
3.7217e-07	NaN
3.7132e-07	NaN
3.6637e-07	NaN
3.5747e-07	NaN
3.4483e-07	NaN
3.2868e-07	NaN
3.0923e-07	NaN
2.867e-07	NaN
2.6129e-07	NaN
2.3323e-07	NaN
2.031e-07	NaN
1.7189e-07	NaN
1.4062e-07	NaN
1.1028e-07	NaN
8.1894e-08	NaN
5.6471e-08	NaN
3.5021e-08	NaN
1.854e-08	NaN
7.3745e-09	NaN
9.9205e-10	NaN
1.2e-09	NaN
2.0517e-10	NaN
4.6146e-09	NaN
1.1435e-08	NaN
2.0074e-08	NaN
2.9938e-08	NaN
4.0463e-08	NaN
5.1133e-08	NaN
6.1431e-08	NaN
7.0843e-08	NaN
7.8856e-08	NaN
8.4954e-08	NaN
8.8623e-08	NaN
8.9352e-08	NaN
8.6989e-08	NaN
8.2032e-08	NaN
7.5045e-08	NaN
6.6593e-08	NaN
5.7243e-08	NaN
4.756e-08	NaN
3.8108e-08	NaN
2.9453e-08	NaN
2.2023e-08	NaN
1.5962e-08	NaN
1.1375e-08	NaN
8.3696e-09	NaN
7.0521e-09	NaN
7.5292e-09	NaN
9.9074e-09	NaN
1.4293e-08	NaN
2.0629e-08	NaN
2.8457e-08	NaN
3.726e-08	NaN
4.6518e-08	NaN
5.5714e-08	NaN
6.4329e-08	NaN
7.1844e-08	NaN
7.7742e-08	NaN
8.167e-08	NaN
8.3753e-08	NaN
8.4202e-08	NaN
8.3228e-08	NaN
8.1041e-08	NaN
7.7853e-08	NaN
7.3875e-08	NaN
6.9316e-08	NaN
6.4389e-08	NaN
5.9304e-08	NaN
5.4272e-08	NaN
4.9503e-08	NaN
4.521e-08	NaN
4.1601e-08	NaN
3.8889e-08	NaN
3.7284e-08	NaN
5.536e-08	NaN
4.7741e-08	NaN
4.0424e-08	NaN
3.353e-08	NaN
2.718e-08	NaN
