1.0344e-07	NaN
1.0684e-07	NaN
1.1231e-07	NaN
1.2012e-07	NaN
1.3054e-07	NaN
1.4386e-07	NaN
1.6034e-07	NaN
1.8013e-07	NaN
2.0272e-07	NaN
2.2734e-07	NaN
2.5323e-07	NaN
2.7964e-07	NaN
3.0581e-07	NaN
3.3097e-07	NaN
3.5438e-07	NaN
3.7527e-07	NaN
3.93e-07	NaN
4.0693e-07	NaN
4.1644e-07	NaN
4.2091e-07	NaN
4.1971e-07	NaN
4.1221e-07	NaN
3.9779e-07	NaN
3.7599e-07	NaN
3.4766e-07	NaN
3.1427e-07	NaN
2.7729e-07	NaN
2.3821e-07	NaN
1.9849e-07	NaN
1.5961e-07	NaN
1.2306e-07	NaN
9.0274e-08	NaN
6.2523e-08	NaN
4.0955e-08	NaN
2.6721e-08	NaN
2.097e-08	NaN
2.4853e-08	NaN
3.952e-08	NaN
6.612e-08	NaN
1.0569e-07	NaN
1.5801e-07	NaN
2.2202e-07	NaN
2.9667e-07	NaN
3.809e-07	NaN
4.7364e-07	NaN
5.7384e-07	NaN
6.8044e-07	NaN
7.9241e-07	NaN
9.091e-07	NaN
1.0301e-06	NaN
1.1551e-06	NaN
1.2838e-06	NaN
1.4157e-06	NaN
1.5504e-06	NaN
1.6877e-06	NaN
1.8272e-06	NaN
1.9674e-06	NaN
2.1063e-06	NaN
2.2418e-06	NaN
2.3717e-06	NaN
2.4939e-06	NaN
2.6064e-06	NaN
2.7069e-06	NaN
2.7934e-06	NaN
2.8664e-06	NaN
2.9287e-06	NaN
2.9831e-06	NaN
3.0327e-06	NaN
3.0803e-06	NaN
3.1288e-06	NaN
3.1811e-06	NaN
3.2402e-06	NaN
3.3078e-06	NaN
3.3846e-06	NaN
3.4711e-06	NaN
3.5679e-06	NaN
3.6754e-06	NaN
3.7944e-06	NaN
3.9252e-06	NaN
4.0687e-06	NaN
4.2295e-06	NaN
4.418e-06	NaN
4.6449e-06	NaN
4.9208e-06	NaN
5.2565e-06	NaN
5.6626e-06	NaN
6.1499e-06	NaN
6.729e-06	NaN
7.414e-06	NaN
8.2236e-06	NaN
9.1773e-06	NaN
1.0294e-05	NaN
1.1594e-05	NaN
1.3096e-05	NaN
1.4819e-05	NaN
1.6783e-05	NaN
1.8997e-05	NaN
2.1454e-05	NaN
2.4146e-05	NaN
2.7063e-05	NaN
3.0197e-05	NaN
3.3538e-05	NaN
3.7079e-05	NaN
4.0811e-05	NaN
4.4711e-05	NaN
4.8733e-05	NaN
5.2827e-05	NaN
5.6943e-05	NaN
6.103e-05	NaN
6.5039e-05	NaN
6.892e-05	NaN
7.2622e-05	NaN
7.61e-05	NaN
7.9316e-05	NaN
8.2237e-05	NaN
8.4828e-05	NaN
8.7055e-05	NaN
8.8881e-05	NaN
9.0273e-05	NaN
9.1196e-05	NaN
9.1656e-05	NaN
9.1773e-05	NaN
9.1689e-05	NaN
9.1543e-05	NaN
9.1477e-05	NaN
9.1631e-05	NaN
9.2146e-05	NaN
9.3163e-05	NaN
9.4799e-05	NaN
9.7098e-05	NaN
0.00010009	NaN
0.0001038	NaN
0.00010825	NaN
0.00011348	NaN
0.00011952	NaN
0.00012638	NaN
0.00013409	NaN
0.00014256	NaN
0.00015173	NaN
0.0001615	NaN
0.00017178	NaN
0.0001825	NaN
0.00019357	NaN
0.0002049	NaN
0.00021643	NaN
0.00022816	NaN
0.00024012	NaN
0.00025234	NaN
0.00026486	NaN
0.00027769	NaN
0.00029088	NaN
0.00030444	NaN
0.00031839	NaN
0.00033264	NaN
0.00034706	NaN
0.00036151	NaN
0.00037588	NaN
0.00039003	NaN
0.00040383	NaN
0.00041717	NaN
0.00042992	NaN
0.00044217	NaN
0.00045403	NaN
0.00046565	NaN
0.00047715	NaN
0.00048867	NaN
0.00050033	NaN
0.00051227	NaN
0.00052462	NaN
0.00053736	NaN
0.00055047	NaN
0.00056389	NaN
0.00057759	NaN
0.00059152	NaN
0.00060563	NaN
0.00061988	NaN
0.00063423	NaN
0.00064861	NaN
0.00066291	NaN
0.00067707	NaN
0.00069098	NaN
0.00070456	NaN
0.00071773	NaN
0.00073039	NaN
0.00074247	NaN
0.00075395	NaN
0.00076486	NaN
0.00077523	NaN
0.0007851	NaN
0.0007945	NaN
0.00080345	NaN
0.000812	NaN
0.00082015	NaN
0.00082782	NaN
0.00083483	NaN
0.000841	NaN
0.00084614	NaN
0.00085008	NaN
0.00085264	NaN
0.00085363	NaN
0.00085289	NaN
0.00085044	NaN
0.0008465	NaN
0.00084127	NaN
0.00083496	NaN
0.00082778	NaN
0.00081994	NaN
0.00081164	NaN
0.0008031	NaN
0.00079459	NaN
0.00078642	NaN
0.00077893	NaN
0.00077244	NaN
0.00076728	NaN
0.00076377	NaN
0.00076223	NaN
0.00076299	NaN
0.00076616	NaN
0.00077159	NaN
0.00077916	NaN
0.00078872	NaN
0.00080012	NaN
0.00081323	NaN
0.00082791	NaN
0.000844	NaN
0.00086119	NaN
0.00087892	NaN
0.00089662	NaN
0.00091373	NaN
0.00092968	NaN
0.0009439	NaN
0.00095582	NaN
0.00096489	NaN
0.00097074	NaN
0.00097331	NaN
0.00097256	NaN
0.00096848	NaN
0.00096102	NaN
0.00095015	NaN
0.00093584	NaN
0.00091806	NaN
0.00089688	NaN
0.00087254	NaN
0.00084533	NaN
0.0008155	NaN
0.00078333	NaN
0.00074908	NaN
0.00071302	NaN
0.00067541	NaN
0.00063655	NaN
0.00059673	NaN
0.00055627	NaN
0.00051547	NaN
0.00047464	NaN
0.00043409	NaN
0.00039412	NaN
0.00035505	NaN
0.00031724	NaN
0.00028112	NaN
0.00024719	NaN
0.0002159	NaN
0.00018773	NaN
0.00016315	NaN
0.00014264	NaN
0.00012665	NaN
0.00011546	NaN
0.00010872	NaN
0.00010599	NaN
0.00010686	NaN
0.00011087	NaN
0.0001176	NaN
0.00012661	NaN
0.00013746	NaN
0.00014972	NaN
0.00016288	NaN
0.00017647	NaN
0.00018999	NaN
0.00020294	NaN
0.00021485	NaN
0.0002252	NaN
0.00023352	NaN
0.00023939	NaN
0.00024275	NaN
0.00024359	NaN
0.00024191	NaN
0.00023772	NaN
0.00023103	NaN
0.00022182	NaN
0.00021012	NaN
0.00019598	NaN
0.00017984	NaN
0.00016221	NaN
0.0001436	NaN
0.00012452	NaN
0.0001055	NaN
8.7042e-05	NaN
6.9664e-05	NaN
5.385e-05	NaN
3.9922e-05	NaN
2.8147e-05	NaN
1.8792e-05	NaN
1.2126e-05	NaN
8.4167e-06	NaN
7.9306e-06	NaN
1.0936e-05	NaN
1.7616e-05	NaN
2.7626e-05	NaN
4.0415e-05	NaN
5.543e-05	NaN
7.2121e-05	NaN
8.9936e-05	NaN
0.00010832	NaN
0.00012673	NaN
0.00014465	NaN
0.00016188	NaN
0.00017835	NaN
0.00019401	NaN
0.0002088	NaN
0.00022264	NaN
0.00023549	NaN
0.00024728	NaN
0.00025795	NaN
0.00026757	NaN
0.00027625	NaN
0.00028408	NaN
0.00029119	NaN
0.00029768	NaN
0.00030367	NaN
0.00030925	NaN
0.00031454	NaN
0.00031954	NaN
0.00032421	NaN
0.00032849	NaN
0.00033236	NaN
0.00033574	NaN
0.00033861	NaN
0.00034091	NaN
0.00034261	NaN
0.00034381	NaN
0.00034473	NaN
0.00034558	NaN
0.00034659	NaN
0.00034795	NaN
0.00034989	NaN
0.00035262	NaN
0.00035636	NaN
0.00036116	NaN
0.00036699	NaN
0.00037382	NaN
0.0003816	NaN
0.0003903	NaN
0.00039987	NaN
0.00041027	NaN
0.00042146	NaN
0.00043343	NaN
0.00044618	NaN
0.00045971	NaN
0.00047403	NaN
0.00048914	NaN
0.00050505	NaN
0.00052175	NaN
0.00053929	NaN
0.00055829	NaN
0.00058009	NaN
0.00060603	NaN
0.00063746	NaN
0.00067575	NaN
0.00072225	NaN
0.0007783	NaN
0.0008453	NaN
0.00092546	NaN
0.0010221	NaN
0.0011387	NaN
0.0012786	NaN
0.0014452	NaN
0.0016419	NaN
0.0018721	NaN
0.0021392	NaN
0.002444	NaN
0.0027838	NaN
0.0031554	NaN
0.0035559	NaN
0.0039821	NaN
0.0044309	NaN
0.0048994	NaN
0.0053844	NaN
0.0058821	NaN
0.0063874	NaN
0.0068951	NaN
0.0074	NaN
0.007897	NaN
0.0083807	NaN
0.0088461	NaN
0.0092878	NaN
0.0097036	NaN
0.010097	NaN
0.01047	NaN
0.010829	NaN
0.011176	NaN
0.011516	NaN
0.011851	NaN
0.012187	NaN
0.012525	NaN
0.012869	NaN
0.013218	NaN
0.013576	NaN
0.013943	NaN
0.014321	NaN
0.014711	NaN
0.015116	NaN
0.015535	NaN
0.01597	NaN
0.016421	NaN
0.016886	NaN
0.017366	NaN
0.017861	NaN
0.01837	NaN
0.018894	NaN
0.019434	NaN
0.01999	NaN
0.020568	NaN
0.021169	NaN
0.021797	NaN
0.022454	NaN
0.023144	NaN
0.02387	NaN
0.024635	NaN
0.025441	NaN
0.026293	NaN
0.027193	NaN
0.028145	NaN
0.029151	NaN
0.030216	NaN
0.031343	NaN
0.032536	NaN
0.033806	NaN
0.035165	NaN
0.036627	NaN
0.038204	NaN
0.039909	NaN
0.041754	NaN
0.043752	NaN
0.045915	NaN
0.048257	NaN
0.050789	NaN
0.053526	NaN
0.05648	NaN
0.059663	NaN
0.063088	NaN
0.066769	NaN
0.070714	NaN
0.074912	NaN
0.079344	NaN
0.08399	NaN
0.088829	NaN
0.093843	NaN
0.099013	NaN
0.10432	-0.055375
0.10974	-0.065386
0.11527	-0.074471
0.12091	-0.082732
0.12665	-0.090271
0.13249	-0.097191
0.13843	-0.10359
0.14447	-0.10958
0.1506	-0.11526
0.15682	-0.12072
0.16318	-0.12603
0.16971	-0.13123
0.17649	-0.13636
0.18357	-0.14145
0.191	-0.14654
0.19884	-0.15169
0.20713	-0.15692
0.21595	-0.16226
0.22536	-0.16762
0.23543	-0.1728
0.24624	-0.17763
0.25787	-0.18193
0.27039	-0.18551
0.28388	-0.18819
0.2984	-0.18979
0.31405	-0.19013
0.33088	-0.18915
0.34892	-0.18689
0.36824	-0.18335
0.38888	-0.17857
0.41088	-0.17257
0.43429	-0.16537
0.45917	-0.157
0.48554	-0.14749
0.51334	-0.13696
0.54239	-0.12562
0.57253	-0.1137
0.60359	-0.10139
0.63539	-0.088907
0.66778	-0.076468
0.70057	-0.064282
0.73358	-0.052558
0.76652	-0.041461
0.79891	-0.031115
0.8303	-0.021644
0.86025	-0.013169
0.88829	-0.0058137
0.91397	0.00029939
0.93683	0.0050477
0.95642	0.0083097
0.97248	0.0099978
0.98493	0.010061
0.99371	0.0084483
0.99876	0.0051113
1	0
0.99738	-0.0069353
0.99083	-0.015744
0.98029	-0.026474
0.96581	-0.039069
0.94758	-0.05335
0.92578	-0.069128
0.90061	-0.086216
0.87227	-0.10443
0.84095	-0.12357
0.80684	-0.14346
0.77013	-0.16391
0.73112	-0.18506
0.6902	-0.20753
0.6478	-0.23194
0.60433	-0.25894
0.56021	-0.28918
0.51585	-0.32328
0.47168	-0.36189
0.42812	-0.40564
0.38554	-0.45447
0.34427	-0.50719
0.30465	-0.56248
0.26699	-0.61903
0.23163	-0.67553
0.19888	-0.73068
0.16908	-0.78316
0.14254	-0.8317
0.11942	-0.87813
0.099522	NaN
0.082633	NaN
0.068523	NaN
0.056966	NaN
0.047739	NaN
0.040615	NaN
0.03537	NaN
0.031772	NaN
0.029576	NaN
0.028535	NaN
0.028402	NaN
0.02893	NaN
0.029872	NaN
0.03098	NaN
0.032008	NaN
0.032773	NaN
0.033262	NaN
0.033488	NaN
0.033468	NaN
0.033214	NaN
0.032742	NaN
0.032065	NaN
0.031199	NaN
0.03016	NaN
0.028977	NaN
0.027678	NaN
0.026292	NaN
0.02485	NaN
0.023381	NaN
0.021913	NaN
0.020477	NaN
0.019093	NaN
0.017759	NaN
0.016465	NaN
0.015199	NaN
0.013952	NaN
0.012715	NaN
0.011476	NaN
0.010226	NaN
0.0089611	NaN
0.0076998	NaN
0.0064686	NaN
0.0052935	NaN
0.0042006	NaN
0.0032159	NaN
0.0023656	NaN
0.0016756	NaN
0.0011665	NaN
0.00083105	NaN
0.00065323	NaN
0.000617	NaN
0.00070631	NaN
0.00090512	NaN
0.0011974	NaN
0.001567	NaN
0.0019978	NaN
0.0024715	NaN
0.0029693	NaN
0.0034724	NaN
0.0039621	NaN
0.0044195	NaN
0.0048259	NaN
0.0051624	NaN
0.0054125	NaN
0.0055756	NaN
0.0056582	NaN
0.0056667	NaN
0.0056075	NaN
0.0054871	NaN
0.0053119	NaN
0.0050884	NaN
0.0048232	NaN
0.0045237	NaN
0.0041982	NaN
0.0038548	NaN
0.0035017	NaN
0.0031469	NaN
0.0027985	NaN
0.0024648	NaN
0.0021537	NaN
0.0018709	NaN
0.0016213	NaN
0.0014095	NaN
0.0012401	NaN
0.0011178	NaN
0.0010473	NaN
0.0010332	NaN
0.0010799	NaN
0.0011874	NaN
0.0013528	NaN
0.0015733	NaN
0.0018458	NaN
0.0021675	NaN
0.0025355	NaN
0.0029468	NaN
0.0033983	NaN
0.0038844	NaN
0.0043973	NaN
0.0049292	NaN
0.0054724	NaN
0.006019	NaN
0.0065614	NaN
0.0070916	NaN
0.0076021	NaN
0.0080865	NaN
0.0085404	NaN
0.0089589	NaN
0.0093374	NaN
0.0096712	NaN
0.0099557	NaN
0.010186	NaN
0.010358	NaN
0.010471	NaN
0.010529	NaN
0.010535	NaN
0.010495	NaN
0.010411	NaN
0.010287	NaN
0.010129	NaN
0.0099387	NaN
0.0097214	NaN
0.0094812	NaN
0.0092222	NaN
0.0089488	NaN
0.0086652	NaN
0.0083757	NaN
0.0080845	NaN
0.007796	NaN
0.0075132	NaN
0.0072375	NaN
0.0069703	NaN
0.0067129	NaN
0.0064666	NaN
0.0062328	NaN
0.0060128	NaN
0.0058079	NaN
0.0056187	NaN
0.0054449	NaN
0.0052859	NaN
0.0051412	NaN
0.0050102	NaN
0.0048924	NaN
0.0047872	NaN
0.0046942	NaN
0.0046127	NaN
0.0045417	NaN
0.0044803	NaN
0.0044274	NaN
0.0043822	NaN
0.0043437	NaN
0.0043108	NaN
0.0042827	NaN
0.0042584	NaN
0.0042373	NaN
0.0042184	NaN
0.0042012	NaN
0.0041849	NaN
0.0041688	NaN
0.004152	NaN
0.004134	NaN
0.0041141	NaN
0.0040915	NaN
0.0040658	NaN
0.0040363	NaN
0.0040025	NaN
0.0039638	NaN
0.0039195	NaN
0.0038692	NaN
0.0038126	NaN
0.0037501	NaN
0.0036827	NaN
0.0036111	NaN
0.0035362	NaN
0.0034586	NaN
0.0033791	NaN
0.0032987	NaN
0.0032179	NaN
0.0031375	NaN
0.0030581	NaN
0.0029802	NaN
0.0029045	NaN
0.0028316	NaN
0.0027621	NaN
0.0026967	NaN
0.0026358	NaN
0.0025796	NaN
0.0025282	NaN
0.0024817	NaN
0.0024402	NaN
0.0024038	NaN
0.0023724	NaN
0.0023463	NaN
0.0023254	NaN
0.0023094	NaN
0.0022977	NaN
0.0022899	NaN
0.0022856	NaN
0.0022841	NaN
0.0022851	NaN
0.002288	NaN
0.0022923	NaN
0.0022977	NaN
0.0023035	NaN
0.0023092	NaN
0.0023144	NaN
0.0023185	NaN
0.0023211	NaN
0.0023216	NaN
0.0023196	NaN
0.0023147	NaN
0.0023068	NaN
0.0022955	NaN
0.0022808	NaN
0.0022623	NaN
0.0022398	NaN
0.0022131	NaN
0.0021821	NaN
0.0021468	NaN
0.0021075	NaN
0.0020644	NaN
0.002018	NaN
0.0019683	NaN
0.0019158	NaN
0.0018607	NaN
0.0018032	NaN
0.0017437	NaN
0.0016828	NaN
0.0016207	NaN
0.0015579	NaN
0.0014949	NaN
0.0014321	NaN
0.00137	NaN
0.0013088	NaN
0.0012488	NaN
0.00119	NaN
0.0011322	NaN
0.0010754	NaN
0.0010195	NaN
0.00096455	NaN
0.00091045	NaN
0.00085714	NaN
0.00080478	NaN
0.00075366	NaN
0.00070408	NaN
0.00065634	NaN
0.00061073	NaN
0.00056755	NaN
0.00052709	NaN
0.00048965	NaN
0.00045529	NaN
0.00042388	NaN
0.00039529	NaN
0.00036938	NaN
0.00034603	NaN
0.00032509	NaN
0.00030644	NaN
0.00028994	NaN
0.00027552	NaN
0.00026318	NaN
0.0002529	NaN
0.0002447	NaN
0.00023856	NaN
0.00023449	NaN
0.00023247	NaN
0.0002325	NaN
0.00023444	NaN
0.00023798	NaN
0.00024283	NaN
0.00024866	NaN
0.00025518	NaN
0.00026206	NaN
0.00026901	NaN
0.00027571	NaN
0.00028189	NaN
0.00028736	NaN
0.00029193	NaN
0.00029538	NaN
0.00029753	NaN
0.00029818	NaN
0.00029712	NaN
0.00029417	NaN
0.00028926	NaN
0.00028254	NaN
0.00027418	NaN
0.00026434	NaN
0.0002532	NaN
0.00024091	NaN
0.00022766	NaN
0.00021361	NaN
0.00019894	NaN
0.00018389	NaN
0.00016869	NaN
0.00015357	NaN
0.00013877	NaN
0.00012452	NaN
0.00011105	NaN
9.8609e-05	NaN
8.7331e-05	NaN
7.7195e-05	NaN
6.8151e-05	NaN
6.0148e-05	NaN
5.3136e-05	NaN
4.7065e-05	NaN
4.1884e-05	NaN
3.7543e-05	NaN
3.3976e-05	NaN
3.1073e-05	NaN
2.8717e-05	NaN
2.6793e-05	NaN
2.5185e-05	NaN
2.3777e-05	NaN
2.2452e-05	NaN
2.1095e-05	NaN
1.9625e-05	NaN
1.8061e-05	NaN
1.6442e-05	NaN
1.4809e-05	NaN
1.32e-05	NaN
1.1654e-05	NaN
1.0211e-05	NaN
8.9084e-06	NaN
7.7764e-06	NaN
6.8076e-06	NaN
5.9868e-06	NaN
5.2993e-06	NaN
4.7299e-06	NaN
4.2637e-06	NaN
3.8858e-06	NaN
3.5813e-06	NaN
3.3361e-06	NaN
3.1407e-06	NaN
2.9865e-06	NaN
2.8649e-06	NaN
2.7673e-06	NaN
2.6852e-06	NaN
2.61e-06	NaN
2.5332e-06	NaN
2.4476e-06	NaN
2.3538e-06	NaN
2.2544e-06	NaN
2.152e-06	NaN
2.0492e-06	NaN
1.9488e-06	NaN
1.8534e-06	NaN
1.7656e-06	NaN
1.6875e-06	NaN
1.6181e-06	NaN
1.5552e-06	NaN
1.4967e-06	NaN
1.4405e-06	NaN
1.3843e-06	NaN
1.326e-06	NaN
1.2635e-06	NaN
1.1951e-06	NaN
1.1222e-06	NaN
1.0476e-06	NaN
9.7423e-07	NaN
9.0474e-07	NaN
8.4196e-07	NaN
7.887e-07	NaN
7.4774e-07	NaN
7.2165e-07	NaN
7.1105e-07	NaN
7.1564e-07	NaN
7.3512e-07	NaN
7.6918e-07	NaN
8.1751e-07	NaN
8.7981e-07	NaN
9.5576e-07	NaN
1.0447e-06	NaN
1.143e-06	NaN
1.245e-06	NaN
1.3451e-06	NaN
1.4379e-06	NaN
1.5177e-06	NaN
1.579e-06	NaN
1.6162e-06	NaN
1.6243e-06	NaN
1.6033e-06	NaN
1.5567e-06	NaN
1.4883e-06	NaN
1.4015e-06	NaN
1.3001e-06	NaN
1.1875e-06	NaN
1.0674e-06	NaN
9.4334e-07	NaN
8.1819e-07	NaN
6.9428e-07	NaN
5.7394e-07	NaN
4.5949e-07	NaN
3.5327e-07	NaN
2.5759e-07	NaN
1.7477e-07	NaN
1.0707e-07	NaN
5.5061e-08	NaN
1.7896e-08	NaN
5.3251e-09	NaN
1.5502e-08	NaN
1.3536e-08	NaN
3.265e-10	NaN
2.3227e-08	NaN
5.623e-08	NaN
9.7953e-08	NaN
1.4783e-07	NaN
2.0529e-07	NaN
2.698e-07	NaN
3.4077e-07	NaN
4.1766e-07	NaN
4.999e-07	NaN
5.8691e-07	NaN
6.7748e-07	NaN
7.6966e-07	NaN
8.6146e-07	NaN
9.5087e-07	NaN
1.0359e-06	NaN
1.1146e-06	NaN
1.1849e-06	NaN
1.2448e-06	NaN
1.2939e-06	NaN
1.3335e-06	NaN
1.365e-06	NaN
1.39e-06	NaN
1.4099e-06	NaN
1.4263e-06	NaN
1.4405e-06	NaN
1.4542e-06	NaN
1.4682e-06	NaN
1.4831e-06	NaN
1.4991e-06	NaN
1.5165e-06	NaN
1.5357e-06	NaN
1.5569e-06	NaN
1.5805e-06	NaN
1.6067e-06	NaN
1.6351e-06	NaN
1.6635e-06	NaN
1.6895e-06	NaN
1.7111e-06	NaN
1.7258e-06	NaN
1.7313e-06	NaN
1.7255e-06	NaN
1.706e-06	NaN
1.6716e-06	NaN
1.6234e-06	NaN
1.5625e-06	NaN
1.4904e-06	NaN
1.4083e-06	NaN
1.3175e-06	NaN
1.2193e-06	NaN
1.115e-06	NaN
1.0061e-06	NaN
8.9484e-07	NaN
7.8331e-07	NaN
6.7378e-07	NaN
5.6846e-07	NaN
4.6958e-07	NaN
3.7935e-07	NaN
2.9999e-07	NaN
2.3298e-07	NaN
1.7763e-07	NaN
1.3291e-07	NaN
9.775e-08	NaN
7.1101e-08	NaN
5.1909e-08	NaN
3.9121e-08	NaN
3.1681e-08	NaN
2.8536e-08	NaN
2.8631e-08	NaN
3.0914e-08	NaN
3.4329e-08	NaN
3.7822e-08	NaN
4.0341e-08	NaN
4.0829e-08	NaN
3.8234e-08	NaN
1.2279e-07	NaN
1.206e-07	NaN
1.1774e-07	NaN
1.1447e-07	NaN
1.1108e-07	NaN
1.0783e-07	NaN
1.0501e-07	NaN
1.0289e-07	NaN
1.0173e-07	NaN
1.0183e-07	NaN
