2.5951e-07	NaN
2.751e-07	NaN
2.8967e-07	NaN
2.6902e-07	NaN
2.3088e-07	NaN
1.9527e-07	NaN
1.6234e-07	NaN
1.3226e-07	NaN
1.0515e-07	NaN
8.1168e-08	NaN
6.0467e-08	NaN
4.3192e-08	NaN
2.949e-08	NaN
1.951e-08	NaN
1.34e-08	NaN
1.1308e-08	NaN
1.3381e-08	NaN
1.9768e-08	NaN
3.0617e-08	NaN
4.6077e-08	NaN
6.6156e-08	NaN
9.0097e-08	NaN
1.1688e-07	NaN
1.4547e-07	NaN
1.7485e-07	NaN
2.0399e-07	NaN
2.3186e-07	NaN
2.5745e-07	NaN
2.7982e-07	NaN
2.9867e-07	NaN
3.1393e-07	NaN
3.2555e-07	NaN
3.3347e-07	NaN
3.3765e-07	NaN
3.3802e-07	NaN
3.3453e-07	NaN
3.2717e-07	NaN
3.1628e-07	NaN
3.0235e-07	NaN
2.8589e-07	NaN
2.674e-07	NaN
2.4737e-07	NaN
2.2633e-07	NaN
2.0475e-07	NaN
1.8315e-07	NaN
1.6199e-07	NaN
1.4169e-07	NaN
1.227e-07	NaN
1.0546e-07	NaN
9.0409e-08	NaN
7.798e-08	NaN
6.8614e-08	NaN
6.2704e-08	NaN
6.013e-08	NaN
6.0441e-08	NaN
6.318e-08	NaN
6.7891e-08	NaN
7.4119e-08	NaN
8.1406e-08	NaN
8.9297e-08	NaN
9.7352e-08	NaN
1.0535e-07	NaN
1.1324e-07	NaN
1.2098e-07	NaN
1.2852e-07	NaN
1.358e-07	NaN
1.4278e-07	NaN
1.4941e-07	NaN
1.5563e-07	NaN
1.6122e-07	NaN
1.658e-07	NaN
1.6901e-07	NaN
1.7047e-07	NaN
1.6981e-07	NaN
1.6665e-07	NaN
1.6062e-07	NaN
1.5138e-07	NaN
1.3913e-07	NaN
1.2467e-07	NaN
1.088e-07	NaN
9.2337e-08	NaN
7.6078e-08	NaN
6.0833e-08	NaN
4.7412e-08	NaN
3.661e-08	NaN
2.8932e-08	NaN
2.4549e-08	NaN
2.3611e-08	NaN
2.6271e-08	NaN
3.2678e-08	NaN
4.2985e-08	NaN
5.7343e-08	NaN
7.5962e-08	NaN
1.0143e-07	NaN
1.3948e-07	NaN
1.9604e-07	NaN
2.7708e-07	NaN
3.8852e-07	NaN
5.3631e-07	NaN
7.264e-07	NaN
9.6476e-07	NaN
1.2591e-06	NaN
1.6197e-06	NaN
2.0572e-06	NaN
2.5822e-06	NaN
3.2051e-06	NaN
3.9366e-06	NaN
4.7872e-06	NaN
5.7676e-06	NaN
6.8942e-06	NaN
8.1938e-06	NaN
9.6945e-06	NaN
1.1424e-05	NaN
1.341e-05	NaN
1.5682e-05	NaN
1.8265e-05	NaN
2.119e-05	NaN
2.4482e-05	NaN
2.8167e-05	NaN
3.227e-05	NaN
3.6816e-05	NaN
4.183e-05	NaN
4.7338e-05	NaN
5.3364e-05	NaN
5.9934e-05	NaN
6.7047e-05	NaN
7.4644e-05	NaN
8.2655e-05	NaN
9.1011e-05	NaN
9.9645e-05	NaN
0.00010849	NaN
0.00011747	NaN
0.00012652	NaN
0.00013558	NaN
0.00014464	NaN
0.00015369	NaN
0.00016272	NaN
0.00017171	NaN
0.00018065	NaN
0.00018954	NaN
0.00019836	NaN
0.00020713	NaN
0.00021596	NaN
0.00022498	NaN
0.00023431	NaN
0.00024408	NaN
0.00025442	NaN
0.00026545	NaN
0.00027731	NaN
0.00029011	NaN
0.00030389	NaN
0.00031869	NaN
0.00033455	NaN
0.00035151	NaN
0.0003696	NaN
0.00038885	NaN
0.0004093	NaN
0.00043097	NaN
0.00045368	NaN
0.00047725	NaN
0.00050148	NaN
0.00052617	NaN
0.00055113	NaN
0.00057616	NaN
0.00060106	NaN
0.00062563	NaN
0.00064967	NaN
0.00067296	NaN
0.0006953	NaN
0.00071647	NaN
0.00073625	NaN
0.00075444	NaN
0.00077082	NaN
0.00078521	NaN
0.00079757	NaN
0.00080792	NaN
0.0008163	NaN
0.00082272	NaN
0.00082721	NaN
0.00082981	NaN
0.00083052	NaN
0.00082938	NaN
0.00082638	NaN
0.00082151	NaN
0.00081474	NaN
0.00080606	NaN
0.00079545	NaN
0.00078289	NaN
0.00076837	NaN
0.00075189	NaN
0.00073354	NaN
0.0007135	NaN
0.00069194	NaN
0.00066903	NaN
0.00064493	NaN
0.00061982	NaN
0.00059386	NaN
0.00056723	NaN
0.00054008	NaN
0.00051258	NaN
0.00048489	NaN
0.00045716	NaN
0.00042955	NaN
0.00040222	NaN
0.00037533	NaN
0.00034904	NaN
0.00032342	NaN
0.0002985	NaN
0.0002743	NaN
0.00025086	NaN
0.00022819	NaN
0.00020632	NaN
0.00018527	NaN
0.00016508	NaN
0.00014582	NaN
0.0001276	NaN
0.00011054	NaN
9.4768e-05	NaN
8.0391e-05	NaN
6.7529e-05	NaN
5.63e-05	NaN
4.6818e-05	NaN
3.9091e-05	NaN
3.3033e-05	NaN
2.8549e-05	NaN
2.5548e-05	NaN
2.3936e-05	NaN
2.3621e-05	NaN
2.4509e-05	NaN
2.6507e-05	NaN
2.9458e-05	NaN
3.3138e-05	NaN
3.732e-05	NaN
4.1777e-05	NaN
4.6282e-05	NaN
5.0606e-05	NaN
5.4523e-05	NaN
5.7808e-05	NaN
6.039e-05	NaN
6.2388e-05	NaN
6.3936e-05	NaN
6.5169e-05	NaN
6.622e-05	NaN
6.7222e-05	NaN
6.8311e-05	NaN
6.9617e-05	NaN
7.1196e-05	NaN
7.2984e-05	NaN
7.4909e-05	NaN
7.6898e-05	NaN
7.8879e-05	NaN
8.078e-05	NaN
8.2527e-05	NaN
8.4049e-05	NaN
8.5307e-05	NaN
8.6321e-05	NaN
8.7115e-05	NaN
8.7715e-05	NaN
8.8145e-05	NaN
8.8432e-05	NaN
8.8599e-05	NaN
8.8673e-05	NaN
8.8672e-05	NaN
8.8605e-05	NaN
8.8479e-05	NaN
8.8302e-05	NaN
8.808e-05	NaN
8.782e-05	NaN
8.7529e-05	NaN
8.7215e-05	NaN
8.6876e-05	NaN
8.6494e-05	NaN
8.6047e-05	NaN
8.5512e-05	NaN
8.4869e-05	NaN
8.4094e-05	NaN
8.3167e-05	NaN
8.2066e-05	NaN
8.0799e-05	NaN
7.9461e-05	NaN
7.8161e-05	NaN
7.7007e-05	NaN
7.6107e-05	NaN
7.557e-05	NaN
7.5506e-05	NaN
7.6021e-05	NaN
7.7195e-05	NaN
7.9002e-05	NaN
8.1398e-05	NaN
8.4338e-05	NaN
8.7778e-05	NaN
9.1674e-05	NaN
9.5981e-05	NaN
0.00010065	NaN
0.00010562	NaN
0.00011074	NaN
0.00011583	NaN
0.0001207	NaN
0.0001252	NaN
0.00012914	NaN
0.00013235	NaN
0.00013465	NaN
0.0001359	NaN
0.00013607	NaN
0.0001352	NaN
0.00013329	NaN
0.00013036	NaN
0.00012643	NaN
0.00012153	NaN
0.00011566	NaN
0.00010887	NaN
0.0001013	NaN
9.3098e-05	NaN
8.4443e-05	NaN
7.5498e-05	NaN
6.643e-05	NaN
5.7406e-05	NaN
4.8593e-05	NaN
4.0188e-05	NaN
3.2589e-05	NaN
2.6274e-05	NaN
2.1717e-05	NaN
1.9394e-05	NaN
1.9783e-05	NaN
2.3357e-05	NaN
3.0595e-05	NaN
4.1905e-05	NaN
5.7205e-05	NaN
7.6191e-05	NaN
9.8553e-05	NaN
0.00012399	NaN
0.00015218	NaN
0.00018283	NaN
0.00021563	NaN
0.00025025	NaN
0.00028614	NaN
0.00032264	NaN
0.0003591	NaN
0.00039486	NaN
0.00042925	NaN
0.00046162	NaN
0.00049131	NaN
0.00051771	NaN
0.00054067	NaN
0.00056035	NaN
0.00057692	NaN
0.00059052	NaN
0.00060133	NaN
0.0006095	NaN
0.00061518	NaN
0.00061855	NaN
0.0006199	NaN
0.00061959	NaN
0.00061799	NaN
0.00061547	NaN
0.0006124	NaN
0.00060915	NaN
0.00060609	NaN
0.00060356	NaN
0.00060151	NaN
0.00059955	NaN
0.00059726	NaN
0.00059424	NaN
0.0005901	NaN
0.00058443	NaN
0.00057682	NaN
0.00056688	NaN
0.00055443	NaN
0.0005395	NaN
0.00052212	NaN
0.00050232	NaN
0.00048014	NaN
0.0004556	NaN
0.00042874	NaN
0.0003996	NaN
0.00036852	NaN
0.00033616	NaN
0.00030318	NaN
0.00027025	NaN
0.00023806	NaN
0.00020726	NaN
0.00017854	NaN
0.00015257	NaN
0.00012992	NaN
0.00011111	NaN
9.6611e-05	NaN
8.6919e-05	NaN
8.2521e-05	NaN
8.3903e-05	NaN
9.1554e-05	NaN
0.00010595	NaN
0.00012698	NaN
0.00015369	NaN
0.00018502	NaN
0.00021995	NaN
0.00025744	NaN
0.00029646	NaN
0.00033596	NaN
0.00037492	NaN
0.00041254	NaN
0.00044843	NaN
0.00048224	NaN
0.00051363	NaN
0.00054224	NaN
0.00056772	NaN
0.00058972	NaN
0.0006079	NaN
0.00062213	NaN
0.00063269	NaN
0.00063993	NaN
0.00064419	NaN
0.00064581	NaN
0.00064513	NaN
0.0006425	NaN
0.00063826	NaN
0.00063255	NaN
0.00062504	NaN
0.00061536	NaN
0.00060311	NaN
0.00058791	NaN
0.00056938	NaN
0.00054713	NaN
0.00052078	NaN
0.00049017	NaN
0.00045582	NaN
0.00041833	NaN
0.00037831	NaN
0.00033636	NaN
0.0002931	NaN
0.00024914	NaN
0.00020508	NaN
0.00016222	NaN
0.00012404	NaN
9.4414e-05	NaN
7.7257e-05	NaN
7.6462e-05	NaN
9.5926e-05	NaN
0.00013955	NaN
0.00021122	NaN
0.00031583	NaN
0.00046187	NaN
0.00065871	NaN
0.00091569	NaN
0.0012422	NaN
0.0016475	NaN
0.0021411	NaN
0.0027323	NaN
0.0034336	NaN
0.0042717	NaN
0.0052772	NaN
0.0064808	NaN
0.0079129	NaN
0.0096041	NaN
0.011585	NaN
0.013886	NaN
0.016543	NaN
0.019611	NaN
0.023154	NaN
0.027237	NaN
0.031924	NaN
0.037277	NaN
0.043361	NaN
0.05024	NaN
0.057974	NaN
0.0666	NaN
0.076149	NaN
0.086651	NaN
0.098135	NaN
0.11063	-0.58497
0.12417	-0.58432
0.13877	-0.58243
0.15448	-0.57921
0.17128	-0.57466
0.18915	-0.56887
0.20808	-0.56189
0.22806	-0.5538
0.24906	-0.54467
0.27107	-0.53456
0.29407	-0.52355
0.31804	-0.5117
0.3429	-0.49905
0.36855	-0.48564
0.3949	-0.47148
0.42183	-0.45661
0.44924	-0.44106
0.47704	-0.42485
0.50512	-0.40801
0.53337	-0.39058
0.56169	-0.3726
0.58996	-0.35412
0.61805	-0.3352
0.64585	-0.31588
0.67324	-0.29623
0.7001	-0.27631
0.72631	-0.25615
0.75175	-0.23583
0.77636	-0.21544
0.80008	-0.19514
0.82287	-0.17505
0.84468	-0.15532
0.86547	-0.1361
0.88519	-0.11752
0.9038	-0.099718
0.92124	-0.082846
0.9374	-0.06705
0.9521	-0.05249
0.96517	-0.039325
0.97644	-0.027715
0.98573	-0.017819
0.99287	-0.0097954
0.99768	-0.0038046
1	0
0.99979	0.0015774
0.99715	0.0009915
0.99217	-0.0016897
0.98495	-0.0063983
0.9756	-0.013066
0.96419	-0.021626
0.95085	-0.032009
0.93565	-0.04415
0.91878	-0.058026
0.90047	-0.073663
0.88098	-0.09109
0.86055	-0.11033
0.83944	-0.13142
0.81788	-0.15439
0.79612	-0.17925
0.77441	-0.20605
0.75286	-0.23473
0.7314	-0.26517
0.70996	-0.29724
0.68845	-0.33081
0.66682	-0.36575
0.64497	-0.40193
0.62284	-0.43922
0.60035	-0.47749
0.57746	-0.5169
0.55415	-0.55806
0.53043	-0.60157
0.5063	-0.64805
0.48174	-0.69812
0.45677	-0.75241
0.43136	-0.81153
0.40553	-0.87608
0.37936	-0.94564
0.35305	-1.0181
0.32685	-1.0912
0.30098	-1.1627
0.27567	-1.2302
0.25115	-1.2916
0.22767	-1.3445
0.20543	-1.3867
0.18462	-1.4195
0.16529	-1.4511
0.14747	-1.4907
0.13119	-1.5472
0.11649	-1.6296
0.10342	-1.747
0.092001	NaN
0.082274	NaN
0.074222	NaN
0.067709	NaN
0.062583	NaN
0.058693	NaN
0.055886	NaN
0.05401	NaN
0.052913	NaN
0.052443	NaN
0.052472	NaN
0.052935	NaN
0.053779	NaN
0.054948	NaN
0.056389	NaN
0.058048	NaN
0.059869	NaN
0.061798	NaN
0.063783	NaN
0.065774	NaN
0.067724	NaN
0.069585	NaN
0.071308	NaN
0.072846	NaN
0.074151	NaN
0.075174	NaN
0.075874	NaN
0.076235	NaN
0.076247	NaN
0.075899	NaN
0.07518	NaN
0.07408	NaN
0.072588	NaN
0.070694	NaN
0.068397	NaN
0.065738	NaN
0.062771	NaN
0.059549	NaN
0.056124	NaN
0.052551	NaN
0.048881	NaN
0.045168	NaN
0.041463	NaN
0.037799	NaN
0.034207	NaN
0.030716	NaN
0.027356	NaN
0.024157	NaN
0.021149	NaN
0.018362	NaN
0.015821	NaN
0.013535	NaN
0.011504	NaN
0.009729	NaN
0.0082097	NaN
0.0069468	NaN
0.0059407	NaN
0.005192	NaN
0.0046991	NaN
0.004447	NaN
0.0044146	NaN
0.004581	NaN
0.0049252	NaN
0.0054261	NaN
0.0060629	NaN
0.0068143	NaN
0.0076597	NaN
0.0085791	NaN
0.0095531	NaN
0.010562	NaN
0.011588	NaN
0.01261	NaN
0.013609	NaN
0.014567	NaN
0.015463	NaN
0.016292	NaN
0.01705	NaN
0.017736	NaN
0.018348	NaN
0.018884	NaN
0.019342	NaN
0.01972	NaN
0.020017	NaN
0.020233	NaN
0.020372	NaN
0.020438	NaN
0.020432	NaN
0.020358	NaN
0.02022	NaN
0.02002	NaN
0.019762	NaN
0.019449	NaN
0.019088	NaN
0.018685	NaN
0.018243	NaN
0.017769	NaN
0.017269	NaN
0.016747	NaN
0.016209	NaN
0.015661	NaN
0.015106	NaN
0.014551	NaN
0.013999	NaN
0.013456	NaN
0.012927	NaN
0.012416	NaN
0.011928	NaN
0.011465	NaN
0.011028	NaN
0.010616	NaN
0.010228	NaN
0.0098648	NaN
0.0095252	NaN
0.0092091	NaN
0.0089162	NaN
0.0086449	NaN
0.008392	NaN
0.0081543	NaN
0.0079287	NaN
0.0077119	NaN
0.0075007	NaN
0.007292	NaN
0.0070825	NaN
0.0068697	NaN
0.0066518	NaN
0.0064272	NaN
0.0061943	NaN
0.0059512	NaN
0.0056965	NaN
0.0054283	NaN
0.0051452	NaN
0.0048472	NaN
0.0045375	NaN
0.0042195	NaN
0.0038966	NaN
0.0035721	NaN
0.0032495	NaN
0.0029322	NaN
0.0026235	NaN
0.0023264	NaN
0.0020434	NaN
0.0017767	NaN
0.0015286	NaN
0.0013013	NaN
0.0010971	NaN
0.00091836	NaN
0.00076726	NaN
0.00064511	NaN
0.00055101	NaN
0.00048377	NaN
0.00044221	NaN
0.00042514	NaN
0.00043136	NaN
0.0004597	NaN
0.00050897	NaN
0.00057781	NaN
0.00066442	NaN
0.00076693	NaN
0.00088348	NaN
0.0010122	NaN
0.0011512	NaN
0.0012987	NaN
0.0014528	NaN
0.0016117	NaN
0.0017745	NaN
0.0019402	NaN
0.0021077	NaN
0.0022762	NaN
0.0024447	NaN
0.0026121	NaN
0.0027776	NaN
0.0029403	NaN
0.0030992	NaN
0.0032537	NaN
0.0034031	NaN
0.0035465	NaN
0.0036833	NaN
0.0038126	NaN
0.0039338	NaN
0.0040462	NaN
0.0041501	NaN
0.0042458	NaN
0.0043338	NaN
0.0044144	NaN
0.004488	NaN
0.004555	NaN
0.0046159	NaN
0.0046709	NaN
0.0047206	NaN
0.0047655	NaN
0.0048059	NaN
0.0048425	NaN
0.0048757	NaN
0.0049059	NaN
0.0049337	NaN
0.0049593	NaN
0.004982	NaN
0.0050006	NaN
0.0050139	NaN
0.0050208	NaN
0.0050201	NaN
0.0050106	NaN
0.0049912	NaN
0.0049609	NaN
0.0049197	NaN
0.004868	NaN
0.0048064	NaN
0.0047354	NaN
0.0046553	NaN
0.0045668	NaN
0.0044703	NaN
0.0043663	NaN
0.0042557	NaN
0.0041395	NaN
0.0040187	NaN
0.0038945	NaN
0.0037678	NaN
0.0036398	NaN
0.0035114	NaN
0.0033835	NaN
0.0032566	NaN
0.0031305	NaN
0.003005	NaN
0.0028801	NaN
0.0027555	NaN
0.0026312	NaN
0.0025071	NaN
0.002383	NaN
0.0022592	NaN
0.0021358	NaN
0.0020134	NaN
0.0018922	NaN
0.0017725	NaN
0.0016548	NaN
0.0015393	NaN
0.0014264	NaN
0.0013169	NaN
0.001212	NaN
0.0011128	NaN
0.0010204	NaN
0.00093609	NaN
0.00086093	NaN
0.00079609	NaN
0.00074267	NaN
0.00070064	NaN
0.00066897	NaN
0.0006466	NaN
0.00063248	NaN
0.00062554	NaN
0.00062472	NaN
0.00062896	NaN
0.0006372	NaN
0.00064844	NaN
0.00066172	NaN
0.00067611	NaN
0.00069064	NaN
0.00070437	NaN
0.00071636	NaN
0.00072566	NaN
0.00073133	NaN
0.00073298	NaN
0.00073086	NaN
0.00072523	NaN
0.00071638	NaN
0.00070458	NaN
0.00069012	NaN
0.00067327	NaN
0.00065432	NaN
0.0006335	NaN
0.00061105	NaN
0.00058717	NaN
0.00056208	NaN
0.000536	NaN
0.00050914	NaN
0.00048171	NaN
0.00045394	NaN
0.00042598	NaN
0.00039792	NaN
0.00036984	NaN
0.00034183	NaN
0.00031396	NaN
0.00028632	NaN
0.00025898	NaN
0.00023202	NaN
0.00020559	NaN
0.00017991	NaN
0.00015523	NaN
0.00013181	NaN
0.00010987	NaN
8.9683e-05	NaN
7.1479e-05	NaN
5.5509e-05	NaN
4.1907e-05	NaN
3.0564e-05	NaN
2.1343e-05	NaN
1.4105e-05	NaN
8.7121e-06	NaN
5.0259e-06	NaN
2.9078e-06	NaN
2.2195e-06	NaN
2.806e-06	NaN
4.471e-06	NaN
7.0117e-06	NaN
1.0225e-05	NaN
1.3909e-05	NaN
1.786e-05	NaN
2.1876e-05	NaN
2.5754e-05	NaN
2.933e-05	NaN
3.2557e-05	NaN
3.5407e-05	NaN
3.7855e-05	NaN
3.9873e-05	NaN
4.1435e-05	NaN
4.2515e-05	NaN
4.3085e-05	NaN
4.3134e-05	NaN
4.27e-05	NaN
4.1833e-05	NaN
4.0583e-05	NaN
3.8998e-05	NaN
3.7129e-05	NaN
3.5024e-05	NaN
3.2735e-05	NaN
3.0308e-05	NaN
2.7785e-05	NaN
2.5207e-05	NaN
2.2614e-05	NaN
2.0046e-05	NaN
1.7542e-05	NaN
1.5145e-05	NaN
1.2893e-05	NaN
1.082e-05	NaN
8.936e-06	NaN
7.2387e-06	NaN
5.7278e-06	NaN
4.4028e-06	NaN
3.263e-06	NaN
2.3078e-06	NaN
1.5368e-06	NaN
9.4657e-07	NaN
5.1977e-07	NaN
2.337e-07	NaN
6.5731e-08	NaN
6.794e-09	NaN
6.5194e-09	NaN
4.3908e-08	NaN
1.2184e-07	NaN
2.0699e-07	NaN
2.95e-07	NaN
3.8818e-07	NaN
4.8883e-07	NaN
5.9928e-07	NaN
7.2183e-07	NaN
8.5881e-07	NaN
1.0125e-06	NaN
1.1847e-06	NaN
1.3727e-06	NaN
1.5717e-06	NaN
1.7768e-06	NaN
1.9831e-06	NaN
2.1858e-06	NaN
2.38e-06	NaN
2.5609e-06	NaN
2.7239e-06	NaN
2.8675e-06	NaN
2.9921e-06	NaN
3.098e-06	NaN
3.1856e-06	NaN
3.255e-06	NaN
3.3068e-06	NaN
3.3411e-06	NaN
3.3584e-06	NaN
3.3595e-06	NaN
3.3454e-06	NaN
3.3173e-06	NaN
3.2763e-06	NaN
3.2235e-06	NaN
3.16e-06	NaN
3.0869e-06	NaN
3.0053e-06	NaN
2.9158e-06	NaN
2.8189e-06	NaN
2.7149e-06	NaN
2.604e-06	NaN
2.4868e-06	NaN
2.3635e-06	NaN
2.2345e-06	NaN
2.1002e-06	NaN
1.9621e-06	NaN
1.8225e-06	NaN
1.6839e-06	NaN
1.5485e-06	NaN
1.4189e-06	NaN
1.2974e-06	NaN
1.1864e-06	NaN
1.0882e-06	NaN
1.003e-06	NaN
9.2895e-07	NaN
8.639e-07	NaN
8.0585e-07	NaN
7.5276e-07	NaN
7.026e-07	NaN
6.5334e-07	NaN
6.0298e-07	NaN
5.5122e-07	NaN
4.9971e-07	NaN
4.5019e-07	NaN
4.0443e-07	NaN
3.6417e-07	NaN
3.3118e-07	NaN
3.0719e-07	NaN
2.9394e-07	NaN
2.9148e-07	NaN
2.9767e-07	NaN
3.102e-07	NaN
3.2675e-07	NaN
3.4502e-07	NaN
3.6269e-07	NaN
3.7746e-07	NaN
3.8703e-07	NaN
3.9033e-07	NaN
3.8812e-07	NaN
3.8136e-07	NaN
3.7098e-07	NaN
3.5794e-07	NaN
3.4318e-07	NaN
3.2764e-07	NaN
3.1226e-07	NaN
2.9757e-07	NaN
2.8331e-07	NaN
2.6915e-07	NaN
2.5477e-07	NaN
2.3984e-07	NaN
2.2403e-07	NaN
2.0701e-07	NaN
1.8845e-07	NaN
1.6832e-07	NaN
1.4721e-07	NaN
1.2576e-07	NaN
1.0465e-07	NaN
8.4535e-08	NaN
6.6075e-08	NaN
4.993e-08	NaN
3.6762e-08	NaN
2.7001e-08	NaN
2.0516e-08	NaN
1.7089e-08	NaN
1.6505e-08	NaN
1.8545e-08	NaN
2.2993e-08	NaN
2.9632e-08	NaN
3.8245e-08	NaN
4.8623e-08	NaN
6.0576e-08	NaN
7.3919e-08	NaN
8.8468e-08	NaN
1.0404e-07	NaN
1.2044e-07	NaN
1.3749e-07	NaN
1.5501e-07	NaN
1.7281e-07	NaN
1.907e-07	NaN
2.085e-07	NaN
2.2603e-07	NaN
2.4309e-07	NaN
