2.4873e-07	NaN
2.1372e-07	NaN
1.7886e-07	NaN
3.2042e-08	NaN
2.6652e-08	NaN
2.3745e-08	NaN
2.3039e-08	NaN
2.425e-08	NaN
2.7097e-08	NaN
3.1296e-08	NaN
3.6565e-08	NaN
4.262e-08	NaN
4.918e-08	NaN
5.5961e-08	NaN
6.2681e-08	NaN
6.9058e-08	NaN
7.4807e-08	NaN
7.9647e-08	NaN
8.3295e-08	NaN
8.5469e-08	NaN
8.594e-08	NaN
8.479e-08	NaN
8.2206e-08	NaN
7.8377e-08	NaN
7.3491e-08	NaN
6.7735e-08	NaN
6.1299e-08	NaN
5.4369e-08	NaN
4.7134e-08	NaN
3.9787e-08	NaN
3.2523e-08	NaN
2.5536e-08	NaN
1.9019e-08	NaN
1.3168e-08	NaN
8.1761e-09	NaN
4.2383e-09	NaN
1.5168e-09	NaN
7.8615e-11	NaN
7.5806e-10	NaN
7.3225e-10	NaN
2.1193e-10	NaN
5.9212e-10	NaN
1.4692e-09	NaN
2.2084e-09	NaN
2.6228e-09	NaN
2.7489e-09	NaN
2.7471e-09	NaN
2.7791e-09	NaN
3.0064e-09	NaN
3.5907e-09	NaN
4.6936e-09	NaN
6.4767e-09	NaN
9.1205e-09	NaN
1.3022e-08	NaN
1.8717e-08	NaN
2.6744e-08	NaN
3.764e-08	NaN
5.1945e-08	NaN
7.0195e-08	NaN
9.2929e-08	NaN
1.2072e-07	NaN
1.5467e-07	NaN
1.9625e-07	NaN
2.4697e-07	NaN
3.083e-07	NaN
3.8173e-07	NaN
4.6877e-07	NaN
5.709e-07	NaN
6.8952e-07	NaN
8.2444e-07	NaN
9.7409e-07	NaN
1.1369e-06	NaN
1.3111e-06	NaN
1.4953e-06	NaN
1.6878e-06	NaN
1.887e-06	NaN
2.0912e-06	NaN
2.2998e-06	NaN
2.5128e-06	NaN
2.7302e-06	NaN
2.952e-06	NaN
3.1783e-06	NaN
3.4091e-06	NaN
3.6446e-06	NaN
3.8846e-06	NaN
4.1279e-06	NaN
4.3716e-06	NaN
4.6127e-06	NaN
4.8484e-06	NaN
5.0755e-06	NaN
5.2912e-06	NaN
5.4926e-06	NaN
5.6767e-06	NaN
5.8439e-06	NaN
5.9989e-06	NaN
6.1467e-06	NaN
6.2921e-06	NaN
6.4402e-06	NaN
6.5959e-06	NaN
6.7642e-06	NaN
6.95e-06	NaN
7.1578e-06	NaN
7.3917e-06	NaN
7.6554e-06	NaN
7.9528e-06	NaN
8.288e-06	NaN
8.6646e-06	NaN
9.0867e-06	NaN
9.5581e-06	NaN
1.0077e-05	NaN
1.0632e-05	NaN
1.1211e-05	NaN
1.1801e-05	NaN
1.2389e-05	NaN
1.2964e-05	NaN
1.3513e-05	NaN
1.4023e-05	NaN
1.4486e-05	NaN
1.4903e-05	NaN
1.5274e-05	NaN
1.5602e-05	NaN
1.5886e-05	NaN
1.613e-05	NaN
1.6333e-05	NaN
1.6498e-05	NaN
1.6625e-05	NaN
1.6711e-05	NaN
1.6754e-05	NaN
1.6751e-05	NaN
1.67e-05	NaN
1.6598e-05	NaN
1.6443e-05	NaN
1.6233e-05	NaN
1.5965e-05	NaN
1.564e-05	NaN
1.5259e-05	NaN
1.4824e-05	NaN
1.4335e-05	NaN
1.3793e-05	NaN
1.32e-05	NaN
1.2556e-05	NaN
1.1866e-05	NaN
1.1143e-05	NaN
1.0402e-05	NaN
9.6595e-06	NaN
8.9301e-06	NaN
8.2294e-06	NaN
7.573e-06	NaN
6.9763e-06	NaN
6.4534e-06	NaN
6.0135e-06	NaN
5.664e-06	NaN
5.4129e-06	NaN
5.2677e-06	NaN
5.2362e-06	NaN
5.3261e-06	NaN
5.5452e-06	NaN
5.8976e-06	NaN
6.3712e-06	NaN
6.9494e-06	NaN
7.6154e-06	NaN
8.3525e-06	NaN
9.144e-06	NaN
9.9731e-06	NaN
1.0823e-05	NaN
1.1678e-05	NaN
1.2525e-05	NaN
1.3353e-05	NaN
1.4151e-05	NaN
1.4906e-05	NaN
1.5608e-05	NaN
1.6244e-05	NaN
1.6805e-05	NaN
1.7278e-05	NaN
1.7656e-05	NaN
1.7932e-05	NaN
1.8102e-05	NaN
1.8158e-05	NaN
1.8094e-05	NaN
1.7904e-05	NaN
1.7581e-05	NaN
1.7122e-05	NaN
1.6544e-05	NaN
1.5872e-05	NaN
1.5131e-05	NaN
1.4347e-05	NaN
1.3546e-05	NaN
1.2753e-05	NaN
1.1994e-05	NaN
1.1294e-05	NaN
1.0666e-05	NaN
1.0121e-05	NaN
9.6678e-06	NaN
9.3151e-06	NaN
9.0724e-06	NaN
8.9488e-06	NaN
8.9537e-06	NaN
9.0948e-06	NaN
9.3658e-06	NaN
9.7511e-06	NaN
1.0235e-05	NaN
1.0802e-05	NaN
1.1437e-05	NaN
1.2123e-05	NaN
1.2845e-05	NaN
1.3588e-05	NaN
1.4339e-05	NaN
1.5088e-05	NaN
1.5825e-05	NaN
1.6539e-05	NaN
1.722e-05	NaN
1.7858e-05	NaN
1.8443e-05	NaN
1.8964e-05	NaN
1.9415e-05	NaN
1.9791e-05	NaN
2.0088e-05	NaN
2.0302e-05	NaN
2.0428e-05	NaN
2.0463e-05	NaN
2.0401e-05	NaN
2.0239e-05	NaN
1.9977e-05	NaN
1.9616e-05	NaN
1.9159e-05	NaN
1.861e-05	NaN
1.797e-05	NaN
1.7243e-05	NaN
1.6432e-05	NaN
1.5538e-05	NaN
1.4576e-05	NaN
1.3567e-05	NaN
1.2537e-05	NaN
1.1509e-05	NaN
1.0506e-05	NaN
9.5528e-06	NaN
8.6731e-06	NaN
7.8906e-06	NaN
7.2222e-06	NaN
6.6761e-06	NaN
6.2601e-06	NaN
5.982e-06	NaN
5.8495e-06	NaN
5.8703e-06	NaN
6.0521e-06	NaN
6.4028e-06	NaN
6.9358e-06	NaN
7.6729e-06	NaN
8.6369e-06	NaN
9.8502e-06	NaN
1.1336e-05	NaN
1.3115e-05	NaN
1.5212e-05	NaN
1.7649e-05	NaN
2.0437e-05	NaN
2.3574e-05	NaN
2.7053e-05	NaN
3.0868e-05	NaN
3.5013e-05	NaN
3.9483e-05	NaN
4.4271e-05	NaN
4.9371e-05	NaN
5.4751e-05	NaN
6.0319e-05	NaN
6.598e-05	NaN
7.1638e-05	NaN
7.7197e-05	NaN
8.256e-05	NaN
8.7631e-05	NaN
9.2314e-05	NaN
9.656e-05	NaN
0.00010043	NaN
0.00010399	NaN
0.00010733	NaN
0.00011052	NaN
0.00011363	NaN
0.00011674	NaN
0.00011992	NaN
0.00012326	NaN
0.00012686	NaN
0.00013081	NaN
0.00013523	NaN
0.00014021	NaN
0.00014586	NaN
0.00015228	NaN
0.00015957	NaN
0.00016779	NaN
0.00017683	NaN
0.00018657	NaN
0.00019687	NaN
0.0002076	NaN
0.00021862	NaN
0.0002298	NaN
0.00024101	NaN
0.00025215	NaN
0.00026327	NaN
0.00027445	NaN
0.00028577	NaN
0.00029731	NaN
0.00030916	NaN
0.00032138	NaN
0.00033407	NaN
0.0003473	NaN
0.00036115	NaN
0.00037568	NaN
0.00039099	NaN
0.00040712	NaN
0.00042417	NaN
0.00044221	NaN
0.0004613	NaN
0.00048148	NaN
0.00050251	NaN
0.00052406	NaN
0.00054582	NaN
0.00056746	NaN
0.00058867	NaN
0.00060912	NaN
0.00062849	NaN
0.0006465	NaN
0.00066313	NaN
0.00067847	NaN
0.00069259	NaN
0.00070558	NaN
0.00071752	NaN
0.00072849	NaN
0.00073857	NaN
0.00074786	NaN
0.0007565	NaN
0.00076468	NaN
0.00077257	NaN
0.00078036	NaN
0.00078822	NaN
0.00079633	NaN
0.00080488	NaN
0.00081404	NaN
0.00082396	NaN
0.00083478	NaN
0.00084662	NaN
0.00085963	NaN
0.00087394	NaN
0.00088969	NaN
0.000907	NaN
0.000926	NaN
0.0009466	NaN
0.0009686	NaN
0.0009918	NaN
0.001016	NaN
0.0010409	NaN
0.0010665	NaN
0.0010924	NaN
0.0011184	NaN
0.0011437	NaN
0.0011671	NaN
0.0011874	NaN
0.0012033	NaN
0.0012137	NaN
0.0012172	NaN
0.0012127	NaN
0.0011991	NaN
0.0011762	NaN
0.001145	NaN
0.0011063	NaN
0.0010612	NaN
0.0010103	NaN
0.00095482	NaN
0.00089548	NaN
0.00083323	NaN
0.00076905	NaN
0.00070398	NaN
0.00063908	NaN
0.00057538	NaN
0.00051394	NaN
0.0004558	NaN
0.000402	NaN
0.00035358	NaN
0.00031095	NaN
0.00027387	NaN
0.00024207	NaN
0.00021526	NaN
0.00019317	NaN
0.00017552	NaN
0.00016205	NaN
0.00015246	NaN
0.0001466	NaN
0.00014441	NaN
0.00014588	NaN
0.00015096	NaN
0.00015963	NaN
0.00017185	NaN
0.00018759	NaN
0.00020681	NaN
0.00022948	NaN
0.00025553	NaN
0.00028491	NaN
0.00031754	NaN
0.00035338	NaN
0.00039236	NaN
0.00043442	NaN
0.00047949	NaN
0.00052734	NaN
0.00057741	NaN
0.00062915	NaN
0.00068196	NaN
0.00073528	NaN
0.00078854	NaN
0.00084116	NaN
0.00089256	NaN
0.00094197	NaN
0.00098826	NaN
0.0010302	NaN
0.0010667	NaN
0.0010965	NaN
0.0011183	NaN
0.0011312	NaN
0.0011337	NaN
0.0011254	NaN
0.0011068	NaN
0.0010789	NaN
0.0010424	NaN
0.00099831	NaN
0.00094738	NaN
0.00089047	NaN
0.00082845	NaN
0.00076229	NaN
0.00069332	NaN
0.00062295	NaN
0.00055256	NaN
0.00048354	NaN
0.0004173	NaN
0.00035522	NaN
0.0002987	NaN
0.00024901	NaN
0.00020706	NaN
0.00017368	NaN
0.0001497	NaN
0.00013595	NaN
0.00013327	NaN
0.00014248	NaN
0.00016441	NaN
0.00020195	NaN
0.00026563	NaN
0.00036775	NaN
0.00052062	NaN
0.00073654	NaN
0.0010278	NaN
0.0014068	NaN
0.0018857	NaN
0.0024807	NaN
0.0032242	NaN
0.0041533	NaN
0.005305	NaN
0.0067165	NaN
0.0084246	NaN
0.010467	NaN
0.012879	NaN
0.015702	NaN
0.018985	NaN
0.02278	NaN
0.027141	NaN
0.032121	NaN
0.037774	NaN
0.044152	NaN
0.051308	NaN
0.059294	NaN
0.068149	NaN
0.077906	NaN
0.0886	NaN
0.10026	-0.60438
0.11293	-0.60397
0.12664	-0.6021
0.14142	-0.59886
0.1573	-0.59433
0.17429	-0.58854
0.19236	-0.58154
0.21152	-0.57333
0.23174	-0.56397
0.25301	-0.55346
0.27532	-0.54184
0.29866	-0.52913
0.32302	-0.51538
0.34832	-0.50065
0.3745	-0.48507
0.40147	-0.46872
0.42916	-0.45172
0.45748	-0.43418
0.48636	-0.41619
0.51571	-0.39787
0.54546	-0.37932
0.57543	-0.36059
0.60543	-0.3417
0.63525	-0.32267
0.6647	-0.30352
0.69356	-0.28426
0.72164	-0.26493
0.74873	-0.24553
0.77464	-0.2261
0.79928	-0.20671
0.82266	-0.18745
0.84478	-0.16842
0.86564	-0.14974
0.88524	-0.13149
0.90359	-0.11379
0.92068	-0.096741
0.93651	-0.08044
0.95099	-0.065051
0.96394	-0.050776
0.97519	-0.037822
0.98458	-0.026392
0.99193	-0.01669
0.99706	-0.0089229
0.9998	-0.0032938
1	0
0.99763	0.00091835
0.99284	-0.00043302
0.98574	-0.0039428
0.97649	-0.0094998
0.96522	-0.016993
0.95206	-0.02631
0.93714	-0.037341
0.92062	-0.049976
0.90268	-0.064166
0.88358	-0.079925
0.86359	-0.097271
0.84296	-0.11622
0.82197	-0.13679
0.80086	-0.159
0.77991	-0.18287
0.75938	-0.20841
0.73932	-0.23562
0.71958	-0.26443
0.69998	-0.2948
0.68033	-0.32667
0.66045	-0.35999
0.64017	-0.39471
0.61931	-0.43078
0.59769	-0.46814
0.57523	-0.507
0.55199	-0.54793
0.52806	-0.59153
0.50352	-0.6384
0.47844	-0.68913
0.4529	-0.74432
0.42697	-0.80457
0.40075	-0.87046
0.37434	-0.94155
0.34797	-1.0157
0.32184	-1.0906
0.29616	-1.1639
0.27115	-1.2334
0.24702	-1.2966
0.22398	-1.3514
0.20225	-1.3955
0.18198	-1.43
0.1632	-1.4634
0.14594	-1.5044
0.13022	-1.5621
0.11605	-1.6456
0.10347	-1.7637
0.092498	NaN
0.08315	NaN
0.075406	NaN
0.069133	NaN
0.064189	NaN
0.060428	NaN
0.057705	NaN
0.055877	NaN
0.054798	NaN
0.054324	NaN
0.05433	NaN
0.054747	NaN
0.055511	NaN
0.056562	NaN
0.057837	NaN
0.059274	NaN
0.060812	NaN
0.062388	NaN
0.063947	NaN
0.065457	NaN
0.066888	NaN
0.06821	NaN
0.069395	NaN
0.070413	NaN
0.071234	NaN
0.071831	NaN
0.072177	NaN
0.072265	NaN
0.072088	NaN
0.071642	NaN
0.070922	NaN
0.069922	NaN
0.068638	NaN
0.067064	NaN
0.0652	NaN
0.063066	NaN
0.060686	NaN
0.058086	NaN
0.055291	NaN
0.052327	NaN
0.049217	NaN
0.045989	NaN
0.042667	NaN
0.039288	NaN
0.035889	NaN
0.032509	NaN
0.029184	NaN
0.025954	NaN
0.022855	NaN
0.019926	NaN
0.017202	NaN
0.014694	NaN
0.01241	NaN
0.010354	NaN
0.0085325	NaN
0.006951	NaN
0.0056151	NaN
0.0045303	NaN
0.0037002	NaN
0.0031133	NaN
0.0027514	NaN
0.0025967	NaN
0.002631	NaN
0.0028363	NaN
0.0031945	NaN
0.0036875	NaN
0.0042975	NaN
0.005008	NaN
0.0058032	NaN
0.0066671	NaN
0.0075841	NaN
0.0085382	NaN
0.0095137	NaN
0.010495	NaN
0.011466	NaN
0.012419	NaN
0.013348	NaN
0.014247	NaN
0.015111	NaN
0.015935	NaN
0.016714	NaN
0.017441	NaN
0.018112	NaN
0.018723	NaN
0.019268	NaN
0.019744	NaN
0.020148	NaN
0.020474	NaN
0.02072	NaN
0.02088	NaN
0.020951	NaN
0.020934	NaN
0.020833	NaN
0.020653	NaN
0.020397	NaN
0.020071	NaN
0.019679	NaN
0.019225	NaN
0.018713	NaN
0.01815	NaN
0.017543	NaN
0.016899	NaN
0.016227	NaN
0.015534	NaN
0.014827	NaN
0.014113	NaN
0.013401	NaN
0.012695	NaN
0.011998	NaN
0.011314	NaN
0.010646	NaN
0.0099954	NaN
0.0093663	NaN
0.0087613	NaN
0.0081832	NaN
0.0076334	NaN
0.0071108	NaN
0.0066147	NaN
0.006144	NaN
0.0056976	NaN
0.0052748	NaN
0.0048744	NaN
0.0044956	NaN
0.0041371	NaN
0.0037976	NaN
0.0034756	NaN
0.0031698	NaN
0.0028788	NaN
0.0026011	NaN
0.0023353	NaN
0.00208	NaN
0.0018349	NaN
0.0016013	NaN
0.0013805	NaN
0.0011741	NaN
0.00098347	NaN
0.00081006	NaN
0.00065532	NaN
0.00052071	NaN
0.00040747	NaN
0.00031655	NaN
0.00024884	NaN
0.00020522	NaN
0.00018658	NaN
0.00019382	NaN
0.00022783	NaN
0.00028949	NaN
0.00037874	NaN
0.0004934	NaN
0.00063101	NaN
0.00078912	NaN
0.00096528	NaN
0.001157	NaN
0.0013619	NaN
0.0015775	NaN
0.0018013	NaN
0.0020312	NaN
0.0022649	NaN
0.0025002	NaN
0.0027349	NaN
0.0029668	NaN
0.0031936	NaN
0.0034131	NaN
0.0036235	NaN
0.0038244	NaN
0.0040153	NaN
0.0041959	NaN
0.0043661	NaN
0.0045255	NaN
0.0046737	NaN
0.0048106	NaN
0.0049358	NaN
0.0050495	NaN
0.0051518	NaN
0.0052429	NaN
0.0053229	NaN
0.0053921	NaN
0.0054504	NaN
0.0054982	NaN
0.0055358	NaN
0.0055642	NaN
0.0055848	NaN
0.0055989	NaN
0.0056079	NaN
0.0056131	NaN
0.0056157	NaN
0.0056172	NaN
0.0056187	NaN
0.00562	NaN
0.005621	NaN
0.0056211	NaN
0.0056201	NaN
0.0056177	NaN
0.0056134	NaN
0.0056069	NaN
0.0055978	NaN
0.0055849	NaN
0.0055669	NaN
0.0055426	NaN
0.0055105	NaN
0.0054693	NaN
0.0054177	NaN
0.0053544	NaN
0.0052782	NaN
0.0051892	NaN
0.0050879	NaN
0.0049748	NaN
0.0048506	NaN
0.0047158	NaN
0.0045709	NaN
0.0044166	NaN
0.0042534	NaN
0.0040823	NaN
0.0039046	NaN
0.0037213	NaN
0.0035338	NaN
0.0033432	NaN
0.0031506	NaN
0.0029574	NaN
0.0027646	NaN
0.0025731	NaN
0.0023837	NaN
0.0021971	NaN
0.0020141	NaN
0.0018353	NaN
0.0016615	NaN
0.0014934	NaN
0.0013318	NaN
0.0011772	NaN
0.0010303	NaN
0.00089162	NaN
0.00076169	NaN
0.00064111	NaN
0.00053043	NaN
0.00043023	NaN
0.00034107	NaN
0.0002634	NaN
0.0001976	NaN
0.00014404	NaN
0.0001031	NaN
7.5136e-05	NaN
6.0531e-05	NaN
5.9654e-05	NaN
7.2851e-05	NaN
9.9947e-05	NaN
0.0001403	NaN
0.00019326	NaN
0.00025817	NaN
0.00033438	NaN
0.00042122	NaN
0.00051805	NaN
0.00062419	NaN
0.00073845	NaN
0.00085915	NaN
0.00098457	NaN
0.001113	NaN
0.0012427	NaN
0.0013719	NaN
0.001499	NaN
0.0016222	NaN
0.0017399	NaN
0.0018509	NaN
0.0019539	NaN
0.0020474	NaN
0.0021302	NaN
0.002201	NaN
0.0022584	NaN
0.0023012	NaN
0.0023288	NaN
0.0023421	NaN
0.0023418	NaN
0.0023287	NaN
0.0023038	NaN
0.0022677	NaN
0.0022214	NaN
0.0021657	NaN
0.0021014	NaN
0.0020296	NaN
0.0019515	NaN
0.0018681	NaN
0.0017804	NaN
0.0016896	NaN
0.0015968	NaN
0.001503	NaN
0.0014092	NaN
0.0013158	NaN
0.0012236	NaN
0.0011331	NaN
0.0010447	NaN
0.00095913	NaN
0.00087689	NaN
0.00079855	NaN
0.00072452	NaN
0.00065492	NaN
0.00058982	NaN
0.00052929	NaN
0.0004734	NaN
0.00042223	NaN
0.00037585	NaN
0.00033433	NaN
0.00029764	NaN
0.00026548	NaN
0.00023751	NaN
0.00021338	NaN
0.00019277	NaN
0.00017532	NaN
0.00016071	NaN
0.00014858	NaN
0.00013861	NaN
0.00013053	NaN
0.00012405	NaN
0.0001189	NaN
0.0001148	NaN
0.00011149	NaN
0.00010869	NaN
0.00010612	NaN
0.00010355	NaN
0.00010093	NaN
9.8238e-05	NaN
9.5445e-05	NaN
9.2529e-05	NaN
8.9468e-05	NaN
8.624e-05	NaN
8.282e-05	NaN
7.9196e-05	NaN
7.5396e-05	NaN
7.1461e-05	NaN
6.7427e-05	NaN
6.3336e-05	NaN
5.9225e-05	NaN
5.5134e-05	NaN
5.1102e-05	NaN
4.7165e-05	NaN
4.3341e-05	NaN
3.9643e-05	NaN
3.6087e-05	NaN
3.2685e-05	NaN
2.9451e-05	NaN
2.6399e-05	NaN
2.3543e-05	NaN
2.0894e-05	NaN
1.8451e-05	NaN
1.6209e-05	NaN
1.4162e-05	NaN
1.2306e-05	NaN
1.0634e-05	NaN
9.1409e-06	NaN
7.822e-06	NaN
6.6706e-06	NaN
5.6731e-06	NaN
4.8135e-06	NaN
4.0752e-06	NaN
3.4421e-06	NaN
2.8979e-06	NaN
2.4262e-06	NaN
2.0108e-06	NaN
1.6366e-06	NaN
1.2992e-06	NaN
9.9901e-07	NaN
7.3677e-07	NaN
5.1301e-07	NaN
3.2834e-07	NaN
1.8335e-07	NaN
7.8649e-08	NaN
1.4389e-08	NaN
1.3519e-08	NaN
1.1564e-08	NaN
1.3739e-08	NaN
5.5872e-08	NaN
1.0832e-07	NaN
1.6457e-07	NaN
2.1809e-07	NaN
2.6276e-07	NaN
2.9687e-07	NaN
3.2164e-07	NaN
3.3831e-07	NaN
3.4814e-07	NaN
3.5241e-07	NaN
3.5235e-07	NaN
3.4924e-07	NaN
3.4429e-07	NaN
3.3802e-07	NaN
3.3044e-07	NaN
3.2156e-07	NaN
3.1138e-07	NaN
2.999e-07	NaN
2.8712e-07	NaN
2.7304e-07	NaN
2.5771e-07	NaN
2.4202e-07	NaN
2.2761e-07	NaN
2.1615e-07	NaN
2.093e-07	NaN
2.0872e-07	NaN
2.1608e-07	NaN
2.3305e-07	NaN
2.6122e-07	NaN
3.0087e-07	NaN
3.5092e-07	NaN
4.1021e-07	NaN
4.776e-07	NaN
5.5195e-07	NaN
6.3212e-07	NaN
7.1695e-07	NaN
8.053e-07	NaN
8.9568e-07	NaN
9.8626e-07	NaN
1.0752e-06	NaN
1.1605e-06	NaN
1.2404e-06	NaN
1.3131e-06	NaN
1.3766e-06	NaN
1.4291e-06	NaN
1.4694e-06	NaN
1.4976e-06	NaN
1.5135e-06	NaN
1.5172e-06	NaN
1.5085e-06	NaN
1.4876e-06	NaN
1.4543e-06	NaN
1.4086e-06	NaN
1.3512e-06	NaN
1.2838e-06	NaN
1.208e-06	NaN
1.1255e-06	NaN
1.0383e-06	NaN
9.4787e-07	NaN
8.5608e-07	NaN
7.6464e-07	NaN
6.7512e-07	NaN
5.8879e-07	NaN
5.0687e-07	NaN
4.3061e-07	NaN
3.6122e-07	NaN
2.9996e-07	NaN
2.4805e-07	NaN
2.0671e-07	NaN
1.7659e-07	NaN
1.5703e-07	NaN
1.4723e-07	NaN
1.464e-07	NaN
1.5372e-07	NaN
1.6839e-07	NaN
1.8961e-07	NaN
2.1659e-07	NaN
2.4831e-07	NaN
2.8331e-07	NaN
3.2005e-07	NaN
3.5697e-07	NaN
3.9253e-07	NaN
4.252e-07	NaN
4.5342e-07	NaN
4.7564e-07	NaN
4.908e-07	NaN
4.9915e-07	NaN
5.0118e-07	NaN
4.9739e-07	NaN
4.8827e-07	NaN
4.7433e-07	NaN
4.5606e-07	NaN
4.3397e-07	NaN
4.0853e-07	NaN
3.8026e-07	NaN
3.4965e-07	NaN
3.1719e-07	NaN
2.8338e-07	NaN
