6.4683e-08	NaN
6.2847e-08	NaN
6.0937e-08	NaN
5.8891e-08	NaN
5.665e-08	NaN
5.415e-08	NaN
5.1332e-08	NaN
4.8133e-08	NaN
4.4493e-08	NaN
4.035e-08	NaN
3.5643e-08	NaN
3.0311e-08	NaN
2.4356e-08	NaN
1.8136e-08	NaN
1.2131e-08	NaN
6.8217e-09	NaN
2.6892e-09	NaN
2.1393e-10	NaN
1.2335e-10	NaN
2.158e-09	NaN
7.4893e-09	NaN
1.5974e-08	NaN
2.7584e-08	NaN
4.2289e-08	NaN
6.0059e-08	NaN
8.0865e-08	NaN
1.0468e-07	NaN
1.3147e-07	NaN
1.6115e-07	NaN
1.9322e-07	NaN
2.2697e-07	NaN
2.617e-07	NaN
2.9669e-07	NaN
3.3124e-07	NaN
3.6463e-07	NaN
3.9617e-07	NaN
4.2521e-07	NaN
4.5166e-07	NaN
4.7577e-07	NaN
4.9777e-07	NaN
5.1792e-07	NaN
5.3644e-07	NaN
5.5359e-07	NaN
5.696e-07	NaN
5.8471e-07	NaN
5.9895e-07	NaN
6.1228e-07	NaN
6.2463e-07	NaN
6.3594e-07	NaN
6.4614e-07	NaN
6.5517e-07	NaN
6.6298e-07	NaN
6.6949e-07	NaN
6.7472e-07	NaN
6.7867e-07	NaN
6.814e-07	NaN
6.8292e-07	NaN
6.8328e-07	NaN
6.825e-07	NaN
6.8062e-07	NaN
6.7767e-07	NaN
6.7381e-07	NaN
6.6926e-07	NaN
6.6427e-07	NaN
6.5909e-07	NaN
6.5395e-07	NaN
6.4911e-07	NaN
6.4479e-07	NaN
6.4122e-07	NaN
6.3811e-07	NaN
6.3468e-07	NaN
6.3011e-07	NaN
6.2359e-07	NaN
6.1431e-07	NaN
6.0145e-07	NaN
5.8422e-07	NaN
5.6183e-07	NaN
5.3452e-07	NaN
5.0371e-07	NaN
4.7086e-07	NaN
4.3746e-07	NaN
4.0497e-07	NaN
3.7488e-07	NaN
3.4864e-07	NaN
3.2771e-07	NaN
3.1222e-07	NaN
3.0058e-07	NaN
2.9108e-07	NaN
2.8202e-07	NaN
2.7168e-07	NaN
2.5837e-07	NaN
2.4037e-07	NaN
2.16e-07	NaN
1.8566e-07	NaN
1.5282e-07	NaN
1.2125e-07	NaN
9.4702e-08	NaN
7.6946e-08	NaN
7.1738e-08	NaN
8.2836e-08	NaN
1.14e-07	NaN
1.6877e-07	NaN
2.503e-07	NaN
3.6174e-07	NaN
5.0619e-07	NaN
6.8679e-07	NaN
9.0666e-07	NaN
1.1689e-06	NaN
1.4767e-06	NaN
1.83e-06	NaN
2.2227e-06	NaN
2.6479e-06	NaN
3.0985e-06	NaN
3.5676e-06	NaN
4.0482e-06	NaN
4.5335e-06	NaN
5.0163e-06	NaN
5.4902e-06	NaN
5.9489e-06	NaN
6.3865e-06	NaN
6.7972e-06	NaN
7.1749e-06	NaN
7.5138e-06	NaN
7.8078e-06	NaN
8.051e-06	NaN
8.2388e-06	NaN
8.3705e-06	NaN
8.446e-06	NaN
8.4651e-06	NaN
8.4277e-06	NaN
8.3338e-06	NaN
8.1832e-06	NaN
7.9758e-06	NaN
7.715e-06	NaN
7.4156e-06	NaN
7.0946e-06	NaN
6.7693e-06	NaN
6.4568e-06	NaN
6.1742e-06	NaN
5.9387e-06	NaN
5.7674e-06	NaN
5.6734e-06	NaN
5.6535e-06	NaN
5.7008e-06	NaN
5.8083e-06	NaN
5.9688e-06	NaN
6.1756e-06	NaN
6.4214e-06	NaN
6.6993e-06	NaN
7.0017e-06	NaN
7.3176e-06	NaN
7.6354e-06	NaN
7.9433e-06	NaN
8.2296e-06	NaN
8.4826e-06	NaN
8.6904e-06	NaN
8.8415e-06	NaN
8.9269e-06	NaN
8.9539e-06	NaN
8.9349e-06	NaN
8.8827e-06	NaN
8.8097e-06	NaN
8.7286e-06	NaN
8.6519e-06	NaN
8.5922e-06	NaN
8.5632e-06	NaN
8.587e-06	NaN
8.6886e-06	NaN
8.8932e-06	NaN
9.2257e-06	NaN
9.7114e-06	NaN
1.0375e-05	NaN
1.1243e-05	NaN
1.2338e-05	NaN
1.3682e-05	NaN
1.5294e-05	NaN
1.7192e-05	NaN
1.9396e-05	NaN
2.1925e-05	NaN
2.4797e-05	NaN
2.8032e-05	NaN
3.1653e-05	NaN
3.5719e-05	NaN
4.0312e-05	NaN
4.5513e-05	NaN
5.1402e-05	NaN
5.806e-05	NaN
6.5568e-05	NaN
7.4006e-05	NaN
8.3457e-05	NaN
9.4001e-05	NaN
0.00010572	NaN
0.0001187	NaN
0.00013302	NaN
0.00014876	NaN
0.00016601	NaN
0.00018485	NaN
0.00020535	NaN
0.00022754	NaN
0.00025138	NaN
0.00027684	NaN
0.00030389	NaN
0.0003325	NaN
0.00036264	NaN
0.00039428	NaN
0.00042739	NaN
0.00046201	NaN
0.00049824	NaN
0.00053616	NaN
0.00057587	NaN
0.00061747	NaN
0.00066106	NaN
0.00070672	NaN
0.00075456	NaN
0.00080468	NaN
0.00085721	NaN
0.00091228	NaN
0.00097001	NaN
0.0010305	NaN
0.0010939	NaN
0.0011604	NaN
0.00123	NaN
0.0013027	NaN
0.0013781	NaN
0.001456	NaN
0.0015358	NaN
0.0016174	NaN
0.0017004	NaN
0.0017844	NaN
0.0018691	NaN
0.001954	NaN
0.0020387	NaN
0.0021225	NaN
0.0022048	NaN
0.0022852	NaN
0.0023631	NaN
0.0024378	NaN
0.0025088	NaN
0.0025761	NaN
0.0026402	NaN
0.0027017	NaN
0.0027613	NaN
0.0028196	NaN
0.0028772	NaN
0.0029348	NaN
0.002993	NaN
0.0030523	NaN
0.0031132	NaN
0.0031762	NaN
0.0032418	NaN
0.0033102	NaN
0.0033821	NaN
0.0034578	NaN
0.0035378	NaN
0.0036219	NaN
0.0037087	NaN
0.0037969	NaN
0.0038847	NaN
0.0039708	NaN
0.0040537	NaN
0.0041318	NaN
0.0042036	NaN
0.0042678	NaN
0.0043231	NaN
0.0043684	NaN
0.0044027	NaN
0.0044248	NaN
0.0044336	NaN
0.004428	NaN
0.0044068	NaN
0.0043695	NaN
0.0043172	NaN
0.0042512	NaN
0.0041728	NaN
0.0040835	NaN
0.0039844	NaN
0.0038769	NaN
0.0037625	NaN
0.0036424	NaN
0.0035182	NaN
0.0033913	NaN
0.0032633	NaN
0.0031357	NaN
0.0030101	NaN
0.0028879	NaN
0.0027707	NaN
0.0026598	NaN
0.0025557	NaN
0.0024587	NaN
0.002369	NaN
0.0022871	NaN
0.0022133	NaN
0.0021477	NaN
0.0020908	NaN
0.0020428	NaN
0.0020037	NaN
0.0019735	NaN
0.001952	NaN
0.0019392	NaN
0.0019351	NaN
0.0019395	NaN
0.0019525	NaN
0.0019739	NaN
0.0020038	NaN
0.0020419	NaN
0.0020883	NaN
0.002143	NaN
0.0022057	NaN
0.0022765	NaN
0.0023554	NaN
0.0024421	NaN
0.002536	NaN
0.0026364	NaN
0.0027423	NaN
0.002853	NaN
0.0029677	NaN
0.0030856	NaN
0.0032057	NaN
0.0033274	NaN
0.0034497	NaN
0.0035718	NaN
0.0036929	NaN
0.003812	NaN
0.0039284	NaN
0.0040411	NaN
0.0041494	NaN
0.0042524	NaN
0.0043502	NaN
0.0044431	NaN
0.0045316	NaN
0.004616	NaN
0.0046969	NaN
0.0047745	NaN
0.0048494	NaN
0.0049219	NaN
0.0049936	NaN
0.0050662	NaN
0.0051418	NaN
0.0052222	NaN
0.0053093	NaN
0.0054052	NaN
0.0055116	NaN
0.0056305	NaN
0.0057629	NaN
0.0059095	NaN
0.0060708	NaN
0.0062473	NaN
0.0064396	NaN
0.0066482	NaN
0.0068736	NaN
0.0071165	NaN
0.0073757	NaN
0.0076492	NaN
0.0079349	NaN
0.0082305	NaN
0.008534	NaN
0.0088431	NaN
0.0091558	NaN
0.00947	NaN
0.0097849	NaN
0.010101	NaN
0.01042	NaN
0.010741	NaN
0.011066	NaN
0.011395	NaN
0.011728	NaN
0.012068	NaN
0.012412	NaN
0.01276	NaN
0.01311	NaN
0.01346	NaN
0.013809	NaN
0.014155	NaN
0.014497	NaN
0.014832	NaN
0.015159	NaN
0.015477	NaN
0.015782	NaN
0.016074	NaN
0.016349	NaN
0.016606	NaN
0.016844	NaN
0.017059	NaN
0.017249	NaN
0.017412	NaN
0.017544	NaN
0.017642	NaN
0.017703	NaN
0.017724	NaN
0.017701	NaN
0.017633	NaN
0.017517	NaN
0.017357	NaN
0.017158	NaN
0.016922	NaN
0.016654	NaN
0.016358	NaN
0.016037	NaN
0.015695	NaN
0.015336	NaN
0.014966	NaN
0.014588	NaN
0.014207	NaN
0.013828	NaN
0.013457	NaN
0.013097	NaN
0.012753	NaN
0.01243	NaN
0.012129	NaN
0.011853	NaN
0.011605	NaN
0.011386	NaN
0.011199	NaN
0.011045	NaN
0.010928	NaN
0.010849	NaN
0.010812	NaN
0.010819	NaN
0.010874	NaN
0.010981	NaN
0.011141	NaN
0.011359	NaN
0.011638	NaN
0.011981	NaN
0.012391	NaN
0.012871	NaN
0.013424	NaN
0.014054	NaN
0.014764	NaN
0.015557	NaN
0.016436	NaN
0.017404	NaN
0.018461	NaN
0.019608	NaN
0.020843	NaN
0.022168	NaN
0.023582	NaN
0.025084	NaN
0.026676	NaN
0.028357	NaN
0.030132	NaN
0.032007	NaN
0.033987	NaN
0.036078	NaN
0.038285	NaN
0.040614	NaN
0.04307	NaN
0.04566	NaN
0.048392	NaN
0.051279	NaN
0.054329	NaN
0.057554	NaN
0.060964	NaN
0.064571	NaN
0.068383	NaN
0.072415	NaN
0.076689	NaN
0.081234	NaN
0.086076	NaN
0.091245	NaN
0.096769	NaN
0.10267	-0.46014
0.10899	-0.45939
0.11574	-0.45724
0.123	-0.45375
0.13081	-0.44908
0.13926	-0.44336
0.14841	-0.43674
0.15831	-0.42935
0.16905	-0.42135
0.18068	-0.41287
0.19327	-0.40405
0.2068	-0.39496
0.22121	-0.38564
0.23644	-0.37611
0.25245	-0.36643
0.26917	-0.35662
0.28654	-0.34672
0.30452	-0.33677
0.32304	-0.32679
0.34204	-0.31672
0.36144	-0.30642
0.38118	-0.29575
0.40117	-0.2846
0.42136	-0.27283
0.44167	-0.2603
0.46202	-0.24688
0.48235	-0.23247
0.50273	-0.21707
0.52331	-0.20084
0.54424	-0.1839
0.56568	-0.16638
0.58779	-0.14844
0.61071	-0.13019
0.6346	-0.11179
0.65961	-0.093359
0.68565	-0.075141
0.71248	-0.057436
0.73984	-0.040552
0.76747	-0.024795
0.79513	-0.010471
0.82255	0.0021147
0.84948	0.012655
0.87566	0.020851
0.90069	0.026575
0.92406	0.029853
0.94524	0.030717
0.96371	0.029202
0.97894	0.02534
0.99041	0.019163
0.9976	0.010706
1	0
0.99741	-0.01293
0.98998	-0.028069
0.97787	-0.045401
0.96123	-0.064913
0.94025	-0.086588
0.91506	-0.11041
0.88585	-0.13637
0.85277	-0.16444
0.81619	-0.19457
0.77674	-0.22661
0.73505	-0.26043
0.69176	-0.29589
0.64751	-0.33286
0.60292	-0.3712
0.55864	-0.41077
0.5153	-0.45145
0.47335	-0.49346
0.43297	-0.53758
0.39433	-0.5846
0.35759	-0.63533
0.3229	-0.69057
0.29045	-0.75111
0.26038	-0.81777
0.23287	-0.89133
0.20797	-0.9715
0.18558	-1.0562
0.16559	-1.1431
0.14787	-1.2301
0.13231	-1.3148
0.1188	-1.395
0.10721	-1.4684
0.097422	NaN
0.089318	NaN
0.082751	NaN
0.077577	NaN
0.073651	NaN
0.070829	NaN
0.068967	NaN
0.06792	NaN
0.067543	NaN
0.067702	NaN
0.06828	NaN
0.069164	NaN
0.070244	NaN
0.071405	NaN
0.072535	NaN
0.073522	NaN
0.074253	NaN
0.074638	NaN
0.07465	NaN
0.07427	NaN
0.07348	NaN
0.072261	NaN
0.070596	NaN
0.068466	NaN
0.065852	NaN
0.062758	NaN
0.059246	NaN
0.055396	NaN
0.051283	NaN
0.046985	NaN
0.042578	NaN
0.03814	NaN
0.033748	NaN
0.029472	NaN
0.025359	NaN
0.02145	NaN
0.017787	NaN
0.014411	NaN
0.011364	NaN
0.0086865	NaN
0.0064203	NaN
0.0045935	NaN
0.0031777	NaN
0.0021291	NaN
0.0014041	NaN
0.00095877	NaN
0.00074949	NaN
0.00073252	NaN
0.00086412	NaN
0.001103	NaN
0.0014201	NaN
0.0017904	NaN
0.0021887	NaN
0.0025899	NaN
0.0029689	NaN
0.0033006	NaN
0.0035599	NaN
0.0037256	NaN
0.0038001	NaN
0.0037948	NaN
0.0037208	NaN
0.0035895	NaN
0.0034121	NaN
0.0031999	NaN
0.0029641	NaN
0.0027154	NaN
0.0024603	NaN
0.0022032	NaN
0.0019489	NaN
0.0017019	NaN
0.0014667	NaN
0.0012479	NaN
0.0010501	NaN
0.0008775	NaN
0.00073003	NaN
0.00060572	NaN
0.00050256	NaN
0.00041852	NaN
0.0003516	NaN
0.00029977	NaN
0.00026101	NaN
0.0002334	NaN
0.00021598	NaN
0.00020833	NaN
0.00021007	NaN
0.00022078	NaN
0.00024008	NaN
0.00026757	NaN
0.00030284	NaN
0.0003455	NaN
0.00039506	NaN
0.00045096	NaN
0.00051265	NaN
0.00057958	NaN
0.00065121	NaN
0.00072698	NaN
0.00080635	NaN
0.00088872	NaN
0.00097309	NaN
0.0010581	NaN
0.0011423	NaN
0.0012244	NaN
0.001303	NaN
0.0013767	NaN
0.0014442	NaN
0.001504	NaN
0.0015558	NaN
0.0015998	NaN
0.0016362	NaN
0.0016656	NaN
0.001688	NaN
0.001704	NaN
0.0017137	NaN
0.0017175	NaN
0.0017156	NaN
0.001708	NaN
0.0016946	NaN
0.0016756	NaN
0.0016508	NaN
0.0016204	NaN
0.0015843	NaN
0.0015426	NaN
0.0014955	NaN
0.0014438	NaN
0.0013883	NaN
0.0013296	NaN
0.0012685	NaN
0.0012058	NaN
0.0011422	NaN
0.0010784	NaN
0.001015	NaN
0.00095237	NaN
0.00089095	NaN
0.00083109	NaN
0.00077316	NaN
0.00071754	NaN
0.0006646	NaN
0.00061472	NaN
0.00056825	NaN
0.0005255	NaN
0.00048679	NaN
0.00045244	NaN
0.00042275	NaN
0.00039804	NaN
0.00037862	NaN
0.00036481	NaN
0.00035655	NaN
0.00035314	NaN
0.00035378	NaN
0.00035769	NaN
0.00036409	NaN
0.00037218	NaN
0.00038117	NaN
0.00039029	NaN
0.00039886	NaN
0.00040651	NaN
0.00041289	NaN
0.00041764	NaN
0.00042042	NaN
0.00042089	NaN
0.00041869	NaN
0.00041348	NaN
0.00040509	NaN
0.00039386	NaN
0.00038019	NaN
0.00036446	NaN
0.00034709	NaN
0.00032847	NaN
0.00030901	NaN
0.0002891	NaN
0.00026909	NaN
0.00024913	NaN
0.00022934	NaN
0.00020984	NaN
0.00019075	NaN
0.0001722	NaN
0.00015431	NaN
0.00013719	NaN
0.00012096	NaN
0.00010568	NaN
9.1395e-05	NaN
7.8165e-05	NaN
6.6039e-05	NaN
5.5071e-05	NaN
4.5311e-05	NaN
3.6813e-05	NaN
2.96e-05	NaN
2.3583e-05	NaN
1.8641e-05	NaN
1.4652e-05	NaN
1.1496e-05	NaN
9.0515e-06	NaN
7.1983e-06	NaN
5.8153e-06	NaN
4.7906e-06	NaN
4.0579e-06	NaN
3.5644e-06	NaN
3.2575e-06	NaN
3.0848e-06	NaN
2.9936e-06	NaN
2.9313e-06	NaN
2.8453e-06	NaN
2.6915e-06	NaN
2.4746e-06	NaN
2.2174e-06	NaN
1.9425e-06	NaN
1.6727e-06	NaN
1.4305e-06	NaN
1.2388e-06	NaN
1.1203e-06	NaN
1.0943e-06	NaN
1.1578e-06	NaN
1.2983e-06	NaN
1.5029e-06	NaN
1.7592e-06	NaN
2.0543e-06	NaN
2.3758e-06	NaN
2.7108e-06	NaN
3.048e-06	NaN
3.3867e-06	NaN
3.7312e-06	NaN
4.0861e-06	NaN
4.4559e-06	NaN
4.845e-06	NaN
5.258e-06	NaN
5.6993e-06	NaN
6.1737e-06	NaN
6.6879e-06	NaN
7.2499e-06	NaN
7.8676e-06	NaN
8.549e-06	NaN
9.302e-06	NaN
1.0135e-05	NaN
1.1055e-05	NaN
1.2075e-05	NaN
1.3259e-05	NaN
1.4707e-05	NaN
1.6518e-05	NaN
1.8792e-05	NaN
2.163e-05	NaN
2.513e-05	NaN
2.9392e-05	NaN
3.4518e-05	NaN
4.0609e-05	NaN
4.7774e-05	NaN
5.6119e-05	NaN
6.575e-05	NaN
7.6774e-05	NaN
8.9298e-05	NaN
0.00010343	NaN
0.00011927	NaN
0.00013685	NaN
0.00015617	NaN
0.00017719	NaN
0.00019989	NaN
0.00022426	NaN
0.00025026	NaN
0.00027789	NaN
0.0003071	NaN
0.00033781	NaN
0.00036983	NaN
0.00040298	NaN
0.00043707	NaN
0.00047192	NaN
0.00050736	NaN
0.00054319	NaN
0.00057923	NaN
0.00061528	NaN
0.00065113	NaN
0.00068655	NaN
0.00072133	NaN
0.00075524	NaN
0.00078807	NaN
0.0008196	NaN
0.00084961	NaN
0.00087786	NaN
0.00090416	NaN
0.00092825	NaN
0.00094993	NaN
0.00096897	NaN
0.00098514	NaN
0.00099822	NaN
0.001008	NaN
0.0010143	NaN
0.0010173	NaN
0.0010169	NaN
0.0010134	NaN
0.0010067	NaN
0.00099687	NaN
0.00098406	NaN
0.00096832	NaN
0.00094977	NaN
0.00092867	NaN
0.00090525	NaN
0.00087979	NaN
0.00085253	NaN
0.00082372	NaN
0.00079362	NaN
0.00076249	NaN
0.00073055	NaN
0.000698	NaN
0.00066502	NaN
0.00063179	NaN
0.0005985	NaN
0.00056532	NaN
0.00053244	NaN
0.00050004	NaN
0.00046828	NaN
0.00043726	NaN
0.00040703	NaN
0.0003777	NaN
0.00034933	NaN
0.00032201	NaN
0.00029581	NaN
0.00027081	NaN
0.00024709	NaN
0.00022463	NaN
0.00020344	NaN
0.00018353	NaN
0.00016487	NaN
0.00014748	NaN
0.00013136	NaN
0.00011648	NaN
0.00010286	NaN
9.0417e-05	NaN
7.91e-05	NaN
6.8841e-05	NaN
5.9575e-05	NaN
5.1238e-05	NaN
4.3763e-05	NaN
3.7087e-05	NaN
3.1149e-05	NaN
2.5908e-05	NaN
2.1328e-05	NaN
1.7373e-05	NaN
1.4005e-05	NaN
1.1189e-05	NaN
8.8893e-06	NaN
7.0687e-06	NaN
5.6896e-06	NaN
4.7075e-06	NaN
4.0758e-06	NaN
3.7476e-06	NaN
3.6764e-06	NaN
3.8153e-06	NaN
4.1178e-06	NaN
4.5371e-06	NaN
5.0301e-06	NaN
5.5745e-06	NaN
6.1551e-06	NaN
6.7569e-06	NaN
7.3649e-06	NaN
7.964e-06	NaN
8.5391e-06	NaN
9.0753e-06	NaN
9.5587e-06	NaN
9.9838e-06	NaN
1.0349e-05	NaN
1.0651e-05	NaN
1.089e-05	NaN
1.1062e-05	NaN
1.1166e-05	NaN
1.12e-05	NaN
1.1162e-05	NaN
1.1055e-05	NaN
1.0883e-05	NaN
1.0651e-05	NaN
1.0363e-05	NaN
1.0024e-05	NaN
9.6378e-06	NaN
9.209e-06	NaN
8.7423e-06	NaN
8.2436e-06	NaN
7.7196e-06	NaN
7.1773e-06	NaN
6.6233e-06	NaN
6.0644e-06	NaN
5.5074e-06	NaN
4.9591e-06	NaN
4.426e-06	NaN
3.9129e-06	NaN
3.4231e-06	NaN
2.9598e-06	NaN
2.5264e-06	NaN
2.1261e-06	NaN
1.7624e-06	NaN
1.4384e-06	NaN
1.1573e-06	NaN
9.1853e-07	NaN
7.1867e-07	NaN
5.5436e-07	NaN
4.2218e-07	NaN
3.1873e-07	NaN
2.4061e-07	NaN
1.8441e-07	NaN
1.4675e-07	NaN
1.2475e-07	NaN
1.1593e-07	NaN
1.1784e-07	NaN
1.2801e-07	NaN
1.4401e-07	NaN
1.6337e-07	NaN
1.8364e-07	NaN
2.0241e-07	NaN
2.1823e-07	NaN
2.3064e-07	NaN
2.3924e-07	NaN
2.436e-07	NaN
2.4331e-07	NaN
2.3795e-07	NaN
2.2711e-07	NaN
2.104e-07	NaN
1.8832e-07	NaN
1.6239e-07	NaN
1.3421e-07	NaN
1.0535e-07	NaN
7.7413e-08	NaN
5.1976e-08	NaN
3.0629e-08	NaN
1.4937e-08	NaN
5.5763e-09	NaN
2.0212e-09	NaN
3.6624e-09	NaN
9.8904e-09	NaN
2.0095e-08	NaN
3.3668e-08	NaN
4.9999e-08	NaN
6.8478e-08	NaN
8.8545e-08	NaN
1.0971e-07	NaN
1.3149e-07	NaN
1.534e-07	NaN
1.7496e-07	NaN
1.9569e-07	NaN
2.1511e-07	NaN
2.3273e-07	NaN
2.4808e-07	NaN
2.6076e-07	NaN
2.7034e-07	NaN
2.7641e-07	NaN
2.7855e-07	NaN
2.7633e-07	NaN
2.6935e-07	NaN
2.5719e-07	NaN
2.3991e-07	NaN
2.1858e-07	NaN
1.944e-07	NaN
1.6858e-07	NaN
1.423e-07	NaN
1.1677e-07	NaN
9.3182e-08	NaN
7.2737e-08	NaN
5.6337e-08	NaN
4.4154e-08	NaN
3.6255e-08	NaN
3.2702e-08	NaN
3.356e-08	NaN
3.8894e-08	NaN
4.8769e-08	NaN
6.3247e-08	NaN
8.2143e-08	NaN
1.0455e-07	NaN
1.2944e-07	NaN
1.5577e-07	NaN
1.8251e-07	NaN
2.0863e-07	NaN
2.3308e-07	NaN
2.5484e-07	NaN
2.7286e-07	NaN
2.8613e-07	NaN
2.9359e-07	NaN
2.9422e-07	NaN
2.8698e-07	NaN
2.7084e-07	NaN
2.4476e-07	NaN
2.0771e-07	NaN
7.4899e-08	NaN
7.2513e-08	NaN
7.0361e-08	NaN
6.8379e-08	NaN
6.6507e-08	NaN
