2.3637e-07	NaN
2.3699e-07	NaN
2.3704e-07	NaN
2.3649e-07	NaN
2.353e-07	NaN
2.334e-07	NaN
2.3077e-07	NaN
2.2736e-07	NaN
2.2313e-07	NaN
2.1802e-07	NaN
2.12e-07	NaN
2.0503e-07	NaN
1.9705e-07	NaN
1.8803e-07	NaN
1.7794e-07	NaN
1.6692e-07	NaN
1.5514e-07	NaN
1.4277e-07	NaN
1.3e-07	NaN
1.1701e-07	NaN
1.0396e-07	NaN
9.1038e-08	NaN
7.8422e-08	NaN
6.6307e-08	NaN
5.4892e-08	NaN
4.4378e-08	NaN
3.4965e-08	NaN
2.6854e-08	NaN
2.0244e-08	NaN
1.5338e-08	NaN
1.232e-08	NaN
1.1269e-08	NaN
1.2213e-08	NaN
1.5178e-08	NaN
2.0191e-08	NaN
2.7278e-08	NaN
3.6467e-08	NaN
4.7784e-08	NaN
6.1202e-08	NaN
7.6196e-08	NaN
9.1961e-08	NaN
1.0769e-07	NaN
1.2258e-07	NaN
1.3582e-07	NaN
1.4661e-07	NaN
1.5414e-07	NaN
1.5767e-07	NaN
1.5731e-07	NaN
1.5372e-07	NaN
1.4753e-07	NaN
1.3941e-07	NaN
1.3e-07	NaN
1.1997e-07	NaN
1.0996e-07	NaN
1.0062e-07	NaN
9.2509e-08	NaN
8.6134e-08	NaN
8.1988e-08	NaN
8.057e-08	NaN
8.2377e-08	NaN
8.7905e-08	NaN
9.7654e-08	NaN
1.1209e-07	NaN
1.3116e-07	NaN
1.5438e-07	NaN
1.8122e-07	NaN
2.1118e-07	NaN
2.4375e-07	NaN
2.7842e-07	NaN
3.1467e-07	NaN
3.5198e-07	NaN
3.8939e-07	NaN
4.2551e-07	NaN
4.5895e-07	NaN
4.883e-07	NaN
5.1217e-07	NaN
5.2915e-07	NaN
5.3784e-07	NaN
5.3699e-07	NaN
5.2953e-07	NaN
5.2321e-07	NaN
5.2603e-07	NaN
5.46e-07	NaN
5.9114e-07	NaN
6.6943e-07	NaN
7.889e-07	NaN
9.5748e-07	NaN
1.1805e-06	NaN
1.4599e-06	NaN
1.7973e-06	NaN
2.1945e-06	NaN
2.653e-06	NaN
3.1746e-06	NaN
3.761e-06	NaN
4.4137e-06	NaN
5.135e-06	NaN
5.9276e-06	NaN
6.7944e-06	NaN
7.7381e-06	NaN
8.7616e-06	NaN
9.8678e-06	NaN
1.1059e-05	NaN
1.2339e-05	NaN
1.3711e-05	NaN
1.518e-05	NaN
1.6751e-05	NaN
1.8428e-05	NaN
2.0217e-05	NaN
2.2124e-05	NaN
2.4152e-05	NaN
2.6308e-05	NaN
2.8584e-05	NaN
3.0953e-05	NaN
3.3383e-05	NaN
3.5843e-05	NaN
3.8301e-05	NaN
4.0725e-05	NaN
4.3085e-05	NaN
4.5349e-05	NaN
4.7491e-05	NaN
4.95e-05	NaN
5.1367e-05	NaN
5.3082e-05	NaN
5.4636e-05	NaN
5.6019e-05	NaN
5.7222e-05	NaN
5.8236e-05	NaN
5.9056e-05	NaN
5.9688e-05	NaN
6.0142e-05	NaN
6.0428e-05	NaN
6.0555e-05	NaN
6.0532e-05	NaN
6.0368e-05	NaN
6.0074e-05	NaN
5.9671e-05	NaN
5.9228e-05	NaN
5.8822e-05	NaN
5.8531e-05	NaN
5.8431e-05	NaN
5.8601e-05	NaN
5.9118e-05	NaN
6.0059e-05	NaN
6.1498e-05	NaN
6.3501e-05	NaN
6.6132e-05	NaN
6.9451e-05	NaN
7.3523e-05	NaN
7.8409e-05	NaN
8.4174e-05	NaN
9.0878e-05	NaN
9.8577e-05	NaN
0.00010729	NaN
0.00011701	NaN
0.00012775	NaN
0.00013952	NaN
0.00015231	NaN
0.00016613	NaN
0.00018099	NaN
0.00019687	NaN
0.00021363	NaN
0.00023108	NaN
0.00024904	NaN
0.00026734	NaN
0.00028579	NaN
0.00030421	NaN
0.00032241	NaN
0.00034022	NaN
0.00035741	NaN
0.00037375	NaN
0.000389	NaN
0.00040294	NaN
0.00041533	NaN
0.00042594	NaN
0.00043454	NaN
0.00044091	NaN
0.00044508	NaN
0.00044715	NaN
0.00044723	NaN
0.00044544	NaN
0.00044187	NaN
0.00043664	NaN
0.00042987	NaN
0.00042165	NaN
0.00041201	NaN
0.00040094	NaN
0.00038843	NaN
0.00037446	NaN
0.00035902	NaN
0.0003421	NaN
0.00032368	NaN
0.00030379	NaN
0.00028278	NaN
0.00026122	NaN
0.00023969	NaN
0.00021875	NaN
0.00019899	NaN
0.00018098	NaN
0.00016529	NaN
0.00015248	NaN
0.00014283	NaN
0.00013643	NaN
0.00013337	NaN
0.00013371	NaN
0.00013755	NaN
0.00014497	NaN
0.00015605	NaN
0.00017088	NaN
0.0001895	NaN
0.00021195	NaN
0.00023826	NaN
0.00026847	NaN
0.0003026	NaN
0.00034069	NaN
0.00038277	NaN
0.00042888	NaN
0.00047938	NaN
0.00053493	NaN
0.00059618	NaN
0.00066381	NaN
0.00073848	NaN
0.00082085	NaN
0.0009116	NaN
0.0010114	NaN
0.0011205	NaN
0.0012392	NaN
0.0013673	NaN
0.001505	NaN
0.0016523	NaN
0.0018093	NaN
0.0019759	NaN
0.0021523	NaN
0.0023378	NaN
0.002531	NaN
0.0027306	NaN
0.002935	NaN
0.0031429	NaN
0.0033528	NaN
0.0035632	NaN
0.0037728	NaN
0.0039801	NaN
0.0041835	NaN
0.0043814	NaN
0.0045724	NaN
0.0047548	NaN
0.0049271	NaN
0.0050877	NaN
0.0052351	NaN
0.0053681	NaN
0.0054858	NaN
0.0055875	NaN
0.0056726	NaN
0.0057401	NaN
0.0057895	NaN
0.0058201	NaN
0.0058309	NaN
0.005822	NaN
0.0057939	NaN
0.0057476	NaN
0.005684	NaN
0.005604	NaN
0.0055084	NaN
0.0053982	NaN
0.0052741	NaN
0.0051375	NaN
0.0049903	NaN
0.0048344	NaN
0.0046718	NaN
0.0045047	NaN
0.004335	NaN
0.0041647	NaN
0.0039958	NaN
0.0038304	NaN
0.00367	NaN
0.0035163	NaN
0.003371	NaN
0.0032356	NaN
0.0031119	NaN
0.0030013	NaN
0.0029057	NaN
0.002826	NaN
0.0027617	NaN
0.0027118	NaN
0.0026755	NaN
0.0026517	NaN
0.0026395	NaN
0.002638	NaN
0.0026462	NaN
0.0026633	NaN
0.0026887	NaN
0.0027218	NaN
0.0027622	NaN
0.0028092	NaN
0.0028623	NaN
0.0029211	NaN
0.0029849	NaN
0.0030534	NaN
0.0031261	NaN
0.0032029	NaN
0.0032836	NaN
0.0033679	NaN
0.0034556	NaN
0.0035464	NaN
0.0036402	NaN
0.0037366	NaN
0.0038353	NaN
0.0039356	NaN
0.0040369	NaN
0.0041388	NaN
0.0042407	NaN
0.004342	NaN
0.0044422	NaN
0.0045408	NaN
0.0046377	NaN
0.0047333	NaN
0.0048277	NaN
0.0049212	NaN
0.0050139	NaN
0.005106	NaN
0.0051977	NaN
0.0052894	NaN
0.0053809	NaN
0.0054724	NaN
0.005564	NaN
0.0056556	NaN
0.0057473	NaN
0.0058392	NaN
0.0059313	NaN
0.0060238	NaN
0.0061177	NaN
0.0062146	NaN
0.006316	NaN
0.0064236	NaN
0.0065389	NaN
0.0066635	NaN
0.0067989	NaN
0.0069466	NaN
0.0071072	NaN
0.0072808	NaN
0.0074673	NaN
0.0076668	NaN
0.0078793	NaN
0.0081049	NaN
0.0083435	NaN
0.0085952	NaN
0.0088591	NaN
0.0091339	NaN
0.0094183	NaN
0.0097108	NaN
0.01001	NaN
0.010315	NaN
0.010624	NaN
0.010935	NaN
0.011247	NaN
0.011556	NaN
0.011859	NaN
0.012153	NaN
0.012435	NaN
0.012702	NaN
0.01295	NaN
0.013176	NaN
0.013377	NaN
0.013548	NaN
0.013684	NaN
0.01378	NaN
0.013832	NaN
0.013835	NaN
0.013784	NaN
0.013675	NaN
0.013507	NaN
0.013283	NaN
0.013006	NaN
0.01268	NaN
0.012308	NaN
0.011894	NaN
0.01144	NaN
0.010951	NaN
0.010431	NaN
0.00989	NaN
0.0093358	NaN
0.0087774	NaN
0.0082236	NaN
0.0076829	NaN
0.0071642	NaN
0.006676	NaN
0.0062236	NaN
0.0058071	NaN
0.0054262	NaN
0.0050808	NaN
0.0047705	NaN
0.0044951	NaN
0.0042544	NaN
0.0040481	NaN
0.0038742	NaN
0.0037278	NaN
0.0036038	NaN
0.003497	NaN
0.0034023	NaN
0.0033144	NaN
0.0032283	NaN
0.0031388	NaN
0.0030427	NaN
0.0029409	NaN
0.0028344	NaN
0.0027246	NaN
0.0026127	NaN
0.0024999	NaN
0.0023874	NaN
0.0022765	NaN
0.0021682	NaN
0.002063	NaN
0.0019614	NaN
0.001864	NaN
0.0017713	NaN
0.0016837	NaN
0.0016018	NaN
0.0015261	NaN
0.0014567	NaN
0.0013933	NaN
0.0013352	NaN
0.0012818	NaN
0.0012325	NaN
0.0011868	NaN
0.0011439	NaN
0.0011034	NaN
0.0010645	NaN
0.0010269	NaN
0.00098992	NaN
0.00095306	NaN
0.0009158	NaN
0.0008776	NaN
0.00083794	NaN
0.00079627	NaN
0.00075255	NaN
0.00070847	NaN
0.00066614	NaN
0.00062766	NaN
0.00059515	NaN
0.0005707	NaN
0.00055644	NaN
0.00055447	NaN
0.000569	NaN
0.00061351	NaN
0.00070406	NaN
0.00085665	NaN
0.0010873	NaN
0.0014122	NaN
0.0018471	NaN
0.0024083	NaN
0.0031161	NaN
0.0040144	NaN
0.0051545	NaN
0.0065875	NaN
0.0083647	NaN
0.010538	NaN
0.013157	NaN
0.016275	NaN
0.01994	NaN
0.02419	NaN
0.029057	NaN
0.034574	NaN
0.040774	NaN
0.047689	NaN
0.055352	NaN
0.063796	NaN
0.073052	NaN
0.083138	NaN
0.094069	NaN
0.10586	-0.62121
0.11852	-0.6215
0.13207	-0.62002
0.14651	-0.6169
0.16187	-0.6123
0.17816	-0.60635
0.19535	-0.59911
0.21341	-0.5906
0.23232	-0.58083
0.25203	-0.56983
0.27252	-0.55762
0.29376	-0.54422
0.3157	-0.52965
0.33833	-0.51392
0.36163	-0.49712
0.38559	-0.47933
0.41021	-0.46065
0.43548	-0.44117
0.46141	-0.42099
0.48798	-0.40021
0.5152	-0.37891
0.54305	-0.35719
0.57143	-0.33516
0.60021	-0.31292
0.62922	-0.2906
0.6583	-0.2683
0.68731	-0.24613
0.71609	-0.22421
0.74449	-0.20264
0.77235	-0.18155
0.79949	-0.16104
0.82571	-0.14125
0.8508	-0.12229
0.87456	-0.10431
0.89678	-0.087408
0.91727	-0.071727
0.93581	-0.057387
0.9522	-0.044512
0.96632	-0.033169
0.97808	-0.023376
0.9874	-0.015147
0.99421	-0.0084982
0.99844	-0.0034441
1	0
0.99882	0.0018191
0.99484	0.0019983
0.98817	0.00053185
0.97915	-0.0025769
0.96813	-0.0073239
0.95543	-0.013705
0.94141	-0.021717
0.92641	-0.031355
0.91076	-0.042615
0.89481	-0.055496
0.87874	-0.070073
0.86253	-0.086514
0.84615	-0.105
0.82958	-0.1257
0.81279	-0.14879
0.79575	-0.17445
0.77844	-0.20286
0.76082	-0.23418
0.74281	-0.2684
0.72425	-0.30524
0.70498	-0.34439
0.68481	-0.38554
0.66358	-0.42839
0.64112	-0.47264
0.61726	-0.51797
0.59184	-0.56409
0.56484	-0.61098
0.53652	-0.65909
0.50717	-0.70892
0.47707	-0.76096
0.4465	-0.81573
0.41575	-0.87372
0.3851	-0.93542
0.35482	-1.0013
0.32519	-1.0711
0.2964	-1.1429
0.26866	-1.2146
0.24216	-1.284
0.21712	-1.3492
0.19374	-1.4079
0.1722	-1.4582
0.15273	-1.498
0.13543	-1.5281
0.1202	-1.5565
0.10692	-1.5919
0.095464	NaN
0.085715	NaN
0.077547	NaN
0.070838	NaN
0.065464	NaN
0.061306	NaN
0.058259	NaN
0.056217	NaN
0.055075	NaN
0.05473	NaN
0.055076	NaN
0.056008	NaN
0.057422	NaN
0.059218	NaN
0.061309	NaN
0.06361	NaN
0.066036	NaN
0.068503	NaN
0.070928	NaN
0.073225	NaN
0.07531	NaN
0.077108	NaN
0.07858	NaN
0.079697	NaN
0.080428	NaN
0.080741	NaN
0.080606	NaN
0.079993	NaN
0.078871	NaN
0.077223	NaN
0.075091	NaN
0.072531	NaN
0.069599	NaN
0.066354	NaN
0.062852	NaN
0.05915	NaN
0.055305	NaN
0.051372	NaN
0.047401	NaN
0.04344	NaN
0.039537	NaN
0.035737	NaN
0.032091	NaN
0.028644	NaN
0.025444	NaN
0.022534	NaN
0.019919	NaN
0.017593	NaN
0.01555	NaN
0.013783	NaN
0.012285	NaN
0.01105	NaN
0.010072	NaN
0.0093408	NaN
0.0088312	NaN
0.0085101	NaN
0.0083443	NaN
0.0083006	NaN
0.0083458	NaN
0.0084468	NaN
0.0085705	NaN
0.0086852	NaN
0.0087744	NaN
0.0088284	NaN
0.008838	NaN
0.0087938	NaN
0.0086865	NaN
0.0085066	NaN
0.0082449	NaN
0.0078934	NaN
0.00746	NaN
0.0069618	NaN
0.0064157	NaN
0.0058389	NaN
0.0052485	NaN
0.0046617	NaN
0.0040955	NaN
0.0035662	NaN
0.0030805	NaN
0.0026382	NaN
0.0022389	NaN
0.0018825	NaN
0.0015685	NaN
0.0012968	NaN
0.0010671	NaN
0.0008789	NaN
0.00072953	NaN
0.00061447	NaN
0.00052914	NaN
0.00046898	NaN
0.00042943	NaN
0.00040591	NaN
0.00039387	NaN
0.00038882	NaN
0.00038815	NaN
0.00039093	NaN
0.00039627	NaN
0.00040331	NaN
0.00041118	NaN
0.000419	NaN
0.0004259	NaN
0.00043103	NaN
0.0004339	NaN
0.00043445	NaN
0.00043262	NaN
0.00042836	NaN
0.00042161	NaN
0.00041231	NaN
0.00040043	NaN
0.0003859	NaN
0.00036884	NaN
0.0003496	NaN
0.00032851	NaN
0.00030591	NaN
0.00028215	NaN
0.00025757	NaN
0.00023251	NaN
0.00020732	NaN
0.00018232	NaN
0.00015782	NaN
0.00013412	NaN
0.00011153	NaN
9.034e-05	NaN
7.0866e-05	NaN
5.3407e-05	NaN
3.8266e-05	NaN
2.5636e-05	NaN
1.5538e-05	NaN
7.9735e-06	NaN
2.9474e-06	NaN
4.6267e-07	NaN
5.229e-07	NaN
3.1315e-06	NaN
8.2908e-06	NaN
1.5875e-05	NaN
2.5518e-05	NaN
3.6826e-05	NaN
4.9405e-05	NaN
6.2862e-05	NaN
7.6803e-05	NaN
9.0834e-05	NaN
0.00010456	NaN
0.00011761	NaN
0.00012962	NaN
0.00014026	NaN
0.00014918	NaN
0.00015603	NaN
0.00016047	NaN
0.00016216	NaN
0.00016075	NaN
0.00015611	NaN
0.00014863	NaN
0.00013882	NaN
0.00012714	NaN
0.00011411	NaN
0.00010019	NaN
8.5882e-05	NaN
7.1671e-05	NaN
5.7997e-05	NaN
4.5157e-05	NaN
3.342e-05	NaN
2.3054e-05	NaN
1.4328e-05	NaN
7.5129e-06	NaN
2.8763e-06	NaN
6.8784e-07	NaN
1.0958e-06	NaN
3.8199e-06	NaN
8.4846e-06	NaN
1.4714e-05	NaN
2.2133e-05	NaN
3.0366e-05	NaN
3.9037e-05	NaN
4.777e-05	NaN
5.6232e-05	NaN
6.4266e-05	NaN
7.1761e-05	NaN
7.8605e-05	NaN
8.4687e-05	NaN
8.9897e-05	NaN
9.4123e-05	NaN
9.7254e-05	NaN
9.9208e-05	NaN
0.00010004	NaN
9.9845e-05	NaN
9.8725e-05	NaN
9.6778e-05	NaN
9.4101e-05	NaN
9.0793e-05	NaN
8.6951e-05	NaN
8.2673e-05	NaN
7.8044e-05	NaN
7.3147e-05	NaN
6.8064e-05	NaN
6.2878e-05	NaN
5.767e-05	NaN
5.2524e-05	NaN
4.7522e-05	NaN
4.2739e-05	NaN
3.8201e-05	NaN
3.3912e-05	NaN
2.9879e-05	NaN
2.6105e-05	NaN
2.2595e-05	NaN
1.9355e-05	NaN
1.6389e-05	NaN
1.3703e-05	NaN
1.1307e-05	NaN
9.2134e-06	NaN
7.4347e-06	NaN
5.9836e-06	NaN
4.8726e-06	NaN
4.1144e-06	NaN
3.7214e-06	NaN
3.7043e-06	NaN
4.0545e-06	NaN
4.752e-06	NaN
5.7769e-06	NaN
7.1092e-06	NaN
8.7288e-06	NaN
1.0616e-05	NaN
1.275e-05	NaN
1.5109e-05	NaN
1.7636e-05	NaN
2.0251e-05	NaN
2.2872e-05	NaN
2.5421e-05	NaN
2.7817e-05	NaN
2.9979e-05	NaN
3.1827e-05	NaN
3.3287e-05	NaN
3.4363e-05	NaN
3.5123e-05	NaN
3.5637e-05	NaN
3.5974e-05	NaN
3.6204e-05	NaN
3.6395e-05	NaN
3.6618e-05	NaN
3.6938e-05	NaN
3.7384e-05	NaN
3.7948e-05	NaN
3.8619e-05	NaN
3.9388e-05	NaN
4.0246e-05	NaN
4.1182e-05	NaN
4.2188e-05	NaN
4.3254e-05	NaN
4.4377e-05	NaN
4.556e-05	NaN
4.6807e-05	NaN
4.8121e-05	NaN
4.9506e-05	NaN
5.0966e-05	NaN
5.2503e-05	NaN
5.4123e-05	NaN
5.5852e-05	NaN
5.7742e-05	NaN
5.9848e-05	NaN
6.2224e-05	NaN
6.4923e-05	NaN
6.8e-05	NaN
7.151e-05	NaN
7.5504e-05	NaN
7.997e-05	NaN
8.4802e-05	NaN
8.9891e-05	NaN
9.5125e-05	NaN
0.00010039	NaN
0.00010558	NaN
0.00011059	NaN
0.00011529	NaN
0.0001196	NaN
0.00012341	NaN
0.00012666	NaN
0.00012925	NaN
0.00013109	NaN
0.0001321	NaN
0.0001322	NaN
0.0001313	NaN
0.00012939	NaN
0.00012659	NaN
0.00012305	NaN
0.00011889	NaN
0.00011425	NaN
0.00010928	NaN
0.00010411	NaN
9.8874e-05	NaN
9.369e-05	NaN
8.8607e-05	NaN
8.367e-05	NaN
7.8924e-05	NaN
7.4412e-05	NaN
7.018e-05	NaN
6.6271e-05	NaN
6.2732e-05	NaN
5.9585e-05	NaN
5.6803e-05	NaN
5.4351e-05	NaN
5.2194e-05	NaN
5.0296e-05	NaN
4.8623e-05	NaN
4.7138e-05	NaN
4.5807e-05	NaN
4.4598e-05	NaN
4.3494e-05	NaN
4.248e-05	NaN
4.1539e-05	NaN
4.0658e-05	NaN
3.982e-05	NaN
3.901e-05	NaN
3.8213e-05	NaN
3.7414e-05	NaN
3.6601e-05	NaN
3.5763e-05	NaN
3.4889e-05	NaN
3.3968e-05	NaN
3.2989e-05	NaN
3.1939e-05	NaN
3.0809e-05	NaN
2.959e-05	NaN
2.8291e-05	NaN
2.6922e-05	NaN
2.5495e-05	NaN
2.4022e-05	NaN
2.2514e-05	NaN
2.0983e-05	NaN
1.944e-05	NaN
1.7898e-05	NaN
1.6374e-05	NaN
1.489e-05	NaN
1.3465e-05	NaN
1.2119e-05	NaN
1.0873e-05	NaN
9.7459e-06	NaN
8.7582e-06	NaN
7.9264e-06	NaN
7.246e-06	NaN
6.7055e-06	NaN
6.2931e-06	NaN
5.9972e-06	NaN
5.8061e-06	NaN
5.708e-06	NaN
5.6912e-06	NaN
5.7438e-06	NaN
5.851e-06	NaN
5.9969e-06	NaN
6.1658e-06	NaN
6.3417e-06	NaN
6.509e-06	NaN
6.6518e-06	NaN
6.7543e-06	NaN
6.8018e-06	NaN
6.7896e-06	NaN
6.7178e-06	NaN
6.5865e-06	NaN
6.3957e-06	NaN
6.1455e-06	NaN
5.836e-06	NaN
5.4673e-06	NaN
5.0404e-06	NaN
4.5657e-06	NaN
4.0592e-06	NaN
3.5366e-06	NaN
3.0138e-06	NaN
2.5066e-06	NaN
2.0309e-06	NaN
1.6026e-06	NaN
1.2365e-06	NaN
9.35e-07	NaN
6.9249e-07	NaN
5.0322e-07	NaN
3.6142e-07	NaN
2.6131e-07	NaN
1.9714e-07	NaN
1.6312e-07	NaN
1.536e-07	NaN
1.6436e-07	NaN
1.923e-07	NaN
2.3434e-07	NaN
2.874e-07	NaN
3.4839e-07	NaN
4.1425e-07	NaN
4.8189e-07	NaN
5.483e-07	NaN
6.1164e-07	NaN
6.711e-07	NaN
7.2591e-07	NaN
7.7531e-07	NaN
8.1851e-07	NaN
8.5476e-07	NaN
8.8327e-07	NaN
9.0329e-07	NaN
9.1453e-07	NaN
9.1715e-07	NaN
9.1135e-07	NaN
8.973e-07	NaN
8.7519e-07	NaN
8.452e-07	NaN
8.0753e-07	NaN
7.6239e-07	NaN
7.1077e-07	NaN
6.5459e-07	NaN
5.9585e-07	NaN
5.3649e-07	NaN
4.7852e-07	NaN
4.2389e-07	NaN
3.7458e-07	NaN
3.3254e-07	NaN
2.9855e-07	NaN
2.7183e-07	NaN
2.5145e-07	NaN
2.3653e-07	NaN
2.2616e-07	NaN
2.1944e-07	NaN
2.1545e-07	NaN
2.1332e-07	NaN
2.1247e-07	NaN
2.1289e-07	NaN
2.1462e-07	NaN
2.1768e-07	NaN
2.2209e-07	NaN
2.2789e-07	NaN
2.3511e-07	NaN
2.4377e-07	NaN
2.5366e-07	NaN
2.6415e-07	NaN
2.7456e-07	NaN
2.8422e-07	NaN
2.9244e-07	NaN
2.9854e-07	NaN
3.0186e-07	NaN
3.0171e-07	NaN
2.9775e-07	NaN
2.9035e-07	NaN
2.7998e-07	NaN
2.6708e-07	NaN
2.5214e-07	NaN
2.3559e-07	NaN
2.1791e-07	NaN
1.9956e-07	NaN
1.8098e-07	NaN
1.6264e-07	NaN
1.4497e-07	NaN
1.2844e-07	NaN
1.1349e-07	NaN
1.0057e-07	NaN
9.0137e-08	NaN
8.2631e-08	NaN
7.8333e-08	NaN
7.7017e-08	NaN
7.837e-08	NaN
8.2078e-08	NaN
8.7828e-08	NaN
9.5304e-08	NaN
1.0419e-07	NaN
1.1418e-07	NaN
1.2496e-07	NaN
1.3621e-07	NaN
1.4761e-07	NaN
1.5886e-07	NaN
1.6964e-07	NaN
1.7963e-07	NaN
1.8853e-07	NaN
1.9601e-07	NaN
2.316e-07	NaN
2.3363e-07	NaN
2.3524e-07	NaN
