1.5074e-08	NaN
2.6235e-08	NaN
4.3456e-08	NaN
2.2335e-08	NaN
1.4382e-08	NaN
9.6782e-09	NaN
8.0128e-09	NaN
9.1755e-09	NaN
1.2956e-08	NaN
1.9144e-08	NaN
2.753e-08	NaN
3.7903e-08	NaN
5.0052e-08	NaN
6.3768e-08	NaN
7.8841e-08	NaN
9.5059e-08	NaN
1.1221e-07	NaN
1.3009e-07	NaN
1.4849e-07	NaN
1.6719e-07	NaN
1.8597e-07	NaN
2.0456e-07	NaN
2.2265e-07	NaN
2.3994e-07	NaN
2.5614e-07	NaN
2.7093e-07	NaN
2.8403e-07	NaN
2.9512e-07	NaN
3.0394e-07	NaN
3.1044e-07	NaN
3.1464e-07	NaN
3.1658e-07	NaN
3.163e-07	NaN
3.1381e-07	NaN
3.0916e-07	NaN
3.0238e-07	NaN
2.9354e-07	NaN
2.8309e-07	NaN
2.7163e-07	NaN
2.5978e-07	NaN
2.4814e-07	NaN
2.3733e-07	NaN
2.2795e-07	NaN
2.2062e-07	NaN
2.1592e-07	NaN
2.141e-07	NaN
2.1525e-07	NaN
2.1945e-07	NaN
2.2677e-07	NaN
2.3729e-07	NaN
2.5111e-07	NaN
2.6829e-07	NaN
2.8889e-07	NaN
3.1264e-07	NaN
3.3908e-07	NaN
3.6772e-07	NaN
3.981e-07	NaN
4.2973e-07	NaN
4.6215e-07	NaN
4.9488e-07	NaN
5.2753e-07	NaN
5.6092e-07	NaN
5.9676e-07	NaN
6.3678e-07	NaN
6.8271e-07	NaN
7.3629e-07	NaN
7.9924e-07	NaN
8.7331e-07	NaN
9.6016e-07	NaN
1.0604e-06	NaN
1.1738e-06	NaN
1.3001e-06	NaN
1.439e-06	NaN
1.5902e-06	NaN
1.7533e-06	NaN
1.9282e-06	NaN
2.1145e-06	NaN
2.3116e-06	NaN
2.5184e-06	NaN
2.7339e-06	NaN
2.9572e-06	NaN
3.1873e-06	NaN
3.423e-06	NaN
3.6634e-06	NaN
3.9076e-06	NaN
4.1554e-06	NaN
4.408e-06	NaN
4.6663e-06	NaN
4.9316e-06	NaN
5.2049e-06	NaN
5.4873e-06	NaN
5.78e-06	NaN
6.0839e-06	NaN
6.3998e-06	NaN
6.7275e-06	NaN
7.0671e-06	NaN
7.4183e-06	NaN
7.7811e-06	NaN
8.1554e-06	NaN
8.5412e-06	NaN
8.9383e-06	NaN
9.345e-06	NaN
9.7569e-06	NaN
1.017e-05	NaN
1.0579e-05	NaN
1.098e-05	NaN
1.1369e-05	NaN
1.174e-05	NaN
1.2091e-05	NaN
1.2419e-05	NaN
1.2732e-05	NaN
1.3036e-05	NaN
1.3338e-05	NaN
1.3645e-05	NaN
1.3965e-05	NaN
1.4305e-05	NaN
1.4671e-05	NaN
1.5066e-05	NaN
1.5488e-05	NaN
1.5933e-05	NaN
1.6395e-05	NaN
1.6871e-05	NaN
1.7357e-05	NaN
1.7848e-05	NaN
1.834e-05	NaN
1.8829e-05	NaN
1.9312e-05	NaN
1.9785e-05	NaN
2.0245e-05	NaN
2.0688e-05	NaN
2.1112e-05	NaN
2.1512e-05	NaN
2.1887e-05	NaN
2.2233e-05	NaN
2.2557e-05	NaN
2.2863e-05	NaN
2.3157e-05	NaN
2.3446e-05	NaN
2.3734e-05	NaN
2.4027e-05	NaN
2.433e-05	NaN
2.4649e-05	NaN
2.4981e-05	NaN
2.5324e-05	NaN
2.5675e-05	NaN
2.6031e-05	NaN
2.639e-05	NaN
2.675e-05	NaN
2.7108e-05	NaN
2.7457e-05	NaN
2.7776e-05	NaN
2.8043e-05	NaN
2.823e-05	NaN
2.8316e-05	NaN
2.8275e-05	NaN
2.8082e-05	NaN
2.7715e-05	NaN
2.7152e-05	NaN
2.6401e-05	NaN
2.5474e-05	NaN
2.4385e-05	NaN
2.3144e-05	NaN
2.1767e-05	NaN
2.0266e-05	NaN
1.8652e-05	NaN
1.6943e-05	NaN
1.5168e-05	NaN
1.3362e-05	NaN
1.156e-05	NaN
9.7966e-06	NaN
8.107e-06	NaN
6.526e-06	NaN
5.0886e-06	NaN
3.8261e-06	NaN
2.7461e-06	NaN
1.8472e-06	NaN
1.1275e-06	NaN
5.855e-07	NaN
2.1952e-07	NaN
2.7896e-08	NaN
8.9811e-09	NaN
1.604e-07	NaN
4.7427e-07	NaN
9.4012e-07	NaN
1.5475e-06	NaN
2.2859e-06	NaN
3.1448e-06	NaN
4.1138e-06	NaN
5.1825e-06	NaN
6.339e-06	NaN
7.5607e-06	NaN
8.8188e-06	NaN
1.0084e-05	NaN
1.1329e-05	NaN
1.2523e-05	NaN
1.3638e-05	NaN
1.4646e-05	NaN
1.5519e-05	NaN
1.6247e-05	NaN
1.6833e-05	NaN
1.7278e-05	NaN
1.7586e-05	NaN
1.7757e-05	NaN
1.7795e-05	NaN
1.77e-05	NaN
1.7477e-05	NaN
1.7128e-05	NaN
1.666e-05	NaN
1.608e-05	NaN
1.5394e-05	NaN
1.4607e-05	NaN
1.3727e-05	NaN
1.2759e-05	NaN
1.171e-05	NaN
1.0596e-05	NaN
9.44e-06	NaN
8.2659e-06	NaN
7.0973e-06	NaN
5.9576e-06	NaN
4.8706e-06	NaN
3.8597e-06	NaN
2.9483e-06	NaN
2.153e-06	NaN
1.4841e-06	NaN
9.5165e-07	NaN
5.6555e-07	NaN
3.3585e-07	NaN
2.7254e-07	NaN
3.8562e-07	NaN
6.8465e-07	NaN
1.1669e-06	NaN
1.816e-06	NaN
2.6146e-06	NaN
3.5455e-06	NaN
4.5917e-06	NaN
5.7358e-06	NaN
6.9607e-06	NaN
8.2493e-06	NaN
9.5895e-06	NaN
1.0975e-05	NaN
1.2402e-05	NaN
1.3863e-05	NaN
1.5354e-05	NaN
1.6869e-05	NaN
1.8402e-05	NaN
1.9949e-05	NaN
2.1493e-05	NaN
2.3002e-05	NaN
2.4441e-05	NaN
2.5778e-05	NaN
2.6978e-05	NaN
2.8008e-05	NaN
2.8834e-05	NaN
2.9423e-05	NaN
2.9758e-05	NaN
2.9852e-05	NaN
2.972e-05	NaN
2.9379e-05	NaN
2.8843e-05	NaN
2.8129e-05	NaN
2.7252e-05	NaN
2.6228e-05	NaN
2.5093e-05	NaN
2.3928e-05	NaN
2.2818e-05	NaN
2.1847e-05	NaN
2.11e-05	NaN
2.0662e-05	NaN
2.0619e-05	NaN
2.1054e-05	NaN
2.2054e-05	NaN
2.3707e-05	NaN
2.6102e-05	NaN
2.9326e-05	NaN
3.347e-05	NaN
3.862e-05	NaN
4.4866e-05	NaN
5.2296e-05	NaN
6.0951e-05	NaN
7.0738e-05	NaN
8.1543e-05	NaN
9.3253e-05	NaN
0.00010575	NaN
0.00011892	NaN
0.00013266	NaN
0.00014684	NaN
0.00016133	NaN
0.00017596	NaN
0.00019052	NaN
0.00020482	NaN
0.00021866	NaN
0.00023185	NaN
0.00024419	NaN
0.00025548	NaN
0.00026562	NaN
0.00027477	NaN
0.00028318	NaN
0.00029111	NaN
0.00029881	NaN
0.00030652	NaN
0.0003145	NaN
0.00032299	NaN
0.00033221	NaN
0.0003422	NaN
0.00035297	NaN
0.00036453	NaN
0.00037688	NaN
0.00039002	NaN
0.00040396	NaN
0.00041869	NaN
0.00043422	NaN
0.00045047	NaN
0.00046736	NaN
0.00048479	NaN
0.0005027	NaN
0.00052097	NaN
0.00053954	NaN
0.00055831	NaN
0.00057719	NaN
0.00059609	NaN
0.0006149	NaN
0.00063353	NaN
0.00065186	NaN
0.00066981	NaN
0.00068726	NaN
0.00070412	NaN
0.00072029	NaN
0.00073561	NaN
0.00074995	NaN
0.00076314	NaN
0.00077503	NaN
0.00078548	NaN
0.00079432	NaN
0.00080141	NaN
0.00080663	NaN
0.00081016	NaN
0.00081238	NaN
0.00081364	NaN
0.00081432	NaN
0.00081477	NaN
0.00081535	NaN
0.00081643	NaN
0.00081835	NaN
0.00082124	NaN
0.0008251	NaN
0.00082991	NaN
0.00083567	NaN
0.00084237	NaN
0.00085001	NaN
0.00085858	NaN
0.00086805	NaN
0.00087828	NaN
0.00088899	NaN
0.00089994	NaN
0.00091085	NaN
0.00092146	NaN
0.00093152	NaN
0.00094075	NaN
0.0009489	NaN
0.00095563	NaN
0.00096056	NaN
0.00096329	NaN
0.00096344	NaN
0.00096061	NaN
0.00095443	NaN
0.0009445	NaN
0.00093044	NaN
0.00091205	NaN
0.0008893	NaN
0.00086217	NaN
0.00083064	NaN
0.00079468	NaN
0.00075428	NaN
0.0007094	NaN
0.00066005	NaN
0.00060682	NaN
0.00055092	NaN
0.00049363	NaN
0.00043619	NaN
0.00037987	NaN
0.00032593	NaN
0.00027562	NaN
0.0002302	NaN
0.00019023	NaN
0.00015549	NaN
0.00012566	NaN
0.00010045	NaN
7.9552e-05	NaN
6.2673e-05	NaN
4.951e-05	NaN
3.9765e-05	NaN
3.3199e-05	NaN
2.9662e-05	NaN
2.9015e-05	NaN
3.1113e-05	NaN
3.5816e-05	NaN
4.2983e-05	NaN
5.247e-05	NaN
6.4135e-05	NaN
7.7773e-05	NaN
9.3069e-05	NaN
0.0001097	NaN
0.00012734	NaN
0.00014566	NaN
0.00016435	NaN
0.00018307	NaN
0.0002015	NaN
0.00021937	NaN
0.00023651	NaN
0.00025276	NaN
0.00026796	NaN
0.00028194	NaN
0.00029456	NaN
0.00030565	NaN
0.00031504	NaN
0.00032256	NaN
0.00032792	NaN
0.00033084	NaN
0.00033105	NaN
0.00032827	NaN
0.0003222	NaN
0.00031257	NaN
0.00029911	NaN
0.00028196	NaN
0.00026246	NaN
0.00024214	NaN
0.00022255	NaN
0.0002052	NaN
0.00019163	NaN
0.00018337	NaN
0.00018196	NaN
0.00018931	NaN
0.00020853	NaN
0.00024296	NaN
0.00029596	NaN
0.00037088	NaN
0.00047106	NaN
0.00059985	NaN
0.00076061	NaN
0.00095795	NaN
0.0012012	NaN
0.001501	NaN
0.0018676	NaN
0.0023116	NaN
0.0028434	NaN
0.0034736	NaN
0.0042126	NaN
0.005075	NaN
0.0060936	NaN
0.0073061	NaN
0.0087505	NaN
0.010464	NaN
0.012486	NaN
0.014852	NaN
0.017601	NaN
0.020774	NaN
0.02442	NaN
0.028594	NaN
0.033352	NaN
0.038747	NaN
0.044835	NaN
0.05167	NaN
0.059307	NaN
0.067794	NaN
0.077149	NaN
0.087376	NaN
0.098478	NaN
0.11046	-0.61542
0.12333	-0.61507
0.13708	-0.61337
0.15172	-0.61031
0.16727	-0.60589
0.18371	-0.60017
0.20107	-0.59317
0.21936	-0.58495
0.23858	-0.57556
0.25875	-0.56503
0.27987	-0.55343
0.30197	-0.54078
0.32503	-0.52714
0.34902	-0.51258
0.37387	-0.49716
0.39951	-0.48095
0.42588	-0.46402
0.45291	-0.44644
0.48053	-0.42828
0.50867	-0.4096
0.53726	-0.39049
0.56618	-0.37099
0.59529	-0.35118
0.62441	-0.33112
0.65341	-0.31087
0.68214	-0.2905
0.71043	-0.27006
0.73815	-0.24962
0.76513	-0.22924
0.79124	-0.20902
0.81636	-0.18906
0.84034	-0.16944
0.86307	-0.15029
0.88442	-0.1317
0.90425	-0.11377
0.92244	-0.096614
0.93886	-0.080324
0.95344	-0.065042
0.96612	-0.05093
0.97686	-0.038152
0.98562	-0.026872
0.99236	-0.017254
0.99703	-0.009461
0.99959	-0.0036568
1	0
0.99827	0.0014542
0.99445	0.00074716
0.98861	-0.0020763
0.98082	-0.0069713
0.97113	-0.013893
0.9596	-0.022796
0.94631	-0.033637
0.9313	-0.046369
0.91472	-0.060957
0.89677	-0.077372
0.87768	-0.095587
0.85765	-0.11557
0.8369	-0.1373
0.81564	-0.16075
0.79409	-0.18589
0.77246	-0.21268
0.75084	-0.2411
0.72916	-0.27108
0.70736	-0.30256
0.68536	-0.3355
0.6631	-0.36982
0.64049	-0.40548
0.61747	-0.44242
0.59397	-0.48059
0.56997	-0.52019
0.54552	-0.56181
0.52067	-0.60608
0.49548	-0.6536
0.47002	-0.70499
0.44433	-0.76087
0.41847	-0.82186
0.3925	-0.88855
0.36653	-0.9605
0.34071	-1.0355
0.31522	-1.1112
0.29023	-1.1853
0.26592	-1.2554
0.24246	-1.3191
0.22002	-1.374
0.19877	-1.418
0.17886	-1.4521
0.16031	-1.4849
0.14318	-1.5255
0.1275	-1.583
0.11331	-1.6665
0.10064	-1.7854
0.089541	NaN
0.080044	NaN
0.072141	NaN
0.065714	NaN
0.060631	NaN
0.05676	NaN
0.053969	NaN
0.052125	NaN
0.051096	NaN
0.050751	NaN
0.050972	NaN
0.051686	NaN
0.052823	NaN
0.054316	NaN
0.056096	NaN
0.058095	NaN
0.060245	NaN
0.062478	NaN
0.06473	NaN
0.066949	NaN
0.069086	NaN
0.071093	NaN
0.07292	NaN
0.074519	NaN
0.075839	NaN
0.076833	NaN
0.07746	NaN
0.077711	NaN
0.077585	NaN
0.07708	NaN
0.076194	NaN
0.074926	NaN
0.073274	NaN
0.071237	NaN
0.068822	NaN
0.066071	NaN
0.063038	NaN
0.059777	NaN
0.056341	NaN
0.052783	NaN
0.049156	NaN
0.045513	NaN
0.041904	NaN
0.038357	NaN
0.034893	NaN
0.031535	NaN
0.028303	NaN
0.02522	NaN
0.022306	NaN
0.019585	NaN
0.017074	NaN
0.014783	NaN
0.012715	NaN
0.010873	NaN
0.0092607	NaN
0.0078815	NaN
0.0067389	NaN
0.0058366	NaN
0.0051759	NaN
0.0047433	NaN
0.004519	NaN
0.004483	NaN
0.0046156	NaN
0.0048967	NaN
0.0053066	NaN
0.0058252	NaN
0.0064333	NaN
0.007117	NaN
0.0078651	NaN
0.0086661	NaN
0.0095091	NaN
0.010383	NaN
0.011276	NaN
0.012177	NaN
0.013075	NaN
0.01396	NaN
0.014822	NaN
0.015651	NaN
0.016439	NaN
0.017174	NaN
0.017848	NaN
0.01845	NaN
0.018972	NaN
0.01941	NaN
0.019762	NaN
0.02003	NaN
0.020211	NaN
0.020307	NaN
0.020316	NaN
0.020239	NaN
0.020075	NaN
0.01983	NaN
0.019513	NaN
0.019136	NaN
0.018706	NaN
0.018235	NaN
0.017733	NaN
0.017208	NaN
0.016672	NaN
0.01613	NaN
0.015584	NaN
0.015036	NaN
0.01449	NaN
0.013946	NaN
0.013408	NaN
0.012878	NaN
0.012357	NaN
0.011848	NaN
0.011352	NaN
0.010868	NaN
0.010399	NaN
0.0099443	NaN
0.0095054	NaN
0.0090831	NaN
0.008678	NaN
0.0082901	NaN
0.0079176	NaN
0.007559	NaN
0.0072126	NaN
0.0068768	NaN
0.0065499	NaN
0.0062303	NaN
0.0059164	NaN
0.005607	NaN
0.0053014	NaN
0.0049991	NaN
0.0046997	NaN
0.0044024	NaN
0.0041068	NaN
0.0038124	NaN
0.0035185	NaN
0.0032258	NaN
0.0029363	NaN
0.0026526	NaN
0.002377	NaN
0.0021119	NaN
0.0018596	NaN
0.0016225	NaN
0.0014031	NaN
0.0012034	NaN
0.0010247	NaN
0.0008684	NaN
0.00073589	NaN
0.00062848	NaN
0.00054751	NaN
0.00049433	NaN
0.00047028	NaN
0.00047587	NaN
0.00050981	NaN
0.00057059	NaN
0.00065668	NaN
0.00076655	NaN
0.00089867	NaN
0.0010515	NaN
0.0012236	NaN
0.001413	NaN
0.0016169	NaN
0.0018325	NaN
0.0020569	NaN
0.0022871	NaN
0.0025202	NaN
0.0027534	NaN
0.0029837	NaN
0.0032086	NaN
0.0034267	NaN
0.0036369	NaN
0.003838	NaN
0.0040287	NaN
0.004208	NaN
0.0043746	NaN
0.0045275	NaN
0.0046658	NaN
0.0047905	NaN
0.0049029	NaN
0.0050042	NaN
0.0050958	NaN
0.0051789	NaN
0.0052547	NaN
0.0053247	NaN
0.0053897	NaN
0.0054501	NaN
0.0055058	NaN
0.0055568	NaN
0.0056031	NaN
0.0056446	NaN
0.0056814	NaN
0.0057134	NaN
0.0057405	NaN
0.0057624	NaN
0.0057787	NaN
0.005789	NaN
0.0057929	NaN
0.00579	NaN
0.0057798	NaN
0.005762	NaN
0.0057362	NaN
0.0057027	NaN
0.0056622	NaN
0.0056149	NaN
0.0055616	NaN
0.0055027	NaN
0.0054387	NaN
0.0053701	NaN
0.0052974	NaN
0.0052204	NaN
0.0051386	NaN
0.0050516	NaN
0.004959	NaN
0.0048603	NaN
0.0047551	NaN
0.0046428	NaN
0.0045233	NaN
0.0043963	NaN
0.0042621	NaN
0.0041208	NaN
0.0039726	NaN
0.0038177	NaN
0.0036562	NaN
0.0034883	NaN
0.0033142	NaN
0.0031349	NaN
0.0029517	NaN
0.0027661	NaN
0.0025793	NaN
0.0023927	NaN
0.0022078	NaN
0.0020258	NaN
0.0018482	NaN
0.0016758	NaN
0.0015093	NaN
0.0013494	NaN
0.0011966	NaN
0.0010516	NaN
0.00091505	NaN
0.00078762	NaN
0.00066993	NaN
0.00056253	NaN
0.00046591	NaN
0.00038055	NaN
0.00030694	NaN
0.00024557	NaN
0.00019693	NaN
0.0001615	NaN
0.00013973	NaN
0.00013142	NaN
0.00013578	NaN
0.00015199	NaN
0.00017924	NaN
0.00021671	NaN
0.00026359	NaN
0.00031906	NaN
0.00038231	NaN
0.00045246	NaN
0.00052856	NaN
0.00060965	NaN
0.00069479	NaN
0.00078304	NaN
0.00087342	NaN
0.00096501	NaN
0.0010568	NaN
0.001148	NaN
0.0012377	NaN
0.0013251	NaN
0.0014092	NaN
0.0014894	NaN
0.0015647	NaN
0.0016344	NaN
0.0016975	NaN
0.0017535	NaN
0.001802	NaN
0.0018427	NaN
0.0018752	NaN
0.0018993	NaN
0.0019145	NaN
0.0019206	NaN
0.0019172	NaN
0.0019043	NaN
0.0018824	NaN
0.0018518	NaN
0.0018131	NaN
0.0017668	NaN
0.0017132	NaN
0.0016529	NaN
0.0015864	NaN
0.0015143	NaN
0.0014377	NaN
0.0013576	NaN
0.0012752	NaN
0.0011915	NaN
0.0011076	NaN
0.0010247	NaN
0.0009437	NaN
0.00086561	NaN
0.00079075	NaN
0.00071943	NaN
0.00065196	NaN
0.00058866	NaN
0.00052983	NaN
0.00047578	NaN
0.00042683	NaN
0.00038311	NaN
0.00034437	NaN
0.0003103	NaN
0.00028056	NaN
0.00025483	NaN
0.0002328	NaN
0.00021415	NaN
0.00019854	NaN
0.00018566	NaN
0.00017516	NaN
0.00016671	NaN
0.00015995	NaN
0.00015454	NaN
0.00015015	NaN
0.00014642	NaN
0.00014302	NaN
0.00013966	NaN
0.00013621	NaN
0.0001326	NaN
0.00012875	NaN
0.00012458	NaN
0.00012002	NaN
0.00011499	NaN
0.00010941	NaN
0.00010324	NaN
9.6557e-05	NaN
8.9501e-05	NaN
8.2195e-05	NaN
7.4766e-05	NaN
6.7339e-05	NaN
6.004e-05	NaN
5.2997e-05	NaN
4.6321e-05	NaN
4.0054e-05	NaN
3.4216e-05	NaN
2.8829e-05	NaN
2.3913e-05	NaN
1.9489e-05	NaN
1.5578e-05	NaN
1.2201e-05	NaN
9.3689e-06	NaN
7.045e-06	NaN
5.1736e-06	NaN
3.6994e-06	NaN
2.5668e-06	NaN
1.7206e-06	NaN
1.1053e-06	NaN
6.6558e-07	NaN
3.4986e-07	NaN
1.3324e-07	NaN
1.8481e-09	NaN
5.817e-08	NaN
6.0663e-08	NaN
1.9479e-08	NaN
5.1532e-08	NaN
1.3852e-07	NaN
2.2856e-07	NaN
3.162e-07	NaN
3.9961e-07	NaN
4.77e-07	NaN
5.4655e-07	NaN
6.0647e-07	NaN
6.5495e-07	NaN
6.9019e-07	NaN
7.1064e-07	NaN
7.1716e-07	NaN
7.1201e-07	NaN
6.9743e-07	NaN
6.7567e-07	NaN
6.49e-07	NaN
6.1966e-07	NaN
5.8991e-07	NaN
5.6194e-07	NaN
5.3699e-07	NaN
5.1575e-07	NaN
4.9887e-07	NaN
4.87e-07	NaN
4.808e-07	NaN
4.8092e-07	NaN
4.8803e-07	NaN
5.0264e-07	NaN
5.2309e-07	NaN
5.4611e-07	NaN
5.6838e-07	NaN
5.8659e-07	NaN
5.9742e-07	NaN
5.9755e-07	NaN
5.8367e-07	NaN
5.5267e-07	NaN
5.0533e-07	NaN
4.458e-07	NaN
3.7837e-07	NaN
3.0733e-07	NaN
2.3694e-07	NaN
1.7149e-07	NaN
1.1525e-07	NaN
7.24e-08	NaN
4.4206e-08	NaN
2.9056e-08	NaN
2.5205e-08	NaN
3.0908e-08	NaN
4.4419e-08	NaN
6.3993e-08	NaN
8.7884e-08	NaN
1.1436e-07	NaN
1.4198e-07	NaN
1.6968e-07	NaN
1.9641e-07	NaN
2.2111e-07	NaN
2.4272e-07	NaN
2.602e-07	NaN
2.7248e-07	NaN
2.7854e-07	NaN
2.7812e-07	NaN
2.7203e-07	NaN
2.6116e-07	NaN
2.4638e-07	NaN
2.2859e-07	NaN
2.0865e-07	NaN
1.8747e-07	NaN
1.659e-07	NaN
1.4469e-07	NaN
1.243e-07	NaN
1.0517e-07	NaN
8.7768e-08	NaN
7.2538e-08	NaN
5.9932e-08	NaN
5.0401e-08	NaN
4.4394e-08	NaN
4.2232e-08	NaN
4.4002e-08	NaN
4.9766e-08	NaN
5.9586e-08	NaN
7.3524e-08	NaN
9.1642e-08	NaN
1.14e-07	NaN
1.4066e-07	NaN
1.7119e-07	NaN
2.041e-07	NaN
2.3777e-07	NaN
2.7059e-07	NaN
3.0095e-07	NaN
3.2722e-07	NaN
3.478e-07	NaN
3.6107e-07	NaN
3.661e-07	NaN
3.6362e-07	NaN
3.5465e-07	NaN
3.4017e-07	NaN
3.2118e-07	NaN
2.9867e-07	NaN
2.7366e-07	NaN
2.4712e-07	NaN
2.1994e-07	NaN
1.9262e-07	NaN
1.656e-07	NaN
1.3933e-07	NaN
1.1425e-07	NaN
9.08e-08	NaN
6.9424e-08	NaN
5.0565e-08	NaN
3.4667e-08	NaN
2.2171e-08	NaN
1.3521e-08	NaN
9.1598e-09	NaN
9.5298e-09	NaN
