2.5389e-07	NaN
2.3046e-07	NaN
2.0675e-07	NaN
5.3806e-08	NaN
3.0348e-08	NaN
1.3916e-08	NaN
3.9133e-09	NaN
2.5522e-10	NaN
8.1394e-10	NaN
6.5248e-09	NaN
1.6281e-08	NaN
2.9487e-08	NaN
4.5547e-08	NaN
6.3864e-08	NaN
8.3843e-08	NaN
1.0489e-07	NaN
1.264e-07	NaN
1.4779e-07	NaN
1.6845e-07	NaN
1.878e-07	NaN
2.0526e-07	NaN
2.2039e-07	NaN
2.3282e-07	NaN
2.4217e-07	NaN
2.4805e-07	NaN
2.5007e-07	NaN
2.4787e-07	NaN
2.4104e-07	NaN
2.2935e-07	NaN
2.134e-07	NaN
1.9416e-07	NaN
1.726e-07	NaN
1.4968e-07	NaN
1.2636e-07	NaN
1.0363e-07	NaN
8.2429e-08	NaN
6.3657e-08	NaN
4.7552e-08	NaN
3.4049e-08	NaN
2.308e-08	NaN
1.4579e-08	NaN
8.4788e-09	NaN
4.7135e-09	NaN
3.2161e-09	NaN
3.9062e-09	NaN
6.5749e-09	NaN
1.0942e-08	NaN
1.6726e-08	NaN
2.3646e-08	NaN
3.1422e-08	NaN
3.9773e-08	NaN
4.8416e-08	NaN
5.7077e-08	NaN
6.5531e-08	NaN
7.3587e-08	NaN
8.1056e-08	NaN
8.7748e-08	NaN
9.3473e-08	NaN
9.8042e-08	NaN
1.0126e-07	NaN
1.0297e-07	NaN
1.0331e-07	NaN
1.0265e-07	NaN
1.0138e-07	NaN
9.9886e-08	NaN
9.8539e-08	NaN
9.7725e-08	NaN
9.7826e-08	NaN
9.921e-08	NaN
1.0201e-07	NaN
1.0617e-07	NaN
1.1162e-07	NaN
1.1828e-07	NaN
1.2609e-07	NaN
1.3498e-07	NaN
1.4488e-07	NaN
1.5572e-07	NaN
1.6733e-07	NaN
1.795e-07	NaN
1.9197e-07	NaN
2.0452e-07	NaN
2.1691e-07	NaN
2.289e-07	NaN
2.4025e-07	NaN
2.5076e-07	NaN
2.6105e-07	NaN
2.727e-07	NaN
2.8735e-07	NaN
3.0662e-07	NaN
3.3217e-07	NaN
3.6561e-07	NaN
4.0859e-07	NaN
4.6273e-07	NaN
5.2973e-07	NaN
6.1136e-07	NaN
7.0937e-07	NaN
8.2555e-07	NaN
9.6166e-07	NaN
1.1195e-06	NaN
1.3007e-06	NaN
1.5073e-06	NaN
1.7454e-06	NaN
2.0277e-06	NaN
2.3677e-06	NaN
2.7787e-06	NaN
3.2739e-06	NaN
3.8669e-06	NaN
4.5708e-06	NaN
5.3992e-06	NaN
6.3659e-06	NaN
7.486e-06	NaN
8.7747e-06	NaN
1.0247e-05	NaN
1.1919e-05	NaN
1.3804e-05	NaN
1.5919e-05	NaN
1.8279e-05	NaN
2.0877e-05	NaN
2.3663e-05	NaN
2.6584e-05	NaN
2.9584e-05	NaN
3.2608e-05	NaN
3.5602e-05	NaN
3.8511e-05	NaN
4.1279e-05	NaN
4.3872e-05	NaN
4.6302e-05	NaN
4.8589e-05	NaN
5.0751e-05	NaN
5.2809e-05	NaN
5.478e-05	NaN
5.6685e-05	NaN
5.8543e-05	NaN
6.04e-05	NaN
6.2377e-05	NaN
6.4609e-05	NaN
6.7231e-05	NaN
7.0378e-05	NaN
7.4184e-05	NaN
7.8784e-05	NaN
8.4313e-05	NaN
9.0896e-05	NaN
9.863e-05	NaN
0.0001076	NaN
0.00011791	NaN
0.00012964	NaN
0.00014287	NaN
0.00015771	NaN
0.00017424	NaN
0.00019251	NaN
0.00021248	NaN
0.00023403	NaN
0.00025709	NaN
0.00028156	NaN
0.00030734	NaN
0.00033435	NaN
0.00036249	NaN
0.00039164	NaN
0.00042146	NaN
0.00045161	NaN
0.00048171	NaN
0.0005114	NaN
0.00054031	NaN
0.00056808	NaN
0.00059433	NaN
0.00061874	NaN
0.00064115	NaN
0.00066147	NaN
0.00067961	NaN
0.00069548	NaN
0.00070897	NaN
0.00072001	NaN
0.0007285	NaN
0.00073435	NaN
0.00073758	NaN
0.00073821	NaN
0.00073628	NaN
0.00073182	NaN
0.00072487	NaN
0.00071546	NaN
0.00070363	NaN
0.00068942	NaN
0.00067301	NaN
0.00065462	NaN
0.00063447	NaN
0.00061279	NaN
0.0005898	NaN
0.00056573	NaN
0.0005408	NaN
0.00051523	NaN
0.00048919	NaN
0.0004628	NaN
0.00043621	NaN
0.00040954	NaN
0.00038294	NaN
0.00035653	NaN
0.00033046	NaN
0.00030485	NaN
0.00027982	NaN
0.00025551	NaN
0.00023202	NaN
0.00020948	NaN
0.000188	NaN
0.00016771	NaN
0.00014872	NaN
0.00013114	NaN
0.00011502	NaN
0.00010035	NaN
8.7125e-05	NaN
7.5341e-05	NaN
6.4988e-05	NaN
5.6058e-05	NaN
4.8545e-05	NaN
4.2437e-05	NaN
3.7666e-05	NaN
3.4118e-05	NaN
3.1675e-05	NaN
3.022e-05	NaN
2.9635e-05	NaN
2.9804e-05	NaN
3.0609e-05	NaN
3.1933e-05	NaN
3.3636e-05	NaN
3.5562e-05	NaN
3.7552e-05	NaN
3.9449e-05	NaN
4.1093e-05	NaN
4.2327e-05	NaN
4.2992e-05	NaN
4.2934e-05	NaN
4.2127e-05	NaN
4.0687e-05	NaN
3.8735e-05	NaN
3.6396e-05	NaN
3.3792e-05	NaN
3.1047e-05	NaN
2.8283e-05	NaN
2.5621e-05	NaN
2.3134e-05	NaN
2.0828e-05	NaN
1.8705e-05	NaN
1.6767e-05	NaN
1.5016e-05	NaN
1.3455e-05	NaN
1.2084e-05	NaN
1.0907e-05	NaN
9.9187e-06	NaN
9.1029e-06	NaN
8.4437e-06	NaN
7.9247e-06	NaN
7.5298e-06	NaN
7.2426e-06	NaN
7.0468e-06	NaN
6.9262e-06	NaN
6.8713e-06	NaN
6.8842e-06	NaN
6.9683e-06	NaN
7.1268e-06	NaN
7.3631e-06	NaN
7.6804e-06	NaN
8.0821e-06	NaN
8.5715e-06	NaN
9.143e-06	NaN
9.7741e-06	NaN
1.044e-05	NaN
1.1116e-05	NaN
1.1777e-05	NaN
1.2398e-05	NaN
1.2954e-05	NaN
1.3422e-05	NaN
1.3781e-05	NaN
1.4029e-05	NaN
1.4162e-05	NaN
1.4178e-05	NaN
1.4075e-05	NaN
1.3852e-05	NaN
1.3505e-05	NaN
1.3032e-05	NaN
1.2444e-05	NaN
1.1783e-05	NaN
1.1097e-05	NaN
1.0434e-05	NaN
9.8431e-06	NaN
9.3716e-06	NaN
9.068e-06	NaN
8.9805e-06	NaN
9.1367e-06	NaN
9.4972e-06	NaN
1.0009e-05	NaN
1.062e-05	NaN
1.1276e-05	NaN
1.1925e-05	NaN
1.2514e-05	NaN
1.299e-05	NaN
1.3308e-05	NaN
1.3451e-05	NaN
1.3412e-05	NaN
1.318e-05	NaN
1.2747e-05	NaN
1.2103e-05	NaN
1.124e-05	NaN
1.0148e-05	NaN
8.8352e-06	NaN
7.3838e-06	NaN
5.8969e-06	NaN
4.4779e-06	NaN
3.2302e-06	NaN
2.257e-06	NaN
1.6616e-06	NaN
1.5474e-06	NaN
2.0107e-06	NaN
3.1113e-06	NaN
4.8967e-06	NaN
7.4144e-06	NaN
1.0712e-05	NaN
1.4837e-05	NaN
1.9836e-05	NaN
2.5759e-05	NaN
3.2643e-05	NaN
4.0482e-05	NaN
4.9249e-05	NaN
5.8916e-05	NaN
6.9458e-05	NaN
8.0848e-05	NaN
9.3059e-05	NaN
0.00010606	NaN
0.00011984	NaN
0.00013432	NaN
0.00014947	NaN
0.00016522	NaN
0.00018151	NaN
0.00019829	NaN
0.0002155	NaN
0.00023308	NaN
0.00025097	NaN
0.00026913	NaN
0.00028751	NaN
0.00030606	NaN
0.00032474	NaN
0.00034349	NaN
0.00036228	NaN
0.00038106	NaN
0.00039977	NaN
0.00041834	NaN
0.00043666	NaN
0.00045464	NaN
0.00047217	NaN
0.00048915	NaN
0.00050549	NaN
0.00052107	NaN
0.0005358	NaN
0.00054955	NaN
0.00056219	NaN
0.00057359	NaN
0.00058361	NaN
0.00059211	NaN
0.00059896	NaN
0.00060403	NaN
0.00060717	NaN
0.00060833	NaN
0.0006075	NaN
0.00060465	NaN
0.00059979	NaN
0.0005929	NaN
0.00058397	NaN
0.00057298	NaN
0.00055994	NaN
0.00054496	NaN
0.00052828	NaN
0.00051015	NaN
0.00049082	NaN
0.00047052	NaN
0.0004495	NaN
0.00042801	NaN
0.00040629	NaN
0.0003845	NaN
0.00036273	NaN
0.00034104	NaN
0.00031952	NaN
0.00029823	NaN
0.00027725	NaN
0.00025666	NaN
0.00023653	NaN
0.00021712	NaN
0.00019888	NaN
0.00018228	NaN
0.00016781	NaN
0.00015592	NaN
0.0001471	NaN
0.00014182	NaN
0.00014054	NaN
0.0001435	NaN
0.00015055	NaN
0.00016155	NaN
0.00017632	NaN
0.00019471	NaN
0.00021656	NaN
0.00024171	NaN
0.00026999	NaN
0.00030108	NaN
0.00033439	NaN
0.00036931	NaN
0.00040522	NaN
0.0004415	NaN
0.00047753	NaN
0.0005127	NaN
0.0005464	NaN
0.00057811	NaN
0.00060759	NaN
0.00063457	NaN
0.00065883	NaN
0.00068011	NaN
0.00069819	NaN
0.00071281	NaN
0.00072375	NaN
0.00073085	NaN
0.00073426	NaN
0.00073414	NaN
0.00073064	NaN
0.00072392	NaN
0.00071416	NaN
0.0007015	NaN
0.00068612	NaN
0.00066817	NaN
0.00064784	NaN
0.00062532	NaN
0.0006008	NaN
0.00057445	NaN
0.00054647	NaN
0.00051704	NaN
0.00048634	NaN
0.00045502	NaN
0.00042515	NaN
0.00039907	NaN
0.00037915	NaN
0.00036774	NaN
0.00036719	NaN
0.00037986	NaN
0.0004081	NaN
0.00045567	NaN
0.00053156	NaN
0.00064598	NaN
0.00080916	NaN
0.0010313	NaN
0.0013226	NaN
0.0016933	NaN
0.0021537	NaN
0.0027183	NaN
0.0034214	NaN
0.0043028	NaN
0.005402	NaN
0.0067588	NaN
0.0084127	NaN
0.010403	NaN
0.012771	NaN
0.015554	NaN
0.018793	NaN
0.022527	NaN
0.026794	NaN
0.031636	NaN
0.03709	NaN
0.043195	NaN
0.049993	NaN
0.057519	NaN
0.065799	NaN
0.074855	NaN
0.084707	NaN
0.095377	NaN
0.10689	-0.58185
0.11925	-0.58103
0.1325	-0.57851
0.14665	-0.57425
0.16172	-0.56832
0.17773	-0.56087
0.19469	-0.55204
0.21261	-0.54198
0.23151	-0.53083
0.25142	-0.51873
0.27234	-0.50583
0.29428	-0.49226
0.3172	-0.4781
0.34104	-0.46336
0.36571	-0.4481
0.39115	-0.43233
0.41729	-0.41609
0.44405	-0.39942
0.47136	-0.38234
0.49915	-0.36489
0.52732	-0.34711
0.55575	-0.32904
0.58432	-0.31073
0.61291	-0.29222
0.6414	-0.27355
0.66967	-0.25477
0.69761	-0.23591
0.7251	-0.21704
0.75201	-0.19822
0.77824	-0.17957
0.80364	-0.1612
0.82812	-0.1432
0.85155	-0.1257
0.8738	-0.1088
0.89477	-0.092611
0.91433	-0.077236
0.93232	-0.062804
0.94858	-0.049456
0.96293	-0.037333
0.9752	-0.026575
0.98522	-0.017322
0.9928	-0.0097154
0.99779	-0.0038959
1	0
0.99943	0.0019133
0.99622	0.0018574
0.9905	-0.00015163
0.9824	-0.0040975
0.97207	-0.0099641
0.95965	-0.017735
0.94527	-0.027395
0.92907	-0.038927
0.91124	-0.052331
0.89203	-0.067621
0.87167	-0.084813
0.85043	-0.10392
0.82854	-0.12496
0.80626	-0.14795
0.78382	-0.17289
0.76146	-0.19982
0.73931	-0.22866
0.7173	-0.25928
0.69536	-0.29154
0.67342	-0.32529
0.65143	-0.36038
0.6293	-0.39667
0.60697	-0.43402
0.58439	-0.47228
0.56149	-0.51161
0.5383	-0.55261
0.51479	-0.59588
0.49099	-0.64206
0.4669	-0.69176
0.4425	-0.7456
0.41782	-0.80421
0.39284	-0.86819
0.36764	-0.93709
0.34241	-1.0087
0.31732	-1.0806
0.29258	-1.1505
0.26837	-1.216
0.24488	-1.2747
0.2223	-1.3243
0.20083	-1.3623
0.18061	-1.3902
0.16169	-1.4163
0.14413	-1.45
0.12797	-1.5005
0.11326	-1.577
0.10006	-1.6888
0.088407	NaN
0.078352	NaN
0.069893	NaN
0.062913	NaN
0.05728	NaN
0.052862	NaN
0.049527	NaN
0.047142	NaN
0.045575	NaN
0.044693	NaN
0.044381	NaN
0.044565	NaN
0.045179	NaN
0.046156	NaN
0.047429	NaN
0.048931	NaN
0.050597	NaN
0.052359	NaN
0.054158	NaN
0.055952	NaN
0.057704	NaN
0.059379	NaN
0.060938	NaN
0.062344	NaN
0.063562	NaN
0.064554	NaN
0.065288	NaN
0.065756	NaN
0.065952	NaN
0.065872	NaN
0.065511	NaN
0.064864	NaN
0.063928	NaN
0.062695	NaN
0.061169	NaN
0.059375	NaN
0.057343	NaN
0.055108	NaN
0.0527	NaN
0.050152	NaN
0.047496	NaN
0.044764	NaN
0.041987	NaN
0.039186	NaN
0.036382	NaN
0.033593	NaN
0.030839	NaN
0.02814	NaN
0.025515	NaN
0.022984	NaN
0.020565	NaN
0.018269	NaN
0.016107	NaN
0.014087	NaN
0.012218	NaN
0.01051	NaN
0.0089717	NaN
0.0076129	NaN
0.0064412	NaN
0.0054549	NaN
0.0046481	NaN
0.0040149	NaN
0.0035493	NaN
0.0032454	NaN
0.0030972	NaN
0.003099	NaN
0.0032439	NaN
0.0035192	NaN
0.0039093	NaN
0.0043984	NaN
0.0049705	NaN
0.00561	NaN
0.0063009	NaN
0.0070276	NaN
0.0077747	NaN
0.0085315	NaN
0.0092903	NaN
0.010043	NaN
0.010782	NaN
0.0115	NaN
0.012189	NaN
0.01284	NaN
0.013447	NaN
0.014005	NaN
0.014512	NaN
0.014964	NaN
0.015361	NaN
0.015699	NaN
0.015977	NaN
0.016191	NaN
0.016341	NaN
0.016426	NaN
0.016452	NaN
0.016423	NaN
0.016341	NaN
0.016213	NaN
0.016041	NaN
0.01583	NaN
0.015584	NaN
0.015307	NaN
0.015003	NaN
0.014677	NaN
0.014332	NaN
0.013973	NaN
0.013604	NaN
0.013228	NaN
0.012851	NaN
0.012474	NaN
0.012097	NaN
0.01172	NaN
0.011344	NaN
0.010968	NaN
0.010592	NaN
0.010218	NaN
0.0098435	NaN
0.0094708	NaN
0.009101	NaN
0.0087357	NaN
0.0083763	NaN
0.0080245	NaN
0.0076818	NaN
0.0073498	NaN
0.00703	NaN
0.0067238	NaN
0.0064326	NaN
0.0061574	NaN
0.0058996	NaN
0.0056604	NaN
0.005441	NaN
0.0052426	NaN
0.0050665	NaN
0.0049132	NaN
0.004782	NaN
0.0046721	NaN
0.0045829	NaN
0.0045136	NaN
0.0044634	NaN
0.0044316	NaN
0.0044174	NaN
0.0044196	NaN
0.0044359	NaN
0.0044639	NaN
0.0045014	NaN
0.0045459	NaN
0.0045952	NaN
0.0046468	NaN
0.0046984	NaN
0.0047479	NaN
0.0047933	NaN
0.0048329	NaN
0.0048649	NaN
0.0048876	NaN
0.004899	NaN
0.0048975	NaN
0.0048812	NaN
0.004849	NaN
0.0048015	NaN
0.0047395	NaN
0.0046641	NaN
0.0045759	NaN
0.0044759	NaN
0.004365	NaN
0.0042441	NaN
0.0041142	NaN
0.0039771	NaN
0.0038347	NaN
0.0036889	NaN
0.0035416	NaN
0.0033947	NaN
0.0032501	NaN
0.0031097	NaN
0.0029752	NaN
0.0028477	NaN
0.002728	NaN
0.0026172	NaN
0.0025162	NaN
0.0024257	NaN
0.0023469	NaN
0.0022805	NaN
0.0022273	NaN
0.0021868	NaN
0.0021585	NaN
0.0021417	NaN
0.0021358	NaN
0.0021401	NaN
0.0021539	NaN
0.0021767	NaN
0.0022077	NaN
0.0022459	NaN
0.0022902	NaN
0.0023396	NaN
0.0023928	NaN
0.0024489	NaN
0.0025068	NaN
0.0025652	NaN
0.0026233	NaN
0.0026806	NaN
0.002737	NaN
0.0027923	NaN
0.0028463	NaN
0.002899	NaN
0.00295	NaN
0.0029994	NaN
0.0030469	NaN
0.0030924	NaN
0.0031358	NaN
0.0031772	NaN
0.0032164	NaN
0.0032534	NaN
0.0032882	NaN
0.0033206	NaN
0.0033506	NaN
0.0033778	NaN
0.0034019	NaN
0.0034223	NaN
0.0034388	NaN
0.0034508	NaN
0.0034578	NaN
0.0034596	NaN
0.0034557	NaN
0.0034457	NaN
0.0034296	NaN
0.003407	NaN
0.0033779	NaN
0.0033421	NaN
0.0032993	NaN
0.0032493	NaN
0.0031921	NaN
0.0031278	NaN
0.0030572	NaN
0.0029806	NaN
0.0028986	NaN
0.002812	NaN
0.0027211	NaN
0.0026266	NaN
0.002529	NaN
0.0024289	NaN
0.002327	NaN
0.0022238	NaN
0.00212	NaN
0.0020162	NaN
0.0019129	NaN
0.0018108	NaN
0.0017105	NaN
0.0016124	NaN
0.0015169	NaN
0.0014242	NaN
0.0013347	NaN
0.0012487	NaN
0.0011664	NaN
0.0010881	NaN
0.0010142	NaN
0.0009449	NaN
0.00088019	NaN
0.00082018	NaN
0.00076494	NaN
0.00071454	NaN
0.00066905	NaN
0.00062855	NaN
0.00059309	NaN
0.0005625	NaN
0.00053627	NaN
0.00051388	NaN
0.00049484	NaN
0.00047862	NaN
0.00046471	NaN
0.0004526	NaN
0.00044177	NaN
0.00043184	NaN
0.00042254	NaN
0.00041364	NaN
0.0004049	NaN
0.00039609	NaN
0.00038696	NaN
0.00037728	NaN
0.00036682	NaN
0.00035543	NaN
0.00034317	NaN
0.00033008	NaN
0.00031622	NaN
0.00030165	NaN
0.00028642	NaN
0.00027058	NaN
0.0002542	NaN
0.00023736	NaN
0.00022023	NaN
0.00020299	NaN
0.00018581	NaN
0.00016887	NaN
0.00015234	NaN
0.00013639	NaN
0.00012121	NaN
0.00010691	NaN
9.3537e-05	NaN
8.1107e-05	NaN
6.964e-05	NaN
5.9154e-05	NaN
4.9672e-05	NaN
4.1211e-05	NaN
3.3793e-05	NaN
2.7409e-05	NaN
2.198e-05	NaN
1.7417e-05	NaN
1.363e-05	NaN
1.0529e-05	NaN
8.0249e-06	NaN
6.0277e-06	NaN
4.4478e-06	NaN
3.2094e-06	NaN
2.2776e-06	NaN
1.6252e-06	NaN
1.2247e-06	NaN
1.0489e-06	NaN
1.0703e-06	NaN
1.2616e-06	NaN
1.5954e-06	NaN
2.0457e-06	NaN
2.5899e-06	NaN
3.2069e-06	NaN
3.875e-06	NaN
4.5729e-06	NaN
5.2791e-06	NaN
5.9722e-06	NaN
6.6307e-06	NaN
7.237e-06	NaN
7.7881e-06	NaN
8.285e-06	NaN
8.7288e-06	NaN
9.1204e-06	NaN
9.4608e-06	NaN
9.751e-06	NaN
9.992e-06	NaN
1.0186e-05	NaN
1.034e-05	NaN
1.0465e-05	NaN
1.0568e-05	NaN
1.0659e-05	NaN
1.0749e-05	NaN
1.0845e-05	NaN
1.0957e-05	NaN
1.1092e-05	NaN
1.1241e-05	NaN
1.1392e-05	NaN
1.1532e-05	NaN
1.1646e-05	NaN
1.1722e-05	NaN
1.1747e-05	NaN
1.1706e-05	NaN
1.1589e-05	NaN
1.1395e-05	NaN
1.1125e-05	NaN
1.0782e-05	NaN
1.037e-05	NaN
9.8918e-06	NaN
9.3494e-06	NaN
8.746e-06	NaN
8.0856e-06	NaN
7.3808e-06	NaN
6.6484e-06	NaN
5.9054e-06	NaN
5.1688e-06	NaN
4.4554e-06	NaN
3.7822e-06	NaN
3.1661e-06	NaN
2.6227e-06	NaN
2.1546e-06	NaN
1.7571e-06	NaN
1.4253e-06	NaN
1.1544e-06	NaN
9.3955e-07	NaN
7.7601e-07	NaN
6.5892e-07	NaN
5.8341e-07	NaN
5.4399e-07	NaN
5.3477e-07	NaN
5.4985e-07	NaN
5.8333e-07	NaN
6.2931e-07	NaN
6.8191e-07	NaN
7.3521e-07	NaN
7.8355e-07	NaN
8.246e-07	NaN
8.5856e-07	NaN
8.8569e-07	NaN
9.0625e-07	NaN
9.2051e-07	NaN
9.2873e-07	NaN
9.3116e-07	NaN
9.2808e-07	NaN
9.1979e-07	NaN
9.0662e-07	NaN
8.8893e-07	NaN
8.6705e-07	NaN
8.4132e-07	NaN
8.1209e-07	NaN
7.797e-07	NaN
7.4449e-07	NaN
7.0678e-07	NaN
6.6686e-07	NaN
6.2503e-07	NaN
5.8159e-07	NaN
5.3683e-07	NaN
4.9106e-07	NaN
4.4456e-07	NaN
3.9763e-07	NaN
3.508e-07	NaN
3.048e-07	NaN
2.604e-07	NaN
2.1837e-07	NaN
1.7948e-07	NaN
1.4448e-07	NaN
1.1413e-07	NaN
8.9203e-08	NaN
6.9877e-08	NaN
5.5599e-08	NaN
4.5757e-08	NaN
3.9741e-08	NaN
3.694e-08	NaN
3.6743e-08	NaN
3.8541e-08	NaN
4.1722e-08	NaN
4.5745e-08	NaN
5.017e-08	NaN
5.4565e-08	NaN
5.8502e-08	NaN
6.155e-08	NaN
6.3278e-08	NaN
6.3256e-08	NaN
6.106e-08	NaN
5.6731e-08	NaN
5.1164e-08	NaN
4.5341e-08	NaN
4.0244e-08	NaN
3.6856e-08	NaN
3.616e-08	NaN
3.9137e-08	NaN
4.6769e-08	NaN
5.9525e-08	NaN
7.6807e-08	NaN
9.7882e-08	NaN
1.2202e-07	NaN
1.4847e-07	NaN
1.7652e-07	NaN
2.0543e-07	NaN
2.3446e-07	NaN
2.6295e-07	NaN
2.9041e-07	NaN
3.1639e-07	NaN
3.4043e-07	NaN
3.6207e-07	NaN
3.8085e-07	NaN
3.9631e-07	NaN
4.0799e-07	NaN
4.1559e-07	NaN
4.193e-07	NaN
4.1937e-07	NaN
4.1606e-07	NaN
4.0963e-07	NaN
4.0033e-07	NaN
3.8843e-07	NaN
3.7418e-07	NaN
3.5784e-07	NaN
3.3967e-07	NaN
3.1994e-07	NaN
2.9889e-07	NaN
2.7679e-07	NaN
