4.1236e-07	NaN
3.0944e-07	NaN
2.8633e-07	NaN
2.6901e-07	NaN
2.57e-07	NaN
2.4979e-07	NaN
2.469e-07	NaN
2.4784e-07	NaN
2.5211e-07	NaN
2.5923e-07	NaN
2.687e-07	NaN
2.8003e-07	NaN
2.9273e-07	NaN
3.0631e-07	NaN
3.2028e-07	NaN
3.3415e-07	NaN
3.4741e-07	NaN
3.596e-07	NaN
3.7025e-07	NaN
3.7923e-07	NaN
3.8647e-07	NaN
3.9193e-07	NaN
3.9554e-07	NaN
3.9726e-07	NaN
3.9703e-07	NaN
3.948e-07	NaN
3.9053e-07	NaN
3.8441e-07	NaN
3.7668e-07	NaN
3.676e-07	NaN
3.574e-07	NaN
3.4634e-07	NaN
3.3467e-07	NaN
3.2264e-07	NaN
3.105e-07	NaN
2.9855e-07	NaN
2.871e-07	NaN
2.7645e-07	NaN
2.6694e-07	NaN
2.5886e-07	NaN
2.5253e-07	NaN
2.4827e-07	NaN
2.463e-07	NaN
2.4619e-07	NaN
2.471e-07	NaN
2.4819e-07	NaN
2.4862e-07	NaN
2.4756e-07	NaN
2.4417e-07	NaN
2.3761e-07	NaN
2.2713e-07	NaN
2.1294e-07	NaN
1.9588e-07	NaN
1.7677e-07	NaN
1.5648e-07	NaN
1.3582e-07	NaN
1.1566e-07	NaN
9.6821e-08	NaN
8.0122e-08	NaN
6.5939e-08	NaN
5.4334e-08	NaN
4.5356e-08	NaN
3.9058e-08	NaN
3.5491e-08	NaN
3.4707e-08	NaN
3.6757e-08	NaN
4.168e-08	NaN
4.9274e-08	NaN
5.9136e-08	NaN
7.0854e-08	NaN
8.4016e-08	NaN
9.8212e-08	NaN
1.1303e-07	NaN
1.2806e-07	NaN
1.4293e-07	NaN
1.5823e-07	NaN
1.7549e-07	NaN
1.9628e-07	NaN
2.2218e-07	NaN
2.5475e-07	NaN
2.9557e-07	NaN
3.462e-07	NaN
4.082e-07	NaN
4.8219e-07	NaN
5.6776e-07	NaN
6.6443e-07	NaN
7.7173e-07	NaN
8.892e-07	NaN
1.0164e-06	NaN
1.1527e-06	NaN
1.2979e-06	NaN
1.4535e-06	NaN
1.6238e-06	NaN
1.8132e-06	NaN
2.0263e-06	NaN
2.2675e-06	NaN
2.5413e-06	NaN
2.8521e-06	NaN
3.2046e-06	NaN
3.6102e-06	NaN
4.0913e-06	NaN
4.6707e-06	NaN
5.3716e-06	NaN
6.2171e-06	NaN
7.2301e-06	NaN
8.4338e-06	NaN
9.8511e-06	NaN
1.1489e-05	NaN
1.3329e-05	NaN
1.5348e-05	NaN
1.7523e-05	NaN
1.9831e-05	NaN
2.2252e-05	NaN
2.4761e-05	NaN
2.7337e-05	NaN
2.9947e-05	NaN
3.2541e-05	NaN
3.5067e-05	NaN
3.747e-05	NaN
3.9699e-05	NaN
4.1701e-05	NaN
4.3422e-05	NaN
4.481e-05	NaN
4.5834e-05	NaN
4.6523e-05	NaN
4.691e-05	NaN
4.7031e-05	NaN
4.692e-05	NaN
4.6613e-05	NaN
4.6143e-05	NaN
4.5547e-05	NaN
4.4866e-05	NaN
4.4165e-05	NaN
4.3513e-05	NaN
4.2978e-05	NaN
4.2629e-05	NaN
4.2533e-05	NaN
4.276e-05	NaN
4.3378e-05	NaN
4.4452e-05	NaN
4.6039e-05	NaN
4.8195e-05	NaN
5.0973e-05	NaN
5.443e-05	NaN
5.8619e-05	NaN
6.3596e-05	NaN
6.9416e-05	NaN
7.6145e-05	NaN
8.3894e-05	NaN
9.2784e-05	NaN
0.00010294	NaN
0.00011447	NaN
0.00012752	NaN
0.00014219	NaN
0.00015861	NaN
0.00017687	NaN
0.00019693	NaN
0.00021872	NaN
0.00024215	NaN
0.00026714	NaN
0.00029362	NaN
0.00032151	NaN
0.00035073	NaN
0.00038117	NaN
0.00041259	NaN
0.00044468	NaN
0.00047716	NaN
0.00050974	NaN
0.0005421	NaN
0.00057396	NaN
0.00060503	NaN
0.00063501	NaN
0.00066363	NaN
0.00069066	NaN
0.00071584	NaN
0.00073893	NaN
0.00075966	NaN
0.0007778	NaN
0.0007931	NaN
0.00080531	NaN
0.00081423	NaN
0.00081969	NaN
0.0008215	NaN
0.0008195	NaN
0.00081349	NaN
0.00080332	NaN
0.00078878	NaN
0.00076976	NaN
0.00074648	NaN
0.00071937	NaN
0.00068888	NaN
0.00065543	NaN
0.00061946	NaN
0.0005814	NaN
0.0005417	NaN
0.0005008	NaN
0.00045931	NaN
0.00041797	NaN
0.00037749	NaN
0.0003386	NaN
0.00030202	NaN
0.00026848	NaN
0.0002387	NaN
0.00021338	NaN
0.0001929	NaN
0.00017741	NaN
0.00016704	NaN
0.00016193	NaN
0.00016224	NaN
0.00016808	NaN
0.00017962	NaN
0.00019697	NaN
0.0002203	NaN
0.00024975	NaN
0.00028548	NaN
0.00032764	NaN
0.00037637	NaN
0.00043184	NaN
0.00049419	NaN
0.00056357	NaN
0.0006401	NaN
0.00072384	NaN
0.00081486	NaN
0.00091323	NaN
0.001019	NaN
0.0011323	NaN
0.0012531	NaN
0.0013816	NaN
0.0015175	NaN
0.0016606	NaN
0.0018104	NaN
0.0019666	NaN
0.0021288	NaN
0.0022967	NaN
0.0024698	NaN
0.0026479	NaN
0.00283	NaN
0.003015	NaN
0.0032014	NaN
0.0033881	NaN
0.0035736	NaN
0.0037567	NaN
0.003936	NaN
0.0041102	NaN
0.0042783	NaN
0.0044398	NaN
0.004594	NaN
0.0047405	NaN
0.0048787	NaN
0.0050081	NaN
0.0051282	NaN
0.0052384	NaN
0.0053384	NaN
0.0054284	NaN
0.0055086	NaN
0.005579	NaN
0.0056399	NaN
0.0056915	NaN
0.0057338	NaN
0.0057672	NaN
0.0057916	NaN
0.0058068	NaN
0.0058126	NaN
0.0058088	NaN
0.0057952	NaN
0.0057716	NaN
0.0057377	NaN
0.0056933	NaN
0.0056382	NaN
0.0055726	NaN
0.0054965	NaN
0.0054099	NaN
0.005313	NaN
0.0052057	NaN
0.0050882	NaN
0.0049606	NaN
0.004823	NaN
0.0046765	NaN
0.0045222	NaN
0.004361	NaN
0.004194	NaN
0.0040223	NaN
0.0038469	NaN
0.0036689	NaN
0.0034892	NaN
0.0033087	NaN
0.0031281	NaN
0.0029481	NaN
0.0027696	NaN
0.0025932	NaN
0.0024197	NaN
0.0022499	NaN
0.0020845	NaN
0.0019237	NaN
0.001768	NaN
0.0016177	NaN
0.0014731	NaN
0.0013344	NaN
0.0012021	NaN
0.0010764	NaN
0.00095772	NaN
0.00084634	NaN
0.0007427	NaN
0.00064718	NaN
0.00056018	NaN
0.0004821	NaN
0.00041331	NaN
0.00035422	NaN
0.00030509	NaN
0.00026556	NaN
0.00023504	NaN
0.00021296	NaN
0.00019872	NaN
0.00019176	NaN
0.00019147	NaN
0.00019729	NaN
0.00020861	NaN
0.00022466	NaN
0.00024463	NaN
0.00026768	NaN
0.00029301	NaN
0.00031978	NaN
0.00034718	NaN
0.00037437	NaN
0.00040062	NaN
0.00042568	NaN
0.00044954	NaN
0.0004722	NaN
0.00049366	NaN
0.00051391	NaN
0.00053294	NaN
0.00055075	NaN
0.00056733	NaN
0.00058255	NaN
0.00059625	NaN
0.00060827	NaN
0.00061842	NaN
0.00062654	NaN
0.00063247	NaN
0.00063602	NaN
0.00063705	NaN
0.00063562	NaN
0.00063193	NaN
0.00062615	NaN
0.00061848	NaN
0.00060911	NaN
0.00059823	NaN
0.00058603	NaN
0.00057271	NaN
0.00055851	NaN
0.0005437	NaN
0.00052857	NaN
0.0005134	NaN
0.00049845	NaN
0.00048402	NaN
0.00047037	NaN
0.00045778	NaN
0.00044622	NaN
0.00043544	NaN
0.00042519	NaN
0.00041521	NaN
0.00040526	NaN
0.00039507	NaN
0.00038438	NaN
0.00037296	NaN
0.00036069	NaN
0.00034759	NaN
0.00033368	NaN
0.00031898	NaN
0.00030353	NaN
0.00028735	NaN
0.00027045	NaN
0.00025288	NaN
0.00023477	NaN
0.0002164	NaN
0.00019806	NaN
0.00018003	NaN
0.00016259	NaN
0.00014604	NaN
0.00013064	NaN
0.00011669	NaN
0.00010437	NaN
9.3721e-05	NaN
8.4805e-05	NaN
7.7666e-05	NaN
7.2352e-05	NaN
6.8911e-05	NaN
6.7391e-05	NaN
6.784e-05	NaN
7.0293e-05	NaN
7.4764e-05	NaN
8.1266e-05	NaN
8.9813e-05	NaN
0.00010042	NaN
0.00011309	NaN
0.00012785	NaN
0.00014471	NaN
0.00016367	NaN
0.00018472	NaN
0.00020784	NaN
0.00023303	NaN
0.00026025	NaN
0.00028951	NaN
0.00032079	NaN
0.00035406	NaN
0.00038926	NaN
0.00042617	NaN
0.00046458	NaN
0.00050425	NaN
0.00054498	NaN
0.00058653	NaN
0.00062869	NaN
0.00067124	NaN
0.00071351	NaN
0.00075391	NaN
0.00079065	NaN
0.000822	NaN
0.00084618	NaN
0.00086144	NaN
0.00086603	NaN
0.00085817	NaN
0.00083698	NaN
0.00080382	NaN
0.00076046	NaN
0.00070867	NaN
0.00065021	NaN
0.00058683	NaN
0.00052031	NaN
0.00045241	NaN
0.00038482	NaN
0.00031906	NaN
0.00025661	NaN
0.00019894	NaN
0.00014752	NaN
0.00010383	NaN
6.9333e-05	NaN
4.5514e-05	NaN
3.4969e-05	NaN
4.4497e-05	NaN
8.1872e-05	NaN
0.00015487	NaN
0.00027127	NaN
0.00043884	NaN
0.00066535	NaN
0.0009586	NaN
0.0013304	NaN
0.0018107	NaN
0.0024343	NaN
0.003236	NaN
0.0042506	NaN
0.005513	NaN
0.0070579	NaN
0.0089202	NaN
0.011135	NaN
0.013741	NaN
0.016775	NaN
0.020278	NaN
0.024286	NaN
0.02884	NaN
0.033978	NaN
0.039737	NaN
0.046158	NaN
0.053275	NaN
0.061124	NaN
0.069741	NaN
0.07916	NaN
0.089418	NaN
0.10055	-0.64594
0.11259	-0.63732
0.12557	-0.62887
0.1395	-0.6208
0.15437	-0.61292
0.17018	-0.60502
0.18692	-0.59691
0.20458	-0.58839
0.22316	-0.57927
0.24266	-0.56936
0.26307	-0.55847
0.28433	-0.54658
0.30637	-0.53377
0.32913	-0.52011
0.35252	-0.50566
0.37649	-0.4905
0.40095	-0.47468
0.42584	-0.45829
0.45108	-0.44138
0.47663	-0.42398
0.50245	-0.4061
0.52849	-0.38775
0.55472	-0.36893
0.5811	-0.34964
0.60758	-0.32989
0.63413	-0.30968
0.66071	-0.28903
0.68724	-0.26803
0.71361	-0.24683
0.73973	-0.22558
0.76548	-0.20443
0.79078	-0.18354
0.8155	-0.16305
0.83956	-0.14312
0.86284	-0.12389
0.88514	-0.10551
0.90622	-0.08812
0.9258	-0.07184
0.94363	-0.056808
0.95944	-0.043158
0.97297	-0.031023
0.98396	-0.020536
0.99215	-0.011828
0.99746	-0.0049743
1	0
0.99985	0.0030718
0.99712	0.0042183
0.9919	0.0034165
0.98428	0.00064338
0.97437	-0.004124
0.96226	-0.010909
0.94816	-0.019745
0.93236	-0.030679
0.91517	-0.043756
0.89689	-0.059022
0.87784	-0.076522
0.85831	-0.096305
0.83861	-0.11841
0.81904	-0.14289
0.79972	-0.16968
0.78054	-0.19857
0.76139	-0.22936
0.74215	-0.26183
0.7227	-0.29579
0.70291	-0.33102
0.68268	-0.36732
0.66187	-0.40448
0.6404	-0.44263
0.61822	-0.48235
0.59527	-0.52425
0.57149	-0.56897
0.54684	-0.61711
0.52127	-0.6693
0.49472	-0.72615
0.46714	-0.78828
0.43861	-0.85521
0.40945	-0.9247
0.37999	-0.99434
0.35054	-1.0617
0.32145	-1.1244
0.29303	-1.18
0.26562	-1.226
0.23955	-1.2602
0.21505	-1.2838
0.19218	-1.3054
0.17098	-1.3342
0.15148	-1.3798
0.13373	-1.4513
0.11777	-1.5582
0.10363	-1.7099
0.091348	NaN
0.080917	NaN
0.072216	NaN
0.065109	NaN
0.059461	NaN
0.055137	NaN
0.052001	NaN
0.049917	NaN
0.048751	NaN
0.048376	NaN
0.048692	NaN
0.049602	NaN
0.051009	NaN
0.052818	NaN
0.05493	NaN
0.057251	NaN
0.059682	NaN
0.062138	NaN
0.064561	NaN
0.0669	NaN
0.069104	NaN
0.07112	NaN
0.072899	NaN
0.074388	NaN
0.075536	NaN
0.076304	NaN
0.076691	NaN
0.076707	NaN
0.076363	NaN
0.075668	NaN
0.074631	NaN
0.073263	NaN
0.071574	NaN
0.069576	NaN
0.067296	NaN
0.064765	NaN
0.062014	NaN
0.059071	NaN
0.055969	NaN
0.052737	NaN
0.049406	NaN
0.046007	NaN
0.042572	NaN
0.039134	NaN
0.035726	NaN
0.032379	NaN
0.029129	NaN
0.026006	NaN
0.023044	NaN
0.020273	NaN
0.017705	NaN
0.015347	NaN
0.013206	NaN
0.011287	NaN
0.0095978	NaN
0.0081436	NaN
0.0069311	NaN
0.0059647	NaN
0.0052347	NaN
0.0047251	NaN
0.0044199	NaN
0.004303	NaN
0.0043586	NaN
0.0045706	NaN
0.0049231	NaN
0.0053999	NaN
0.0059849	NaN
0.0066616	NaN
0.0074137	NaN
0.0082247	NaN
0.0090783	NaN
0.009958	NaN
0.010847	NaN
0.011731	NaN
0.012597	NaN
0.013439	NaN
0.014249	NaN
0.015019	NaN
0.015742	NaN
0.01641	NaN
0.017015	NaN
0.017551	NaN
0.018014	NaN
0.018407	NaN
0.01873	NaN
0.018986	NaN
0.019174	NaN
0.019296	NaN
0.019355	NaN
0.01935	NaN
0.019285	NaN
0.019163	NaN
0.01899	NaN
0.018768	NaN
0.018501	NaN
0.018194	NaN
0.01785	NaN
0.017474	NaN
0.017069	NaN
0.01664	NaN
0.016189	NaN
0.015723	NaN
0.015243	NaN
0.014755	NaN
0.014262	NaN
0.013769	NaN
0.013278	NaN
0.012793	NaN
0.012315	NaN
0.011848	NaN
0.011394	NaN
0.010955	NaN
0.010534	NaN
0.010134	NaN
0.0097565	NaN
0.0094006	NaN
0.0090666	NaN
0.0087544	NaN
0.008464	NaN
0.0081952	NaN
0.007948	NaN
0.0077223	NaN
0.007517	NaN
0.00733	NaN
0.0071587	NaN
0.0070009	NaN
0.0068542	NaN
0.0067161	NaN
0.0065844	NaN
0.0064566	NaN
0.0063311	NaN
0.0062068	NaN
0.0060831	NaN
0.0059593	NaN
0.0058344	NaN
0.0057078	NaN
0.0055787	NaN
0.0054464	NaN
0.0053106	NaN
0.0051724	NaN
0.0050329	NaN
0.0048931	NaN
0.0047542	NaN
0.0046172	NaN
0.0044832	NaN
0.0043534	NaN
0.0042284	NaN
0.0041077	NaN
0.0039907	NaN
0.003877	NaN
0.0037659	NaN
0.0036569	NaN
0.0035494	NaN
0.0034428	NaN
0.0033367	NaN
0.0032305	NaN
0.0031239	NaN
0.0030165	NaN
0.0029078	NaN
0.0027974	NaN
0.002685	NaN
0.00257	NaN
0.0024524	NaN
0.0023327	NaN
0.0022119	NaN
0.0020907	NaN
0.0019698	NaN
0.0018502	NaN
0.0017325	NaN
0.0016177	NaN
0.0015063	NaN
0.0013985	NaN
0.0012944	NaN
0.0011942	NaN
0.0010977	NaN
0.0010052	NaN
0.00091662	NaN
0.00083211	NaN
0.00075173	NaN
0.00067556	NaN
0.00060371	NaN
0.00053627	NaN
0.00047336	NaN
0.00041506	NaN
0.00036149	NaN
0.00031273	NaN
0.00026885	NaN
0.00022964	NaN
0.00019484	NaN
0.00016418	NaN
0.00013739	NaN
0.00011419	NaN
9.4318e-05	NaN
7.7503e-05	NaN
6.3481e-05	NaN
5.2023e-05	NaN
4.2911e-05	NaN
3.5931e-05	NaN
3.0864e-05	NaN
2.7496e-05	NaN
2.5609e-05	NaN
2.4987e-05	NaN
2.5412e-05	NaN
2.6643e-05	NaN
2.8434e-05	NaN
3.0539e-05	NaN
3.2709e-05	NaN
3.4698e-05	NaN
3.626e-05	NaN
3.7146e-05	NaN
3.7138e-05	NaN
3.6257e-05	NaN
3.464e-05	NaN
3.2425e-05	NaN
2.9753e-05	NaN
2.6762e-05	NaN
2.3589e-05	NaN
2.0376e-05	NaN
1.7253e-05	NaN
1.4289e-05	NaN
1.1518e-05	NaN
8.9717e-06	NaN
6.6813e-06	NaN
4.679e-06	NaN
2.997e-06	NaN
1.6673e-06	NaN
7.1752e-07	NaN
1.2338e-07	NaN
1.7421e-07	NaN
2.35e-07	NaN
1.1873e-07	NaN
1.1486e-07	NaN
4.0605e-07	NaN
6.9507e-07	NaN
9.2477e-07	NaN
1.0766e-06	NaN
1.1618e-06	NaN
1.1925e-06	NaN
1.1807e-06	NaN
1.1384e-06	NaN
1.0779e-06	NaN
1.011e-06	NaN
9.4964e-07	NaN
9.0072e-07	NaN
8.6681e-07	NaN
8.5032e-07	NaN
8.5365e-07	NaN
8.7924e-07	NaN
9.2947e-07	NaN
1.0068e-06	NaN
1.1133e-06	NaN
1.2448e-06	NaN
1.3904e-06	NaN
1.539e-06	NaN
1.6794e-06	NaN
1.8005e-06	NaN
1.8911e-06	NaN
1.9401e-06	NaN
1.9367e-06	NaN
1.8842e-06	NaN
1.8022e-06	NaN
1.7114e-06	NaN
1.6327e-06	NaN
1.5866e-06	NaN
1.5939e-06	NaN
1.6753e-06	NaN
1.8512e-06	NaN
2.1304e-06	NaN
2.5054e-06	NaN
2.9679e-06	NaN
3.5091e-06	NaN
4.1207e-06	NaN
4.7939e-06	NaN
5.5204e-06	NaN
6.2914e-06	NaN
7.0913e-06	NaN
7.893e-06	NaN
8.6686e-06	NaN
9.3901e-06	NaN
1.0029e-05	NaN
1.0559e-05	NaN
1.095e-05	NaN
1.1175e-05	NaN
1.1224e-05	NaN
1.1123e-05	NaN
1.0897e-05	NaN
1.0575e-05	NaN
1.0184e-05	NaN
9.7524e-06	NaN
9.3076e-06	NaN
8.8771e-06	NaN
8.4843e-06	NaN
8.1429e-06	NaN
7.8654e-06	NaN
7.6645e-06	NaN
7.5527e-06	NaN
7.5426e-06	NaN
7.6466e-06	NaN
7.8774e-06	NaN
8.2394e-06	NaN
8.7161e-06	NaN
9.2882e-06	NaN
9.9361e-06	NaN
1.064e-05	NaN
1.1382e-05	NaN
1.214e-05	NaN
1.2897e-05	NaN
1.3633e-05	NaN
1.4335e-05	NaN
1.4989e-05	NaN
1.5581e-05	NaN
1.6098e-05	NaN
1.6526e-05	NaN
1.6851e-05	NaN
1.706e-05	NaN
1.7144e-05	NaN
1.7105e-05	NaN
1.6949e-05	NaN
1.6684e-05	NaN
1.6315e-05	NaN
1.5848e-05	NaN
1.529e-05	NaN
1.4647e-05	NaN
1.3927e-05	NaN
1.3142e-05	NaN
1.2309e-05	NaN
1.1441e-05	NaN
1.0555e-05	NaN
9.6647e-06	NaN
8.7852e-06	NaN
7.9316e-06	NaN
7.1172e-06	NaN
6.3469e-06	NaN
5.6233e-06	NaN
4.9489e-06	NaN
4.3263e-06	NaN
3.758e-06	NaN
3.2464e-06	NaN
2.7942e-06	NaN
2.4029e-06	NaN
2.069e-06	NaN
1.7868e-06	NaN
1.551e-06	NaN
1.356e-06	NaN
1.1963e-06	NaN
1.0664e-06	NaN
9.6087e-07	NaN
8.7444e-07	NaN
8.0383e-07	NaN
7.465e-07	NaN
6.9994e-07	NaN
6.6165e-07	NaN
6.2911e-07	NaN
5.998e-07	NaN
5.7121e-07	NaN
5.4109e-07	NaN
5.0928e-07	NaN
4.7661e-07	NaN
4.4396e-07	NaN
4.1217e-07	NaN
3.8211e-07	NaN
3.5462e-07	NaN
3.3057e-07	NaN
3.1069e-07	NaN
2.9454e-07	NaN
2.8102e-07	NaN
2.6903e-07	NaN
2.5745e-07	NaN
2.4517e-07	NaN
2.3109e-07	NaN
2.1409e-07	NaN
1.9321e-07	NaN
1.6902e-07	NaN
1.4313e-07	NaN
1.1718e-07	NaN
9.2779e-08	NaN
7.1564e-08	NaN
5.5159e-08	NaN
4.5189e-08	NaN
4.3203e-08	NaN
4.9604e-08	NaN
6.3928e-08	NaN
8.569e-08	NaN
1.1441e-07	NaN
1.4959e-07	NaN
1.9075e-07	NaN
2.3741e-07	NaN
2.8903e-07	NaN
3.441e-07	NaN
4.0022e-07	NaN
4.5501e-07	NaN
5.0607e-07	NaN
5.5097e-07	NaN
5.8734e-07	NaN
6.1275e-07	NaN
6.2492e-07	NaN
6.2417e-07	NaN
6.1344e-07	NaN
5.9582e-07	NaN
5.7437e-07	NaN
5.5217e-07	NaN
5.3228e-07	NaN
5.1777e-07	NaN
5.1165e-07	NaN
5.1481e-07	NaN
5.2568e-07	NaN
5.4257e-07	NaN
5.6376e-07	NaN
5.8756e-07	NaN
6.1226e-07	NaN
6.3616e-07	NaN
6.5755e-07	NaN
6.7518e-07	NaN
6.8834e-07	NaN
6.9637e-07	NaN
6.9862e-07	NaN
6.9443e-07	NaN
6.8313e-07	NaN
6.6407e-07	NaN
6.3662e-07	NaN
6.0136e-07	NaN
5.6079e-07	NaN
5.176e-07	NaN
4.7446e-07	NaN
4.3404e-07	NaN
3.9902e-07	NaN
3.7206e-07	NaN
3.5583e-07	NaN
3.5152e-07	NaN
3.5762e-07	NaN
3.7237e-07	NaN
3.9399e-07	NaN
4.2071e-07	NaN
4.5075e-07	NaN
4.8235e-07	NaN
5.1373e-07	NaN
5.4343e-07	NaN
5.7064e-07	NaN
5.9462e-07	NaN
6.1465e-07	NaN
6.3e-07	NaN
6.3993e-07	NaN
6.4372e-07	NaN
6.4064e-07	NaN
6.3052e-07	NaN
6.1458e-07	NaN
5.9421e-07	NaN
5.7085e-07	NaN
5.4591e-07	NaN
5.2081e-07	NaN
4.9696e-07	NaN
4.7578e-07	NaN
4.5828e-07	NaN
4.4431e-07	NaN
4.3349e-07	NaN
4.2545e-07	NaN
4.1984e-07	NaN
4.1627e-07	NaN
4.1439e-07	NaN
4.1382e-07	NaN
4.1419e-07	NaN
4.1515e-07	NaN
4.1631e-07	NaN
4.1731e-07	NaN
4.1778e-07	NaN
4.1736e-07	NaN
4.1568e-07	NaN
