1.1679e-07	NaN
1.2083e-07	NaN
1.2526e-07	NaN
1.2998e-07	NaN
1.3486e-07	NaN
1.3978e-07	NaN
1.4462e-07	NaN
1.4925e-07	NaN
1.5357e-07	NaN
1.5745e-07	NaN
1.6077e-07	NaN
1.6341e-07	NaN
1.6526e-07	NaN
1.6628e-07	NaN
1.6648e-07	NaN
1.6583e-07	NaN
1.6432e-07	NaN
1.6195e-07	NaN
1.587e-07	NaN
1.5456e-07	NaN
1.4954e-07	NaN
1.4373e-07	NaN
1.3728e-07	NaN
1.3031e-07	NaN
1.2297e-07	NaN
1.154e-07	NaN
1.0772e-07	NaN
1.0008e-07	NaN
9.2596e-08	NaN
8.5269e-08	NaN
7.8034e-08	NaN
7.0829e-08	NaN
6.3591e-08	NaN
5.6257e-08	NaN
4.8765e-08	NaN
4.1051e-08	NaN
3.31e-08	NaN
2.534e-08	NaN
1.8446e-08	NaN
1.3094e-08	NaN
9.9615e-09	NaN
9.7249e-09	NaN
1.3061e-08	NaN
2.0647e-08	NaN
3.3078e-08	NaN
5.0018e-08	NaN
7.0532e-08	NaN
9.3676e-08	NaN
1.1851e-07	NaN
1.4408e-07	NaN
1.6944e-07	NaN
1.9367e-07	NaN
2.1581e-07	NaN
2.3511e-07	NaN
2.5095e-07	NaN
2.6268e-07	NaN
2.6969e-07	NaN
2.7133e-07	NaN
2.6699e-07	NaN
2.5603e-07	NaN
2.3792e-07	NaN
2.1372e-07	NaN
1.8588e-07	NaN
1.5689e-07	NaN
1.2924e-07	NaN
1.0542e-07	NaN
8.7926e-08	NaN
7.9244e-08	NaN
8.1777e-08	NaN
9.5954e-08	NaN
1.2025e-07	NaN
1.5305e-07	NaN
1.9276e-07	NaN
2.3775e-07	NaN
2.8643e-07	NaN
3.3717e-07	NaN
3.8841e-07	NaN
4.3948e-07	NaN
4.9078e-07	NaN
5.4275e-07	NaN
5.9584e-07	NaN
6.5051e-07	NaN
7.072e-07	NaN
7.6636e-07	NaN
8.2843e-07	NaN
8.9374e-07	NaN
9.6241e-07	NaN
1.0346e-06	NaN
1.1104e-06	NaN
1.1899e-06	NaN
1.2733e-06	NaN
1.3607e-06	NaN
1.4522e-06	NaN
1.5492e-06	NaN
1.6551e-06	NaN
1.7731e-06	NaN
1.9068e-06	NaN
2.0597e-06	NaN
2.235e-06	NaN
2.4363e-06	NaN
2.6671e-06	NaN
2.9337e-06	NaN
3.2481e-06	NaN
3.6224e-06	NaN
4.0691e-06	NaN
4.6004e-06	NaN
5.2288e-06	NaN
5.9664e-06	NaN
6.8258e-06	NaN
7.821e-06	NaN
8.9702e-06	NaN
1.0292e-05	NaN
1.1804e-05	NaN
1.3527e-05	NaN
1.5477e-05	NaN
1.7674e-05	NaN
2.0136e-05	NaN
2.2867e-05	NaN
2.5842e-05	NaN
2.9026e-05	NaN
3.2389e-05	NaN
3.5896e-05	NaN
3.9517e-05	NaN
4.3218e-05	NaN
4.6967e-05	NaN
5.0746e-05	NaN
5.4571e-05	NaN
5.8467e-05	NaN
6.2459e-05	NaN
6.657e-05	NaN
7.0825e-05	NaN
7.5248e-05	NaN
7.9863e-05	NaN
8.471e-05	NaN
8.9879e-05	NaN
9.5473e-05	NaN
0.00010159	NaN
0.00010834	NaN
0.00011581	NaN
0.00012411	NaN
0.00013334	NaN
0.00014356	NaN
0.00015467	NaN
0.00016652	NaN
0.00017897	NaN
0.00019187	NaN
0.00020509	NaN
0.00021847	NaN
0.00023188	NaN
0.00024519	NaN
0.00025835	NaN
0.00027133	NaN
0.00028409	NaN
0.00029663	NaN
0.0003089	NaN
0.00032088	NaN
0.00033253	NaN
0.00034385	NaN
0.00035483	NaN
0.00036547	NaN
0.00037579	NaN
0.00038579	NaN
0.00039549	NaN
0.0004049	NaN
0.00041402	NaN
0.00042286	NaN
0.00043138	NaN
0.00043952	NaN
0.00044723	NaN
0.00045446	NaN
0.00046116	NaN
0.00046725	NaN
0.00047271	NaN
0.00047748	NaN
0.00048167	NaN
0.00048546	NaN
0.00048902	NaN
0.00049253	NaN
0.00049616	NaN
0.00050008	NaN
0.00050447	NaN
0.00050948	NaN
0.00051512	NaN
0.00052129	NaN
0.00052792	NaN
0.0005349	NaN
0.00054216	NaN
0.00054961	NaN
0.00055716	NaN
0.00056473	NaN
0.00057234	NaN
0.00058007	NaN
0.00058799	NaN
0.0005962	NaN
0.00060476	NaN
0.00061375	NaN
0.00062327	NaN
0.00063338	NaN
0.00064423	NaN
0.00065601	NaN
0.0006689	NaN
0.00068308	NaN
0.00069874	NaN
0.00071607	NaN
0.00073524	NaN
0.00075645	NaN
0.00078	NaN
0.00080628	NaN
0.0008357	NaN
0.00086864	NaN
0.0009055	NaN
0.00094668	NaN
0.00099259	NaN
0.0010436	NaN
0.0010999	NaN
0.0011615	NaN
0.0012285	NaN
0.0013008	NaN
0.0013785	NaN
0.0014615	NaN
0.0015498	NaN
0.0016436	NaN
0.0017426	NaN
0.0018464	NaN
0.0019548	NaN
0.0020674	NaN
0.0021838	NaN
0.0023038	NaN
0.0024269	NaN
0.0025528	NaN
0.0026809	NaN
0.0028102	NaN
0.0029396	NaN
0.003068	NaN
0.0031945	NaN
0.003318	NaN
0.0034374	NaN
0.0035517	NaN
0.0036602	NaN
0.0037631	NaN
0.0038604	NaN
0.0039522	NaN
0.0040384	NaN
0.0041194	NaN
0.004195	NaN
0.0042653	NaN
0.0043304	NaN
0.0043896	NaN
0.0044426	NaN
0.0044889	NaN
0.004528	NaN
0.0045594	NaN
0.0045826	NaN
0.0045973	NaN
0.0046031	NaN
0.0046001	NaN
0.0045886	NaN
0.0045687	NaN
0.0045406	NaN
0.0045046	NaN
0.0044608	NaN
0.0044093	NaN
0.0043506	NaN
0.0042852	NaN
0.0042138	NaN
0.004137	NaN
0.0040554	NaN
0.0039698	NaN
0.0038807	NaN
0.0037889	NaN
0.003695	NaN
0.0036002	NaN
0.0035058	NaN
0.0034127	NaN
0.0033222	NaN
0.0032355	NaN
0.0031538	NaN
0.0030781	NaN
0.0030096	NaN
0.0029487	NaN
0.0028959	NaN
0.0028516	NaN
0.0028162	NaN
0.0027903	NaN
0.0027741	NaN
0.0027682	NaN
0.0027729	NaN
0.0027883	NaN
0.0028144	NaN
0.0028512	NaN
0.0028987	NaN
0.002957	NaN
0.0030261	NaN
0.0031059	NaN
0.0031963	NaN
0.003296	NaN
0.0034035	NaN
0.0035172	NaN
0.0036357	NaN
0.0037572	NaN
0.0038805	NaN
0.0040037	NaN
0.0041258	NaN
0.0042463	NaN
0.0043654	NaN
0.0044831	NaN
0.0045995	NaN
0.0047148	NaN
0.0048289	NaN
0.004942	NaN
0.0050541	NaN
0.0051656	NaN
0.0052769	NaN
0.0053882	NaN
0.0054998	NaN
0.0056123	NaN
0.0057259	NaN
0.0058409	NaN
0.0059577	NaN
0.0060765	NaN
0.0061972	NaN
0.00632	NaN
0.0064449	NaN
0.0065719	NaN
0.0067011	NaN
0.0068326	NaN
0.0069664	NaN
0.0071017	NaN
0.0072375	NaN
0.0073729	NaN
0.0075069	NaN
0.0076383	NaN
0.0077662	NaN
0.0078895	NaN
0.0080073	NaN
0.0081193	NaN
0.0082255	NaN
0.0083258	NaN
0.0084204	NaN
0.0085093	NaN
0.0085924	NaN
0.0086699	NaN
0.0087417	NaN
0.008807	NaN
0.0088645	NaN
0.0089129	NaN
0.0089509	NaN
0.0089771	NaN
0.0089903	NaN
0.008989	NaN
0.0089721	NaN
0.008939	NaN
0.0088901	NaN
0.0088257	NaN
0.0087459	NaN
0.0086512	NaN
0.0085417	NaN
0.0084178	NaN
0.0082797	NaN
0.0081284	NaN
0.0079654	NaN
0.0077921	NaN
0.00761	NaN
0.0074208	NaN
0.0072258	NaN
0.0070266	NaN
0.0068246	NaN
0.0066208	NaN
0.0064156	NaN
0.0062091	NaN
0.0060018	NaN
0.0057939	NaN
0.0055858	NaN
0.0053777	NaN
0.0051699	NaN
0.0049628	NaN
0.0047569	NaN
0.0045525	NaN
0.0043502	NaN
0.0041504	NaN
0.0039535	NaN
0.0037601	NaN
0.0035704	NaN
0.0033849	NaN
0.0032035	NaN
0.0030262	NaN
0.002853	NaN
0.002684	NaN
0.0025191	NaN
0.0023583	NaN
0.0022016	NaN
0.0020492	NaN
0.0019016	NaN
0.0017592	NaN
0.0016225	NaN
0.001492	NaN
0.0013681	NaN
0.0012515	NaN
0.0011424	NaN
0.0010414	NaN
0.00094838	NaN
0.00086344	NaN
0.00078659	NaN
0.00071786	NaN
0.00065729	NaN
0.00060489	NaN
0.00056069	NaN
0.00052439	NaN
0.00049493	NaN
0.00047115	NaN
0.00045188	NaN
0.00043595	NaN
0.00042221	NaN
0.0004095	NaN
0.00039663	NaN
0.00038269	NaN
0.00036733	NaN
0.00035035	NaN
0.0003315	NaN
0.00031057	NaN
0.00028733	NaN
0.00026155	NaN
0.00023302	NaN
0.00020222	NaN
0.00017194	NaN
0.00014541	NaN
0.00012587	NaN
0.00011655	NaN
0.00012067	NaN
0.00014148	NaN
0.00018221	NaN
0.00024605	NaN
0.0003361	NaN
0.00045539	NaN
0.00060698	NaN
0.00079393	NaN
0.0010193	NaN
0.0012861	NaN
0.0015974	NaN
0.0019581	NaN
0.0023806	NaN
0.0028798	NaN
0.0034702	NaN
0.0041666	NaN
0.0049838	NaN
0.0059363	NaN
0.0070389	NaN
0.0083104	NaN
0.0097904	NaN
0.011526	NaN
0.013562	NaN
0.015947	NaN
0.018727	NaN
0.021948	NaN
0.025657	NaN
0.029893	NaN
0.034654	NaN
0.039919	NaN
0.045669	NaN
0.051884	NaN
0.058546	NaN
0.065634	NaN
0.073128	NaN
0.081018	NaN
0.089351	NaN
0.098201	NaN
0.10764	-0.68769
0.11775	-0.67863
0.12859	-0.66761
0.14025	-0.65468
0.15279	-0.63991
0.1663	-0.62334
0.18085	-0.60526
0.19657	-0.58603
0.21354	-0.56601
0.23186	-0.54556
0.25163	-0.52505
0.27296	-0.50485
0.29595	-0.48531
0.32067	-0.46678
0.34695	-0.44928
0.37446	-0.43264
0.4029	-0.4167
0.43194	-0.40129
0.46125	-0.38624
0.49052	-0.37139
0.51943	-0.35657
0.54766	-0.34162
0.57511	-0.32642
0.60181	-0.3109
0.6278	-0.29497
0.65311	-0.27858
0.67778	-0.26162
0.70183	-0.24404
0.72532	-0.22576
0.74825	-0.2067
0.77067	-0.18701
0.79255	-0.16698
0.81392	-0.14693
0.83475	-0.12715
0.85506	-0.10794
0.87485	-0.08962
0.89411	-0.07248
0.91285	-0.056822
0.93082	-0.042843
0.94762	-0.030638
0.96283	-0.020305
0.97601	-0.011936
0.98674	-0.0056265
0.9946	-0.0014715
0.99915	0.00043461
1	0
0.99708	-0.0027965
0.99071	-0.0079002
0.98125	-0.015252
0.96903	-0.024794
0.9544	-0.036467
0.9377	-0.050213
0.91928	-0.065973
0.89947	-0.083689
0.87855	-0.10334
0.85666	-0.12494
0.83396	-0.14852
0.8106	-0.1741
0.78672	-0.2017
0.76249	-0.23135
0.73805	-0.26306
0.71356	-0.29687
0.68906	-0.33269
0.6645	-0.37033
0.63978	-0.40957
0.61483	-0.45021
0.58957	-0.49202
0.56391	-0.53481
0.53777	-0.57835
0.51107	-0.62243
0.48383	-0.66714
0.45619	-0.71302
0.42834	-0.76064
0.40044	-0.81061
0.37267	-0.8635
0.34519	-0.9199
0.31819	-0.9804
0.29184	-1.0456
0.26629	-1.1152
0.24171	-1.1877
0.21824	-1.261
0.19602	-1.3333
0.17522	-1.4028
0.15598	-1.4675
0.13845	-1.5255
0.12277	-1.5751
0.10903	-1.6171
0.097141	NaN
0.086981	NaN
0.078442	NaN
0.071412	NaN
0.06578	NaN
0.061434	NaN
0.05826	NaN
0.05615	NaN
0.054998	NaN
0.054699	NaN
0.055149	NaN
0.056244	NaN
0.057878	NaN
0.059947	NaN
0.062347	NaN
0.064979	NaN
0.067768	NaN
0.07064	NaN
0.073522	NaN
0.076342	NaN
0.079027	NaN
0.081503	NaN
0.083699	NaN
0.085548	NaN
0.087008	NaN
0.088043	NaN
0.088617	NaN
0.088693	NaN
0.088234	NaN
0.087205	NaN
0.085569	NaN
0.083307	NaN
0.08047	NaN
0.077131	NaN
0.07336	NaN
0.069229	NaN
0.06481	NaN
0.060174	NaN
0.055392	NaN
0.050535	NaN
0.045663	NaN
0.040838	NaN
0.036116	NaN
0.031559	NaN
0.027224	NaN
0.023172	NaN
0.019461	NaN
0.016144	NaN
0.013233	NaN
0.010725	NaN
0.0086161	NaN
0.0069042	NaN
0.0055858	NaN
0.004658	NaN
0.0041176	NaN
0.0039574	NaN
0.0041405	NaN
0.004617	NaN
0.0053371	NaN
0.0062508	NaN
0.0073084	NaN
0.0084598	NaN
0.0096553	NaN
0.010847	NaN
0.011999	NaN
0.013086	NaN
0.014081	NaN
0.014955	NaN
0.015681	NaN
0.016234	NaN
0.016585	NaN
0.016709	NaN
0.016613	NaN
0.016316	NaN
0.015842	NaN
0.015211	NaN
0.014446	NaN
0.013569	NaN
0.0126	NaN
0.011562	NaN
0.010477	NaN
0.0093633	NaN
0.008243	NaN
0.0071361	NaN
0.0060631	NaN
0.0050446	NaN
0.0041011	NaN
0.0032523	NaN
0.0025063	NaN
0.0018617	NaN
0.0013171	NaN
0.00087104	NaN
0.00052194	NaN
0.00026832	NaN
0.00010868	NaN
4.118e-05	NaN
5.7373e-05	NaN
0.00014279	NaN
0.00028276	NaN
0.00046257	NaN
0.00066755	NaN
0.00088301	NaN
0.0010943	NaN
0.0012869	NaN
0.0014531	NaN
0.0015921	NaN
0.0017035	NaN
0.0017869	NaN
0.0018418	NaN
0.0018677	NaN
0.0018643	NaN
0.0018311	NaN
0.00177	NaN
0.0016856	NaN
0.0015827	NaN
0.0014659	NaN
0.00134	NaN
0.0012098	NaN
0.0010799	NaN
0.0009552	NaN
0.00083855	NaN
0.00073063	NaN
0.00063189	NaN
0.00054278	NaN
0.00046373	NaN
0.00039521	NaN
0.00033766	NaN
0.00029152	NaN
0.00025654	NaN
0.00023137	NaN
0.00021454	NaN
0.0002046	NaN
0.00020008	NaN
0.00019953	NaN
0.00020148	NaN
0.00020448	NaN
0.0002074	NaN
0.00020978	NaN
0.00021122	NaN
0.00021131	NaN
0.00020966	NaN
0.00020585	NaN
0.0001995	NaN
0.00019019	NaN
0.00017786	NaN
0.00016311	NaN
0.00014667	NaN
0.00012923	NaN
0.00011152	NaN
9.4249e-05	NaN
7.8126e-05	NaN
6.3864e-05	NaN
5.1934e-05	NaN
4.2188e-05	NaN
3.4378e-05	NaN
2.8259e-05	NaN
2.3583e-05	NaN
2.0104e-05	NaN
1.7574e-05	NaN
1.5747e-05	NaN
1.4426e-05	NaN
1.3561e-05	NaN
1.3134e-05	NaN
1.3122e-05	NaN
1.3507e-05	NaN
1.4266e-05	NaN
1.538e-05	NaN
1.6829e-05	NaN
1.8609e-05	NaN
2.0786e-05	NaN
2.3437e-05	NaN
2.664e-05	NaN
3.0474e-05	NaN
3.5016e-05	NaN
4.0345e-05	NaN
4.6539e-05	NaN
5.3636e-05	NaN
6.1502e-05	NaN
6.9958e-05	NaN
7.8825e-05	NaN
8.7927e-05	NaN
9.7083e-05	NaN
0.00010612	NaN
0.00011485	NaN
0.00012309	NaN
0.00013066	NaN
0.00013734	NaN
0.00014292	NaN
0.00014722	NaN
0.00015001	NaN
0.00015111	NaN
0.0001503	NaN
0.00014743	NaN
0.00014264	NaN
0.00013619	NaN
0.00012833	NaN
0.0001193	NaN
0.00010936	NaN
9.8758e-05	NaN
8.7746e-05	NaN
7.657e-05	NaN
6.5454e-05	NaN
5.4609e-05	NaN
4.4248e-05	NaN
3.4583e-05	NaN
2.5825e-05	NaN
1.8187e-05	NaN
1.1881e-05	NaN
7.0875e-06	NaN
3.7301e-06	NaN
1.6034e-06	NaN
5.0117e-07	NaN
2.1747e-07	NaN
5.4619e-07	NaN
1.2813e-06	NaN
2.2167e-06	NaN
3.1591e-06	NaN
4.0429e-06	NaN
4.876e-06	NaN
5.6674e-06	NaN
6.4259e-06	NaN
7.1604e-06	NaN
7.8797e-06	NaN
8.5928e-06	NaN
9.3072e-06	NaN
1.0014e-05	NaN
1.0694e-05	NaN
1.1326e-05	NaN
1.1892e-05	NaN
1.237e-05	NaN
1.2742e-05	NaN
1.2987e-05	NaN
1.3086e-05	NaN
1.3037e-05	NaN
1.2852e-05	NaN
1.254e-05	NaN
1.2113e-05	NaN
1.1582e-05	NaN
1.0958e-05	NaN
1.0252e-05	NaN
9.4747e-06	NaN
8.642e-06	NaN
7.7727e-06	NaN
6.8862e-06	NaN
6.0015e-06	NaN
5.1379e-06	NaN
4.3145e-06	NaN
3.5506e-06	NaN
2.8649e-06	NaN
2.2653e-06	NaN
1.7488e-06	NaN
1.3117e-06	NaN
9.5045e-07	NaN
6.6138e-07	NaN
4.4089e-07	NaN
2.8535e-07	NaN
1.9111e-07	NaN
1.5361e-07	NaN
1.6716e-07	NaN
2.2603e-07	NaN
3.245e-07	NaN
4.5681e-07	NaN
6.1724e-07	NaN
8.0005e-07	NaN
9.9954e-07	NaN
1.2112e-06	NaN
1.4323e-06	NaN
1.6602e-06	NaN
1.8923e-06	NaN
2.1259e-06	NaN
2.3583e-06	NaN
2.5869e-06	NaN
2.8091e-06	NaN
3.0251e-06	NaN
3.2391e-06	NaN
3.456e-06	NaN
3.6805e-06	NaN
3.9173e-06	NaN
4.1714e-06	NaN
4.4473e-06	NaN
4.7498e-06	NaN
5.0793e-06	NaN
5.428e-06	NaN
5.7871e-06	NaN
6.148e-06	NaN
6.502e-06	NaN
6.8404e-06	NaN
7.1545e-06	NaN
7.4356e-06	NaN
7.6792e-06	NaN
7.889e-06	NaN
8.0704e-06	NaN
8.2282e-06	NaN
8.3676e-06	NaN
8.4937e-06	NaN
8.6115e-06	NaN
8.7262e-06	NaN
8.8418e-06	NaN
8.9602e-06	NaN
9.0828e-06	NaN
9.211e-06	NaN
9.3464e-06	NaN
9.4902e-06	NaN
9.6441e-06	NaN
9.8093e-06	NaN
9.9848e-06	NaN
1.0162e-05	NaN
1.033e-05	NaN
1.048e-05	NaN
1.06e-05	NaN
1.0681e-05	NaN
1.0714e-05	NaN
1.0686e-05	NaN
1.0593e-05	NaN
1.0439e-05	NaN
1.0234e-05	NaN
9.9858e-06	NaN
9.7034e-06	NaN
9.3954e-06	NaN
9.0703e-06	NaN
8.7367e-06	NaN
8.4039e-06	NaN
8.0835e-06	NaN
7.7877e-06	NaN
7.5287e-06	NaN
7.3189e-06	NaN
7.1704e-06	NaN
7.0954e-06	NaN
7.1062e-06	NaN
7.2109e-06	NaN
7.397e-06	NaN
7.646e-06	NaN
7.9393e-06	NaN
8.2583e-06	NaN
8.5845e-06	NaN
8.8993e-06	NaN
9.1841e-06	NaN
9.4223e-06	NaN
9.608e-06	NaN
9.739e-06	NaN
9.8134e-06	NaN
9.8289e-06	NaN
9.7835e-06	NaN
9.6752e-06	NaN
9.5018e-06	NaN
9.2621e-06	NaN
8.9602e-06	NaN
8.6027e-06	NaN
8.1959e-06	NaN
7.7464e-06	NaN
7.2606e-06	NaN
6.7449e-06	NaN
6.2058e-06	NaN
5.65e-06	NaN
5.0853e-06	NaN
4.5201e-06	NaN
3.9629e-06	NaN
3.4222e-06	NaN
2.9063e-06	NaN
2.4238e-06	NaN
1.9832e-06	NaN
1.5921e-06	NaN
1.252e-06	NaN
9.6039e-07	NaN
7.1498e-07	NaN
5.1337e-07	NaN
3.5316e-07	NaN
2.3197e-07	NaN
1.4741e-07	NaN
9.6964e-08	NaN
7.6665e-08	NaN
8.1584e-08	NaN
1.0678e-07	NaN
1.473e-07	NaN
1.9821e-07	NaN
2.5456e-07	NaN
3.114e-07	NaN
3.6398e-07	NaN
4.1004e-07	NaN
4.4928e-07	NaN
4.8143e-07	NaN
5.0622e-07	NaN
5.2339e-07	NaN
5.3266e-07	NaN
5.3377e-07	NaN
5.2651e-07	NaN
5.1173e-07	NaN
4.9123e-07	NaN
4.6682e-07	NaN
4.4032e-07	NaN
4.1355e-07	NaN
3.8834e-07	NaN
3.6649e-07	NaN
3.4976e-07	NaN
3.3835e-07	NaN
3.309e-07	NaN
3.2594e-07	NaN
3.2206e-07	NaN
3.178e-07	NaN
3.1172e-07	NaN
3.0239e-07	NaN
2.8839e-07	NaN
2.6943e-07	NaN
2.465e-07	NaN
2.2066e-07	NaN
1.9298e-07	NaN
1.6453e-07	NaN
1.3636e-07	NaN
1.0954e-07	NaN
8.5135e-08	NaN
6.3763e-08	NaN
4.5478e-08	NaN
3.0292e-08	NaN
1.8216e-08	NaN
9.2623e-09	NaN
3.4418e-09	NaN
7.663e-10	NaN
1.2455e-09	NaN
4.786e-09	NaN
1.1133e-08	NaN
2.0017e-08	NaN
3.1171e-08	NaN
4.4324e-08	NaN
5.9209e-08	NaN
7.5556e-08	NaN
9.3096e-08	NaN
1.1149e-07	NaN
1.303e-07	NaN
1.4904e-07	NaN
1.6725e-07	NaN
1.8446e-07	NaN
2.0022e-07	NaN
2.1405e-07	NaN
2.2549e-07	NaN
2.3422e-07	NaN
2.4024e-07	NaN
2.4362e-07	NaN
2.4438e-07	NaN
2.4257e-07	NaN
2.3824e-07	NaN
2.3143e-07	NaN
2.2219e-07	NaN
2.1069e-07	NaN
1.9745e-07	NaN
1.8302e-07	NaN
1.6796e-07	NaN
1.5282e-07	NaN
1.3817e-07	NaN
1.2456e-07	NaN
1.1255e-07	NaN
1.0252e-07	NaN
9.4398e-08	NaN
8.7993e-08	NaN
8.3133e-08	NaN
7.9641e-08	NaN
7.7342e-08	NaN
7.6057e-08	NaN
7.5612e-08	NaN
7.5829e-08	NaN
7.6531e-08	NaN
7.7543e-08	NaN
7.8687e-08	NaN
7.9787e-08	NaN
8.0667e-08	NaN
8.115e-08	NaN
8.106e-08	NaN
1.0682e-07	NaN
1.0705e-07	NaN
1.0829e-07	NaN
1.104e-07	NaN
1.1328e-07	NaN
