6.8854e-08	NaN
7.0492e-08	NaN
7.169e-08	NaN
7.2515e-08	NaN
7.3035e-08	NaN
7.3316e-08	NaN
7.3426e-08	NaN
7.343e-08	NaN
7.3397e-08	NaN
7.3393e-08	NaN
7.3486e-08	NaN
7.3741e-08	NaN
7.4227e-08	NaN
7.4984e-08	NaN
7.5911e-08	NaN
7.6855e-08	NaN
7.7667e-08	NaN
7.8193e-08	NaN
7.8283e-08	NaN
7.7785e-08	NaN
7.6547e-08	NaN
7.4453e-08	NaN
7.162e-08	NaN
6.8258e-08	NaN
6.458e-08	NaN
6.0798e-08	NaN
5.7121e-08	NaN
5.3763e-08	NaN
5.0934e-08	NaN
4.8831e-08	NaN
4.7521e-08	NaN
4.7012e-08	NaN
4.7313e-08	NaN
4.8431e-08	NaN
5.0373e-08	NaN
5.3148e-08	NaN
5.6763e-08	NaN
6.1232e-08	NaN
6.664e-08	NaN
7.3106e-08	NaN
8.0752e-08	NaN
8.9699e-08	NaN
1.0007e-07	NaN
1.1198e-07	NaN
1.2556e-07	NaN
1.4089e-07	NaN
1.5778e-07	NaN
1.758e-07	NaN
1.9454e-07	NaN
2.136e-07	NaN
2.3255e-07	NaN
2.5099e-07	NaN
2.6851e-07	NaN
2.8468e-07	NaN
2.9898e-07	NaN
3.1081e-07	NaN
3.1956e-07	NaN
3.2465e-07	NaN
3.2545e-07	NaN
3.2137e-07	NaN
3.1181e-07	NaN
2.9624e-07	NaN
2.754e-07	NaN
2.5115e-07	NaN
2.2535e-07	NaN
1.9989e-07	NaN
1.7665e-07	NaN
1.575e-07	NaN
1.4433e-07	NaN
1.3896e-07	NaN
1.4167e-07	NaN
1.5127e-07	NaN
1.665e-07	NaN
1.861e-07	NaN
2.088e-07	NaN
2.3333e-07	NaN
2.5845e-07	NaN
2.829e-07	NaN
3.0608e-07	NaN
3.2809e-07	NaN
3.4907e-07	NaN
3.6917e-07	NaN
3.8853e-07	NaN
4.0731e-07	NaN
4.2564e-07	NaN
4.4369e-07	NaN
4.6237e-07	NaN
4.8354e-07	NaN
5.0917e-07	NaN
5.4119e-07	NaN
5.8154e-07	NaN
6.3219e-07	NaN
6.9507e-07	NaN
7.7217e-07	NaN
8.6841e-07	NaN
9.9311e-07	NaN
1.156e-06	NaN
1.3668e-06	NaN
1.6351e-06	NaN
1.9708e-06	NaN
2.3835e-06	NaN
2.883e-06	NaN
3.4813e-06	NaN
4.1948e-06	NaN
5.0402e-06	NaN
6.0342e-06	NaN
7.1936e-06	NaN
8.5351e-06	NaN
1.0075e-05	NaN
1.1831e-05	NaN
1.3813e-05	NaN
1.6018e-05	NaN
1.8442e-05	NaN
2.108e-05	NaN
2.3929e-05	NaN
2.6984e-05	NaN
3.0241e-05	NaN
3.3695e-05	NaN
3.7338e-05	NaN
4.1149e-05	NaN
4.5106e-05	NaN
4.9188e-05	NaN
5.3372e-05	NaN
5.7636e-05	NaN
6.196e-05	NaN
6.632e-05	NaN
7.0695e-05	NaN
7.5062e-05	NaN
7.9399e-05	NaN
8.3684e-05	NaN
8.7894e-05	NaN
9.2006e-05	NaN
9.5999e-05	NaN
9.9849e-05	NaN
0.00010355	NaN
0.00010715	NaN
0.0001107	NaN
0.00011427	NaN
0.0001179	NaN
0.00012166	NaN
0.0001256	NaN
0.00012977	NaN
0.00013426	NaN
0.00013922	NaN
0.00014479	NaN
0.00015114	NaN
0.00015844	NaN
0.00016685	NaN
0.00017653	NaN
0.00018764	NaN
0.00020031	NaN
0.00021454	NaN
0.00023027	NaN
0.00024746	NaN
0.00026605	NaN
0.00028599	NaN
0.00030723	NaN
0.00032973	NaN
0.0003534	NaN
0.000378	NaN
0.00040326	NaN
0.00042889	NaN
0.00045459	NaN
0.00048009	NaN
0.0005051	NaN
0.00052933	NaN
0.00055249	NaN
0.00057436	NaN
0.00059471	NaN
0.00061331	NaN
0.00062993	NaN
0.00064437	NaN
0.00065638	NaN
0.00066575	NaN
0.00067228	NaN
0.00067598	NaN
0.00067694	NaN
0.00067527	NaN
0.00067106	NaN
0.00066443	NaN
0.00065546	NaN
0.00064425	NaN
0.00063092	NaN
0.00061558	NaN
0.00059834	NaN
0.00057932	NaN
0.00055866	NaN
0.00053647	NaN
0.00051288	NaN
0.000488	NaN
0.00046198	NaN
0.00043508	NaN
0.00040767	NaN
0.0003801	NaN
0.00035276	NaN
0.00032599	NaN
0.00030016	NaN
0.00027563	NaN
0.00025279	NaN
0.00023212	NaN
0.00021423	NaN
0.00019972	NaN
0.00018918	NaN
0.00018321	NaN
0.00018242	NaN
0.00018739	NaN
0.00019872	NaN
0.00021673	NaN
0.00024151	NaN
0.00027315	NaN
0.00031176	NaN
0.00035742	NaN
0.00041022	NaN
0.00047027	NaN
0.00053762	NaN
0.00061198	NaN
0.00069263	NaN
0.00077887	NaN
0.00086997	NaN
0.00096523	NaN
0.0010639	NaN
0.0011654	NaN
0.0012688	NaN
0.0013738	NaN
0.0014802	NaN
0.0015879	NaN
0.0016966	NaN
0.0018062	NaN
0.0019166	NaN
0.0020277	NaN
0.0021391	NaN
0.0022509	NaN
0.0023631	NaN
0.0024756	NaN
0.0025885	NaN
0.0027018	NaN
0.0028154	NaN
0.0029295	NaN
0.0030439	NaN
0.0031586	NaN
0.0032733	NaN
0.0033877	NaN
0.0035014	NaN
0.0036141	NaN
0.0037256	NaN
0.0038356	NaN
0.0039436	NaN
0.0040496	NaN
0.0041537	NaN
0.0042562	NaN
0.0043571	NaN
0.0044567	NaN
0.0045551	NaN
0.0046526	NaN
0.0047493	NaN
0.0048453	NaN
0.0049405	NaN
0.0050349	NaN
0.0051283	NaN
0.0052208	NaN
0.0053121	NaN
0.0054022	NaN
0.0054911	NaN
0.0055785	NaN
0.0056641	NaN
0.0057474	NaN
0.005828	NaN
0.0059054	NaN
0.0059794	NaN
0.0060494	NaN
0.006115	NaN
0.0061759	NaN
0.0062317	NaN
0.006282	NaN
0.0063265	NaN
0.006365	NaN
0.006397	NaN
0.0064223	NaN
0.0064406	NaN
0.0064514	NaN
0.0064546	NaN
0.0064497	NaN
0.0064366	NaN
0.0064148	NaN
0.0063842	NaN
0.0063443	NaN
0.0062949	NaN
0.0062358	NaN
0.0061671	NaN
0.0060887	NaN
0.0060009	NaN
0.0059037	NaN
0.0057973	NaN
0.0056818	NaN
0.0055572	NaN
0.005424	NaN
0.0052831	NaN
0.005136	NaN
0.0049841	NaN
0.0048286	NaN
0.0046709	NaN
0.0045124	NaN
0.0043544	NaN
0.0041982	NaN
0.0040452	NaN
0.0038966	NaN
0.0037536	NaN
0.0036175	NaN
0.0034894	NaN
0.0033708	NaN
0.0032627	NaN
0.0031663	NaN
0.0030824	NaN
0.0030111	NaN
0.002953	NaN
0.0029084	NaN
0.0028777	NaN
0.0028613	NaN
0.0028596	NaN
0.0028729	NaN
0.0029021	NaN
0.0029479	NaN
0.0030111	NaN
0.0030925	NaN
0.003193	NaN
0.0033134	NaN
0.0034545	NaN
0.0036169	NaN
0.0038	NaN
0.0040024	NaN
0.0042225	NaN
0.0044591	NaN
0.0047107	NaN
0.0049758	NaN
0.005253	NaN
0.0055408	NaN
0.0058365	NaN
0.0061364	NaN
0.0064371	NaN
0.0067349	NaN
0.0070264	NaN
0.0073081	NaN
0.0075762	NaN
0.0078276	NaN
0.0080607	NaN
0.0082754	NaN
0.0084719	NaN
0.00865	NaN
0.0088098	NaN
0.0089512	NaN
0.0090743	NaN
0.009179	NaN
0.0092649	NaN
0.0093315	NaN
0.009378	NaN
0.0094038	NaN
0.0094083	NaN
0.0093908	NaN
0.0093507	NaN
0.0092874	NaN
0.0092008	NaN
0.0090913	NaN
0.0089597	NaN
0.0088062	NaN
0.0086316	NaN
0.0084362	NaN
0.0082206	NaN
0.0079854	NaN
0.0077318	NaN
0.0074616	NaN
0.0071769	NaN
0.0068795	NaN
0.0065715	NaN
0.0062548	NaN
0.0059314	NaN
0.0056031	NaN
0.0052718	NaN
0.0049385	NaN
0.0046046	NaN
0.0042713	NaN
0.0039399	NaN
0.0036116	NaN
0.0032877	NaN
0.0029694	NaN
0.0026585	NaN
0.0023579	NaN
0.0020703	NaN
0.0017985	NaN
0.0015453	NaN
0.0013136	NaN
0.0011061	NaN
0.00092555	NaN
0.00077318	NaN
0.00064728	NaN
0.00054589	NaN
0.00046707	NaN
0.00040886	NaN
0.00036931	NaN
0.00034649	NaN
0.00033842	NaN
0.0003429	NaN
0.00035717	NaN
0.0003784	NaN
0.00040378	NaN
0.0004305	NaN
0.00045573	NaN
0.00047665	NaN
0.00049046	NaN
0.0004954	NaN
0.00049219	NaN
0.00048187	NaN
0.0004655	NaN
0.00044414	NaN
0.00041883	NaN
0.00039062	NaN
0.00036057	NaN
0.00032958	NaN
0.00029811	NaN
0.00026656	NaN
0.00023534	NaN
0.00020485	NaN
0.00017548	NaN
0.00014764	NaN
0.00012172	NaN
9.8227e-05	NaN
7.7924e-05	NaN
6.1645e-05	NaN
5.0221e-05	NaN
4.4484e-05	NaN
4.5266e-05	NaN
5.3396e-05	NaN
6.9708e-05	NaN
9.5685e-05	NaN
0.00013524	NaN
0.00019287	NaN
0.00027305	NaN
0.00038027	NaN
0.00051901	NaN
0.00069376	NaN
0.000909	NaN
0.0011712	NaN
0.0014958	NaN
0.0019005	NaN
0.002403	NaN
0.0030212	NaN
0.0037729	NaN
0.0046758	NaN
0.0057476	NaN
0.0070088	NaN
0.0084931	NaN
0.010238	NaN
0.012283	NaN
0.014664	NaN
0.017421	NaN
0.020591	NaN
0.024213	NaN
0.028325	NaN
0.032973	NaN
0.038208	NaN
0.044077	NaN
0.050631	NaN
0.057918	NaN
0.065987	NaN
0.074888	NaN
0.084664	NaN
0.095319	NaN
0.10684	-0.57255
0.11921	-0.57253
0.13242	-0.57201
0.14645	-0.57076
0.16129	-0.56859
0.17693	-0.56529
0.19335	-0.56067
0.21053	-0.55471
0.22846	-0.54747
0.24712	-0.53904
0.26649	-0.52948
0.28656	-0.51885
0.3073	-0.50723
0.32869	-0.49469
0.35073	-0.4813
0.37337	-0.46712
0.39658	-0.45221
0.42032	-0.43661
0.44455	-0.4204
0.46924	-0.40362
0.49435	-0.38633
0.51983	-0.36859
0.54566	-0.35045
0.57175	-0.33197
0.59804	-0.31321
0.62444	-0.29421
0.65086	-0.27502
0.67723	-0.25571
0.70345	-0.23632
0.72944	-0.2169
0.75512	-0.19752
0.78038	-0.17826
0.80507	-0.15929
0.82904	-0.14073
0.85215	-0.12274
0.87426	-0.10544
0.89523	-0.088998
0.91491	-0.07354
0.93315	-0.059212
0.94975	-0.046138
0.96445	-0.034425
0.97697	-0.024179
0.98706	-0.015508
0.99443	-0.0085163
0.99884	-0.0033116
1	0
0.99767	0.0013138
0.99185	0.00057235
0.98284	-0.0022309
0.97095	-0.0071002
0.95648	-0.01404
0.93976	-0.023053
0.92108	-0.034146
0.90076	-0.04732
0.8791	-0.062582
0.85639	-0.079938
0.8329	-0.099401
0.80887	-0.12098
0.78456	-0.1447
0.76024	-0.17055
0.73615	-0.19856
0.71255	-0.22874
0.6897	-0.2611
0.66766	-0.29556
0.64624	-0.33194
0.62522	-0.37003
0.60438	-0.40964
0.5835	-0.45057
0.56237	-0.49262
0.54077	-0.53559
0.51848	-0.57928
0.49541	-0.62381
0.47165	-0.66981
0.44733	-0.71798
0.42257	-0.76899
0.39747	-0.82353
0.37217	-0.88228
0.34677	-0.94593
0.32141	-1.0152
0.29622	-1.0898
0.27144	-1.168
0.24729	-1.2479
0.224	-1.3274
0.20179	-1.4045
0.18089	-1.4772
0.16153	-1.5437
0.14393	-1.6018
0.12824	-1.6524
0.11438	-1.7027
0.10226	-1.7607
0.091789	NaN
0.082867	NaN
0.0754	NaN
0.069294	NaN
0.064453	NaN
0.060773	NaN
0.058123	NaN
0.05637	NaN
0.055378	NaN
0.055014	NaN
0.055142	NaN
0.055629	NaN
0.05634	NaN
0.057167	NaN
0.058084	NaN
0.05908	NaN
0.060144	NaN
0.061266	NaN
0.062435	NaN
0.063641	NaN
0.064872	NaN
0.066112	NaN
0.06732	NaN
0.068448	NaN
0.069452	NaN
0.070283	NaN
0.070895	NaN
0.071242	NaN
0.071278	NaN
0.070964	NaN
0.070299	NaN
0.069295	NaN
0.06796	NaN
0.066304	NaN
0.064336	NaN
0.062067	NaN
0.059506	NaN
0.056667	NaN
0.053593	NaN
0.050332	NaN
0.046935	NaN
0.043451	NaN
0.039929	NaN
0.036419	NaN
0.032971	NaN
0.029632	NaN
0.02643	NaN
0.023387	NaN
0.020525	NaN
0.017867	NaN
0.015434	NaN
0.013249	NaN
0.011333	NaN
0.0097061	NaN
0.0083625	NaN
0.0072879	NaN
0.0064674	NaN
0.005886	NaN
0.0055291	NaN
0.0053817	NaN
0.005429	NaN
0.0056549	NaN
0.0060332	NaN
0.0065324	NaN
0.0071209	NaN
0.0077674	NaN
0.0084402	NaN
0.009108	NaN
0.0097391	NaN
0.010304	NaN
0.01079	NaN
0.011197	NaN
0.011522	NaN
0.011766	NaN
0.011925	NaN
0.012	NaN
0.011989	NaN
0.01189	NaN
0.011711	NaN
0.011463	NaN
0.011158	NaN
0.010807	NaN
0.010422	NaN
0.010014	NaN
0.0095949	NaN
0.0091759	NaN
0.0087627	NaN
0.0083562	NaN
0.0079575	NaN
0.0075676	NaN
0.0071874	NaN
0.006818	NaN
0.0064603	NaN
0.0061153	NaN
0.0057834	NaN
0.0054642	NaN
0.0051577	NaN
0.0048637	NaN
0.0045817	NaN
0.0043118	NaN
0.0040536	NaN
0.0038069	NaN
0.0035717	NaN
0.0033483	NaN
0.0031368	NaN
0.0029376	NaN
0.0027507	NaN
0.0025766	NaN
0.0024153	NaN
0.0022671	NaN
0.0021312	NaN
0.0020057	NaN
0.0018886	NaN
0.0017779	NaN
0.0016716	NaN
0.0015677	NaN
0.0014642	NaN
0.0013591	NaN
0.0012518	NaN
0.0011431	NaN
0.0010343	NaN
0.00092659	NaN
0.00082105	NaN
0.00071888	NaN
0.00062122	NaN
0.00052924	NaN
0.00044384	NaN
0.00036554	NaN
0.00029484	NaN
0.00023222	NaN
0.00017815	NaN
0.00013314	NaN
9.7648e-05	NaN
7.217e-05	NaN
5.6681e-05	NaN
5.0213e-05	NaN
5.1692e-05	NaN
6.0043e-05	NaN
7.4193e-05	NaN
9.3067e-05	NaN
0.00011559	NaN
0.00014069	NaN
0.00016731	NaN
0.00019443	NaN
0.00022103	NaN
0.00024608	NaN
0.00026858	NaN
0.0002875	NaN
0.00030183	NaN
0.00031055	NaN
0.00031309	NaN
0.00031005	NaN
0.00030218	NaN
0.00029028	NaN
0.0002751	NaN
0.00025742	NaN
0.00023802	NaN
0.00021766	NaN
0.00019701	NaN
0.00017638	NaN
0.00015603	NaN
0.00013621	NaN
0.00011717	NaN
9.9166e-05	NaN
8.2451e-05	NaN
6.7279e-05	NaN
5.3841e-05	NaN
4.2112e-05	NaN
3.202e-05	NaN
2.3491e-05	NaN
1.6453e-05	NaN
1.0832e-05	NaN
6.5559e-06	NaN
3.5508e-06	NaN
1.7279e-06	NaN
9.2941e-07	NaN
9.799e-07	NaN
1.7038e-06	NaN
2.9257e-06	NaN
4.4701e-06	NaN
6.1613e-06	NaN
7.824e-06	NaN
9.3122e-06	NaN
1.0627e-05	NaN
1.1813e-05	NaN
1.2917e-05	NaN
1.3985e-05	NaN
1.5063e-05	NaN
1.6196e-05	NaN
1.7431e-05	NaN
1.8803e-05	NaN
2.0286e-05	NaN
2.1834e-05	NaN
2.3398e-05	NaN
2.4932e-05	NaN
2.6389e-05	NaN
2.7719e-05	NaN
2.8877e-05	NaN
2.9817e-05	NaN
3.0514e-05	NaN
3.095e-05	NaN
3.1106e-05	NaN
3.0964e-05	NaN
3.0507e-05	NaN
2.9718e-05	NaN
2.8576e-05	NaN
2.7073e-05	NaN
2.5254e-05	NaN
2.3195e-05	NaN
2.0972e-05	NaN
1.8659e-05	NaN
1.6332e-05	NaN
1.4067e-05	NaN
1.194e-05	NaN
1.002e-05	NaN
8.324e-06	NaN
6.8384e-06	NaN
5.5484e-06	NaN
4.4397e-06	NaN
3.4978e-06	NaN
2.7082e-06	NaN
2.0565e-06	NaN
1.5282e-06	NaN
1.109e-06	NaN
7.8462e-07	NaN
5.4077e-07	NaN
3.6316e-07	NaN
2.3751e-07	NaN
1.4954e-07	NaN
8.4967e-08	NaN
3.0276e-08	NaN
1.6395e-08	NaN
4.7915e-08	NaN
5.6914e-08	NaN
3.6027e-08	NaN
2.2114e-08	NaN
1.2488e-07	NaN
2.7963e-07	NaN
4.9345e-07	NaN
7.6803e-07	NaN
1.1003e-06	NaN
1.4869e-06	NaN
1.9245e-06	NaN
2.4099e-06	NaN
2.9399e-06	NaN
3.511e-06	NaN
4.1204e-06	NaN
4.7733e-06	NaN
5.4835e-06	NaN
6.265e-06	NaN
7.1321e-06	NaN
8.0989e-06	NaN
9.1794e-06	NaN
1.0388e-05	NaN
1.1738e-05	NaN
1.3235e-05	NaN
1.4873e-05	NaN
1.6647e-05	NaN
1.855e-05	NaN
2.0575e-05	NaN
2.2718e-05	NaN
2.4971e-05	NaN
2.7329e-05	NaN
2.9782e-05	NaN
3.2314e-05	NaN
3.4909e-05	NaN
3.7552e-05	NaN
4.0227e-05	NaN
4.2919e-05	NaN
4.561e-05	NaN
4.8287e-05	NaN
5.0926e-05	NaN
5.3494e-05	NaN
5.5959e-05	NaN
5.8287e-05	NaN
6.0445e-05	NaN
6.2399e-05	NaN
6.4115e-05	NaN
6.5561e-05	NaN
6.6708e-05	NaN
6.7541e-05	NaN
6.8044e-05	NaN
6.82e-05	NaN
6.7996e-05	NaN
6.7415e-05	NaN
6.6442e-05	NaN
6.5062e-05	NaN
6.3277e-05	NaN
6.1127e-05	NaN
5.8658e-05	NaN
5.5916e-05	NaN
5.2945e-05	NaN
4.9792e-05	NaN
4.6502e-05	NaN
4.312e-05	NaN
3.969e-05	NaN
3.6252e-05	NaN
3.2845e-05	NaN
2.9509e-05	NaN
2.6281e-05	NaN
2.3203e-05	NaN
2.0312e-05	NaN
1.7648e-05	NaN
1.5238e-05	NaN
1.3079e-05	NaN
1.1159e-05	NaN
9.4676e-06	NaN
7.9935e-06	NaN
6.7261e-06	NaN
5.6545e-06	NaN
4.7679e-06	NaN
4.054e-06	NaN
3.4959e-06	NaN
3.0757e-06	NaN
2.7753e-06	NaN
2.5768e-06	NaN
2.4622e-06	NaN
2.4134e-06	NaN
2.4126e-06	NaN
2.4435e-06	NaN
2.4975e-06	NaN
2.5678e-06	NaN
2.6475e-06	NaN
2.73e-06	NaN
2.8084e-06	NaN
2.876e-06	NaN
2.926e-06	NaN
2.9528e-06	NaN
2.9562e-06	NaN
2.9379e-06	NaN
2.8995e-06	NaN
2.8427e-06	NaN
2.7689e-06	NaN
2.6799e-06	NaN
2.5772e-06	NaN
2.4627e-06	NaN
2.3394e-06	NaN
2.211e-06	NaN
2.081e-06	NaN
1.9529e-06	NaN
1.8304e-06	NaN
1.7169e-06	NaN
1.6161e-06	NaN
1.5309e-06	NaN
1.4604e-06	NaN
1.4023e-06	NaN
1.3541e-06	NaN
1.3134e-06	NaN
1.2776e-06	NaN
1.2443e-06	NaN
1.2111e-06	NaN
1.1758e-06	NaN
1.1375e-06	NaN
1.0961e-06	NaN
1.0517e-06	NaN
1.0041e-06	NaN
9.5337e-07	NaN
8.9935e-07	NaN
8.4201e-07	NaN
7.8139e-07	NaN
7.1834e-07	NaN
6.542e-07	NaN
5.9031e-07	NaN
5.28e-07	NaN
4.6862e-07	NaN
4.135e-07	NaN
3.6399e-07	NaN
3.2132e-07	NaN
2.8565e-07	NaN
2.5642e-07	NaN
2.3303e-07	NaN
2.1493e-07	NaN
2.0152e-07	NaN
1.9222e-07	NaN
1.8647e-07	NaN
1.8369e-07	NaN
1.8353e-07	NaN
1.858e-07	NaN
1.903e-07	NaN
1.9684e-07	NaN
2.0523e-07	NaN
2.1529e-07	NaN
2.2681e-07	NaN
2.3959e-07	NaN
2.5307e-07	NaN
2.6638e-07	NaN
2.7865e-07	NaN
2.8899e-07	NaN
2.9655e-07	NaN
3.0042e-07	NaN
2.9976e-07	NaN
2.937e-07	NaN
2.8233e-07	NaN
2.6661e-07	NaN
2.4758e-07	NaN
2.2624e-07	NaN
2.0362e-07	NaN
1.8074e-07	NaN
1.5862e-07	NaN
1.3826e-07	NaN
1.2026e-07	NaN
1.0472e-07	NaN
9.1736e-08	NaN
8.1388e-08	NaN
7.376e-08	NaN
6.8938e-08	NaN
6.7005e-08	NaN
6.8046e-08	NaN
7.2166e-08	NaN
7.9498e-08	NaN
9.0177e-08	NaN
1.0434e-07	NaN
1.2211e-07	NaN
1.4364e-07	NaN
1.6906e-07	NaN
1.9848e-07	NaN
2.314e-07	NaN
2.6627e-07	NaN
3.0148e-07	NaN
3.3542e-07	NaN
3.6646e-07	NaN
3.9299e-07	NaN
4.1339e-07	NaN
4.2605e-07	NaN
4.3021e-07	NaN
4.2668e-07	NaN
4.1641e-07	NaN
4.0036e-07	NaN
3.7949e-07	NaN
3.5475e-07	NaN
3.271e-07	NaN
2.975e-07	NaN
2.668e-07	NaN
2.3561e-07	NaN
2.0451e-07	NaN
1.7407e-07	NaN
1.4488e-07	NaN
1.1752e-07	NaN
9.2569e-08	NaN
7.0608e-08	NaN
5.2032e-08	NaN
3.6783e-08	NaN
2.4734e-08	NaN
1.5758e-08	NaN
9.7282e-09	NaN
6.5183e-09	NaN
6.0014e-09	NaN
8.0505e-09	NaN
1.2476e-08	NaN
1.8909e-08	NaN
2.6948e-08	NaN
3.619e-08	NaN
4.6233e-08	NaN
5.6677e-08	NaN
6.712e-08	NaN
7.7159e-08	NaN
8.6393e-08	NaN
9.4419e-08	NaN
1.0084e-07	NaN
1.0524e-07	NaN
1.0724e-07	NaN
1.0642e-07	NaN
1.0239e-07	NaN
9.4734e-08	NaN
5.6567e-08	NaN
6.0633e-08	NaN
6.3992e-08	NaN
6.671e-08	NaN
