4.9412e-07	NaN
4.9409e-07	NaN
4.9073e-07	NaN
4.8399e-07	NaN
4.7379e-07	NaN
4.6008e-07	NaN
4.4281e-07	NaN
4.2191e-07	NaN
3.9732e-07	NaN
3.6899e-07	NaN
3.3685e-07	NaN
3.0102e-07	NaN
2.6252e-07	NaN
2.2271e-07	NaN
1.8296e-07	NaN
1.4461e-07	NaN
1.0903e-07	NaN
7.7567e-08	NaN
5.1584e-08	NaN
3.2231e-08	NaN
1.9306e-08	NaN
1.2052e-08	NaN
9.7148e-09	NaN
1.1537e-08	NaN
1.6764e-08	NaN
2.4638e-08	NaN
3.4403e-08	NaN
4.5371e-08	NaN
5.7386e-08	NaN
7.0544e-08	NaN
8.4943e-08	NaN
1.0068e-07	NaN
1.1785e-07	NaN
1.3656e-07	NaN
1.5691e-07	NaN
1.7891e-07	NaN
2.0193e-07	NaN
2.2496e-07	NaN
2.4698e-07	NaN
2.6698e-07	NaN
2.8394e-07	NaN
2.9685e-07	NaN
3.0469e-07	NaN
3.0653e-07	NaN
3.0248e-07	NaN
2.9328e-07	NaN
2.797e-07	NaN
2.6249e-07	NaN
2.4243e-07	NaN
2.2027e-07	NaN
1.9678e-07	NaN
1.727e-07	NaN
1.4853e-07	NaN
1.2455e-07	NaN
1.0108e-07	NaN
7.8412e-08	NaN
5.6841e-08	NaN
3.6666e-08	NaN
1.8185e-08	NaN
1.9615e-09	NaN
6.7577e-09	NaN
1.2893e-09	NaN
3.5495e-08	NaN
1.0525e-07	NaN
2.1995e-07	NaN
3.8898e-07	NaN
6.2174e-07	NaN
9.2746e-07	NaN
1.312e-06	NaN
1.7779e-06	NaN
2.3274e-06	NaN
2.963e-06	NaN
3.687e-06	NaN
4.5018e-06	NaN
5.4097e-06	NaN
6.4127e-06	NaN
7.5027e-06	NaN
8.6599e-06	NaN
9.8637e-06	NaN
1.1094e-05	NaN
1.233e-05	NaN
1.3551e-05	NaN
1.4737e-05	NaN
1.5868e-05	NaN
1.693e-05	NaN
1.7923e-05	NaN
1.8845e-05	NaN
1.9693e-05	NaN
2.0467e-05	NaN
2.1166e-05	NaN
2.1787e-05	NaN
2.2329e-05	NaN
2.2798e-05	NaN
2.3207e-05	NaN
2.3571e-05	NaN
2.3906e-05	NaN
2.4226e-05	NaN
2.4546e-05	NaN
2.4881e-05	NaN
2.5246e-05	NaN
2.5655e-05	NaN
2.6121e-05	NaN
2.6656e-05	NaN
2.7273e-05	NaN
2.7985e-05	NaN
2.8804e-05	NaN
2.9743e-05	NaN
3.0815e-05	NaN
3.2028e-05	NaN
3.3386e-05	NaN
3.4891e-05	NaN
3.6546e-05	NaN
3.8354e-05	NaN
4.0315e-05	NaN
4.2434e-05	NaN
4.4711e-05	NaN
4.7132e-05	NaN
4.964e-05	NaN
5.217e-05	NaN
5.4659e-05	NaN
5.7043e-05	NaN
5.9258e-05	NaN
6.1241e-05	NaN
6.2928e-05	NaN
6.4262e-05	NaN
6.5207e-05	NaN
6.573e-05	NaN
6.5798e-05	NaN
6.5378e-05	NaN
6.4437e-05	NaN
6.2943e-05	NaN
6.0862e-05	NaN
5.8186e-05	NaN
5.4989e-05	NaN
5.136e-05	NaN
4.7391e-05	NaN
4.317e-05	NaN
3.8789e-05	NaN
3.4338e-05	NaN
2.9906e-05	NaN
2.5581e-05	NaN
2.143e-05	NaN
1.752e-05	NaN
1.3916e-05	NaN
1.0683e-05	NaN
7.8871e-06	NaN
5.5927e-06	NaN
3.8653e-06	NaN
2.7614e-06	NaN
2.2951e-06	NaN
2.469e-06	NaN
3.2853e-06	NaN
4.7463e-06	NaN
6.8543e-06	NaN
9.6117e-06	NaN
1.3021e-05	NaN
1.7079e-05	NaN
2.1755e-05	NaN
2.7009e-05	NaN
3.2802e-05	NaN
3.9092e-05	NaN
4.5841e-05	NaN
5.3007e-05	NaN
6.0551e-05	NaN
6.8433e-05	NaN
7.6616e-05	NaN
8.5061e-05	NaN
9.3733e-05	NaN
0.00010259	NaN
0.00011161	NaN
0.00012074	NaN
0.00012995	NaN
0.0001392	NaN
0.00014847	NaN
0.00015772	NaN
0.00016694	NaN
0.0001761	NaN
0.00018518	NaN
0.00019415	NaN
0.00020298	NaN
0.00021165	NaN
0.00022003	NaN
0.00022795	NaN
0.00023525	NaN
0.00024176	NaN
0.00024732	NaN
0.00025175	NaN
0.00025488	NaN
0.00025656	NaN
0.00025663	NaN
0.00025492	NaN
0.00025127	NaN
0.00024555	NaN
0.00023758	NaN
0.00022721	NaN
0.00021429	NaN
0.00019869	NaN
0.00018082	NaN
0.00016143	NaN
0.00014129	NaN
0.00012117	NaN
0.00010186	NaN
8.4106e-05	NaN
6.8694e-05	NaN
5.6391e-05	NaN
4.7959e-05	NaN
4.415e-05	NaN
4.5717e-05	NaN
5.3414e-05	NaN
6.7994e-05	NaN
9.0209e-05	NaN
0.00012081	NaN
0.00016054	NaN
0.00020967	NaN
0.00026808	NaN
0.0003356	NaN
0.00041208	NaN
0.00049736	NaN
0.00059128	NaN
0.00069369	NaN
0.00080442	NaN
0.00092294	NaN
0.0010483	NaN
0.0011795	NaN
0.0013157	NaN
0.0014558	NaN
0.001599	NaN
0.0017442	NaN
0.0018904	NaN
0.0020369	NaN
0.0021829	NaN
0.0023277	NaN
0.0024705	NaN
0.0026107	NaN
0.0027474	NaN
0.0028801	NaN
0.0030079	NaN
0.0031303	NaN
0.0032472	NaN
0.0033583	NaN
0.0034634	NaN
0.0035623	NaN
0.0036547	NaN
0.0037406	NaN
0.0038197	NaN
0.0038919	NaN
0.0039577	NaN
0.0040176	NaN
0.0040718	NaN
0.0041208	NaN
0.004165	NaN
0.0042049	NaN
0.0042409	NaN
0.0042732	NaN
0.0043019	NaN
0.004327	NaN
0.0043486	NaN
0.0043667	NaN
0.0043814	NaN
0.0043926	NaN
0.0044004	NaN
0.0044049	NaN
0.0044063	NaN
0.0044049	NaN
0.0044009	NaN
0.0043946	NaN
0.0043861	NaN
0.0043759	NaN
0.004364	NaN
0.0043509	NaN
0.0043373	NaN
0.0043237	NaN
0.004311	NaN
0.0042999	NaN
0.004291	NaN
0.0042851	NaN
0.0042828	NaN
0.0042847	NaN
0.0042908	NaN
0.0043008	NaN
0.0043146	NaN
0.004332	NaN
0.0043528	NaN
0.0043768	NaN
0.0044039	NaN
0.0044339	NaN
0.0044667	NaN
0.0045025	NaN
0.0045411	NaN
0.0045826	NaN
0.004627	NaN
0.0046743	NaN
0.0047245	NaN
0.0047776	NaN
0.0048338	NaN
0.0048931	NaN
0.0049558	NaN
0.005022	NaN
0.0050919	NaN
0.0051655	NaN
0.0052431	NaN
0.0053246	NaN
0.0054095	NaN
0.0054971	NaN
0.0055865	NaN
0.0056769	NaN
0.0057676	NaN
0.0058579	NaN
0.0059468	NaN
0.0060337	NaN
0.0061182	NaN
0.0061998	NaN
0.0062782	NaN
0.0063531	NaN
0.0064241	NaN
0.0064908	NaN
0.0065529	NaN
0.0066102	NaN
0.0066632	NaN
0.0067128	NaN
0.0067599	NaN
0.0068055	NaN
0.0068503	NaN
0.0068955	NaN
0.0069418	NaN
0.0069902	NaN
0.0070415	NaN
0.0070964	NaN
0.0071556	NaN
0.0072199	NaN
0.0072901	NaN
0.0073669	NaN
0.0074509	NaN
0.007543	NaN
0.0076429	NaN
0.00775	NaN
0.0078637	NaN
0.0079833	NaN
0.0081082	NaN
0.0082377	NaN
0.0083712	NaN
0.0085079	NaN
0.0086471	NaN
0.0087875	NaN
0.0089281	NaN
0.0090678	NaN
0.0092054	NaN
0.0093399	NaN
0.0094702	NaN
0.009595	NaN
0.0097129	NaN
0.009822	NaN
0.0099204	NaN
0.010006	NaN
0.010077	NaN
0.010132	NaN
0.010168	NaN
0.010184	NaN
0.010178	NaN
0.010148	NaN
0.010091	NaN
0.010006	NaN
0.0098917	NaN
0.0097449	NaN
0.0095641	NaN
0.0093474	NaN
0.009096	NaN
0.008814	NaN
0.008506	NaN
0.0081763	NaN
0.0078295	NaN
0.00747	NaN
0.0071022	NaN
0.0067307	NaN
0.00636	NaN
0.005995	NaN
0.0056406	NaN
0.0053017	NaN
0.0049831	NaN
0.0046898	NaN
0.0044267	NaN
0.0041985	NaN
0.0040076	NaN
0.0038524	NaN
0.0037313	NaN
0.0036425	NaN
0.0035843	NaN
0.0035547	NaN
0.0035522	NaN
0.003575	NaN
0.0036199	NaN
0.0036816	NaN
0.0037547	NaN
0.0038336	NaN
0.0039127	NaN
0.0039867	NaN
0.0040499	NaN
0.0040969	NaN
0.0041237	NaN
0.0041294	NaN
0.0041136	NaN
0.0040757	NaN
0.0040153	NaN
0.0039318	NaN
0.0038248	NaN
0.0036937	NaN
0.0035392	NaN
0.0033648	NaN
0.0031744	NaN
0.0029717	NaN
0.0027605	NaN
0.0025447	NaN
0.0023281	NaN
0.0021145	NaN
0.0019073	NaN
0.0017082	NaN
0.0015189	NaN
0.0013411	NaN
0.0011764	NaN
0.0010264	NaN
0.00089279	NaN
0.00077712	NaN
0.00068087	NaN
0.00060487	NaN
0.00054984	NaN
0.00051649	NaN
0.00050554	NaN
0.0005177	NaN
0.00055367	NaN
0.00061419	NaN
0.00070071	NaN
0.00081746	NaN
0.00096933	NaN
0.0011612	NaN
0.001398	NaN
0.0016846	NaN
0.0020258	NaN
0.0024266	NaN
0.0028924	NaN
0.0034314	NaN
0.0040526	NaN
0.0047646	NaN
0.0055765	NaN
0.0064972	NaN
0.0075354	NaN
0.0087001	NaN
0.010004	NaN
0.01148	NaN
0.013166	NaN
0.015103	NaN
0.017328	NaN
0.019881	NaN
0.022802	NaN
0.026128	NaN
0.029898	NaN
0.034145	NaN
0.038897	NaN
0.044185	NaN
0.050038	NaN
0.056487	NaN
0.06356	NaN
0.071287	NaN
0.079699	NaN
0.088827	NaN
0.098704	NaN
0.10936	-0.63857
0.12083	-0.63633
0.13315	-0.63241
0.14635	-0.62667
0.16045	-0.61897
0.17551	-0.6092
0.19159	-0.59749
0.2088	-0.58412
0.22723	-0.56933
0.247	-0.55339
0.26818	-0.53657
0.2909	-0.51914
0.31524	-0.50134
0.3413	-0.48344
0.36892	-0.46553
0.39785	-0.44764
0.42781	-0.42979
0.45855	-0.41198
0.48979	-0.39424
0.52126	-0.37659
0.5527	-0.35904
0.58385	-0.3416
0.6145	-0.32424
0.64448	-0.30688
0.67365	-0.28947
0.70183	-0.27192
0.72886	-0.25416
0.75459	-0.23613
0.77885	-0.21775
0.80149	-0.19896
0.82251	-0.17986
0.84203	-0.16066
0.86019	-0.14158
0.8771	-0.12286
0.89291	-0.1047
0.90774	-0.087342
0.92171	-0.070995
0.93494	-0.055882
0.94742	-0.042183
0.95897	-0.030037
0.96943	-0.019583
0.97864	-0.010958
0.98641	-0.0043018
0.99259	0.00024861
0.99701	0.0025546
0.9995	0.0024817
1	0
0.99857	-0.0048089
0.99527	-0.011858
0.99015	-0.02106
0.98328	-0.032327
0.97472	-0.045572
0.96453	-0.060708
0.95277	-0.07765
0.93946	-0.096363
0.92461	-0.11687
0.90821	-0.13922
0.89026	-0.16343
0.87075	-0.18954
0.84967	-0.21759
0.82702	-0.2476
0.8028	-0.2796
0.77707	-0.31356
0.74995	-0.34932
0.72162	-0.3867
0.6922	-0.42555
0.66186	-0.46569
0.63074	-0.50697
0.59899	-0.54921
0.56676	-0.59226
0.53423	-0.63621
0.5016	-0.68155
0.46909	-0.72883
0.43692	-0.7786
0.40531	-0.8314
0.37448	-0.88777
0.34463	-0.94827
0.31599	-1.0134
0.28871	-1.0829
0.26286	-1.1549
0.23848	-1.2272
0.21562	-1.2979
0.19432	-1.3647
0.17462	-1.4256
0.15658	-1.4786
0.14023	-1.5215
0.1256	-1.5553
0.11262	-1.5878
0.10122	-1.6275
0.091329	NaN
0.082887	NaN
0.075823	NaN
0.070066	NaN
0.065548	NaN
0.06219	NaN
0.059886	NaN
0.058527	NaN
0.058002	NaN
0.058203	NaN
0.059019	NaN
0.060339	NaN
0.062056	NaN
0.064063	NaN
0.066274	NaN
0.068605	NaN
0.070971	NaN
0.073288	NaN
0.075471	NaN
0.077438	NaN
0.079103	NaN
0.080394	NaN
0.081279	NaN
0.081734	NaN
0.081739	NaN
0.081269	NaN
0.080303	NaN
0.078818	NaN
0.076791	NaN
0.074215	NaN
0.071146	NaN
0.067658	NaN
0.063825	NaN
0.05972	NaN
0.055418	NaN
0.050992	NaN
0.046515	NaN
0.04206	NaN
0.037692	NaN
0.033472	NaN
0.029463	NaN
0.025726	NaN
0.022324	NaN
0.019319	NaN
0.016772	NaN
0.014735	NaN
0.013189	NaN
0.012089	NaN
0.01139	NaN
0.01105	NaN
0.011023	NaN
0.011264	NaN
0.01173	NaN
0.012376	NaN
0.013153	NaN
0.014013	NaN
0.014907	NaN
0.015786	NaN
0.0166	NaN
0.017301	NaN
0.017838	NaN
0.018169	NaN
0.018288	NaN
0.018213	NaN
0.017959	NaN
0.017543	NaN
0.016982	NaN
0.016291	NaN
0.015488	NaN
0.014589	NaN
0.013616	NaN
0.012592	NaN
0.011541	NaN
0.010487	NaN
0.0094539	NaN
0.0084652	NaN
0.007545	NaN
0.0067157	NaN
0.0059816	NaN
0.0053351	NaN
0.0047682	NaN
0.0042729	NaN
0.0038413	NaN
0.0034652	NaN
0.0031369	NaN
0.0028484	NaN
0.0025943	NaN
0.0023711	NaN
0.0021752	NaN
0.0020033	NaN
0.0018517	NaN
0.0017171	NaN
0.0015958	NaN
0.0014846	NaN
0.0013822	NaN
0.0012894	NaN
0.0012071	NaN
0.0011361	NaN
0.0010773	NaN
0.0010315	NaN
0.00099962	NaN
0.0009824	NaN
0.00097913	NaN
0.00098752	NaN
0.0010052	NaN
0.0010297	NaN
0.0010587	NaN
0.0010898	NaN
0.0011206	NaN
0.0011488	NaN
0.0011726	NaN
0.0011911	NaN
0.0012034	NaN
0.0012088	NaN
0.0012062	NaN
0.001195	NaN
0.0011741	NaN
0.0011428	NaN
0.0011011	NaN
0.0010506	NaN
0.00099271	NaN
0.00092911	NaN
0.00086131	NaN
0.00079087	NaN
0.00071936	NaN
0.00064832	NaN
0.00057896	NaN
0.00051186	NaN
0.00044758	NaN
0.00038667	NaN
0.00032967	NaN
0.00027712	NaN
0.00022958	NaN
0.00018759	NaN
0.00015136	NaN
0.00012047	NaN
9.4444e-05	NaN
7.2795e-05	NaN
5.5039e-05	NaN
4.0691e-05	NaN
2.9267e-05	NaN
2.0283e-05	NaN
1.3332e-05	NaN
8.1799e-06	NaN
4.6125e-06	NaN
2.4169e-06	NaN
1.3803e-06	NaN
1.2896e-06	NaN
1.9317e-06	NaN
3.0938e-06	NaN
4.6e-06	NaN
6.3701e-06	NaN
8.339e-06	NaN
1.0442e-05	NaN
1.2613e-05	NaN
1.4787e-05	NaN
1.69e-05	NaN
1.8886e-05	NaN
2.0712e-05	NaN
2.2442e-05	NaN
2.4158e-05	NaN
2.594e-05	NaN
2.7872e-05	NaN
3.0034e-05	NaN
3.2509e-05	NaN
3.5378e-05	NaN
3.869e-05	NaN
4.238e-05	NaN
4.6356e-05	NaN
5.0525e-05	NaN
5.4797e-05	NaN
5.9078e-05	NaN
6.3279e-05	NaN
6.7306e-05	NaN
7.1068e-05	NaN
7.4477e-05	NaN
7.7445e-05	NaN
7.9881e-05	NaN
8.17e-05	NaN
8.2811e-05	NaN
8.3126e-05	NaN
8.2558e-05	NaN
8.1045e-05	NaN
7.8666e-05	NaN
7.5544e-05	NaN
7.1798e-05	NaN
6.7552e-05	NaN
6.2925e-05	NaN
5.8041e-05	NaN
5.302e-05	NaN
4.7978e-05	NaN
4.2997e-05	NaN
3.8149e-05	NaN
3.3503e-05	NaN
2.9129e-05	NaN
2.5098e-05	NaN
2.148e-05	NaN
1.8345e-05	NaN
1.575e-05	NaN
1.3656e-05	NaN
1.1982e-05	NaN
1.0648e-05	NaN
9.5747e-06	NaN
8.6809e-06	NaN
7.8868e-06	NaN
7.1122e-06	NaN
6.2854e-06	NaN
5.4067e-06	NaN
4.5118e-06	NaN
3.6365e-06	NaN
2.8169e-06	NaN
2.089e-06	NaN
1.4886e-06	NaN
1.0519e-06	NaN
8.1112e-07	NaN
7.6422e-07	NaN
8.8895e-07	NaN
1.1629e-06	NaN
1.5635e-06	NaN
2.0684e-06	NaN
2.6551e-06	NaN
3.3012e-06	NaN
3.9845e-06	NaN
4.688e-06	NaN
5.3974e-06	NaN
6.0988e-06	NaN
6.7782e-06	NaN
7.4216e-06	NaN
8.015e-06	NaN
8.5444e-06	NaN
8.9993e-06	NaN
9.4197e-06	NaN
9.8851e-06	NaN
1.0476e-05	NaN
1.1273e-05	NaN
1.2356e-05	NaN
1.3806e-05	NaN
1.5703e-05	NaN
1.8123e-05	NaN
2.1048e-05	NaN
2.4373e-05	NaN
2.7994e-05	NaN
3.1804e-05	NaN
3.5699e-05	NaN
3.9571e-05	NaN
4.3316e-05	NaN
4.6829e-05	NaN
5.0049e-05	NaN
5.2961e-05	NaN
5.555e-05	NaN
5.7802e-05	NaN
5.9704e-05	NaN
6.124e-05	NaN
6.2397e-05	NaN
6.3162e-05	NaN
6.3585e-05	NaN
6.3784e-05	NaN
6.3886e-05	NaN
6.4014e-05	NaN
6.4292e-05	NaN
6.4846e-05	NaN
6.58e-05	NaN
6.7278e-05	NaN
6.9373e-05	NaN
7.2135e-05	NaN
7.5612e-05	NaN
7.985e-05	NaN
8.4898e-05	NaN
9.0802e-05	NaN
9.7609e-05	NaN
0.00010537	NaN
0.00011406	NaN
0.00012359	NaN
0.00013384	NaN
0.00014469	NaN
0.00015603	NaN
0.00016775	NaN
0.00017973	NaN
0.00019187	NaN
0.00020406	NaN
0.00021629	NaN
0.00022851	NaN
0.0002407	NaN
0.00025282	NaN
0.00026485	NaN
0.00027675	NaN
0.00028849	NaN
0.0003	NaN
0.00031111	NaN
0.00032166	NaN
0.00033145	NaN
0.00034032	NaN
0.00034809	NaN
0.00035458	NaN
0.00035962	NaN
0.00036308	NaN
0.00036493	NaN
0.00036518	NaN
0.00036384	NaN
0.00036091	NaN
0.00035639	NaN
0.00035028	NaN
0.00034259	NaN
0.00033336	NaN
0.00032283	NaN
0.00031122	NaN
0.0002988	NaN
0.0002858	NaN
0.00027247	NaN
0.00025906	NaN
0.0002458	NaN
0.00023291	NaN
0.00022043	NaN
0.00020837	NaN
0.00019676	NaN
0.0001856	NaN
0.0001749	NaN
0.00016469	NaN
0.00015499	NaN
0.00014578	NaN
0.00013704	NaN
0.00012872	NaN
0.00012077	NaN
0.00011314	NaN
0.00010579	NaN
9.8666e-05	NaN
9.172e-05	NaN
8.4917e-05	NaN
7.8279e-05	NaN
7.1841e-05	NaN
6.5641e-05	NaN
5.9718e-05	NaN
5.4107e-05	NaN
4.8848e-05	NaN
4.3977e-05	NaN
3.9524e-05	NaN
3.5481e-05	NaN
3.1823e-05	NaN
2.8526e-05	NaN
2.5567e-05	NaN
2.2921e-05	NaN
2.0565e-05	NaN
1.8475e-05	NaN
1.6628e-05	NaN
1.4999e-05	NaN
1.3565e-05	NaN
1.2303e-05	NaN
1.1189e-05	NaN
1.0201e-05	NaN
9.3142e-06	NaN
8.5057e-06	NaN
7.7537e-06	NaN
7.0499e-06	NaN
6.3923e-06	NaN
5.7793e-06	NaN
5.2089e-06	NaN
4.6794e-06	NaN
4.189e-06	NaN
3.7358e-06	NaN
3.318e-06	NaN
2.9338e-06	NaN
2.5814e-06	NaN
2.259e-06	NaN
1.9648e-06	NaN
1.6969e-06	NaN
1.4535e-06	NaN
1.2328e-06	NaN
1.0331e-06	NaN
8.5368e-07	NaN
6.9444e-07	NaN
5.5534e-07	NaN
4.3632e-07	NaN
3.3733e-07	NaN
2.5832e-07	NaN
1.9923e-07	NaN
1.5988e-07	NaN
1.3809e-07	NaN
1.3024e-07	NaN
1.3262e-07	NaN
1.4156e-07	NaN
1.5337e-07	NaN
1.6435e-07	NaN
1.7084e-07	NaN
1.693e-07	NaN
1.5945e-07	NaN
1.4376e-07	NaN
1.2482e-07	NaN
1.0521e-07	NaN
8.7531e-08	NaN
7.4356e-08	NaN
6.8274e-08	NaN
7.1775e-08	NaN
8.5145e-08	NaN
1.0644e-07	NaN
1.3361e-07	NaN
1.6463e-07	NaN
1.9743e-07	NaN
2.2999e-07	NaN
2.6026e-07	NaN
2.8623e-07	NaN
3.0692e-07	NaN
3.2257e-07	NaN
3.3348e-07	NaN
3.3995e-07	NaN
3.4229e-07	NaN
3.4078e-07	NaN
3.3574e-07	NaN
3.2747e-07	NaN
3.164e-07	NaN
3.0313e-07	NaN
2.8827e-07	NaN
2.7245e-07	NaN
2.5627e-07	NaN
2.4035e-07	NaN
2.253e-07	NaN
2.1174e-07	NaN
2.0003e-07	NaN
1.9019e-07	NaN
1.8218e-07	NaN
1.7599e-07	NaN
1.7157e-07	NaN
1.6892e-07	NaN
1.6799e-07	NaN
1.6877e-07	NaN
1.7121e-07	NaN
1.7527e-07	NaN
1.8088e-07	NaN
1.8798e-07	NaN
1.9653e-07	NaN
2.0646e-07	NaN
2.1772e-07	NaN
2.3024e-07	NaN
2.4379e-07	NaN
2.5771e-07	NaN
2.713e-07	NaN
2.8388e-07	NaN
2.9474e-07	NaN
3.0319e-07	NaN
3.0853e-07	NaN
3.1007e-07	NaN
3.0747e-07	NaN
3.0128e-07	NaN
2.9219e-07	NaN
2.8089e-07	NaN
2.6806e-07	NaN
2.5439e-07	NaN
2.4058e-07	NaN
2.2729e-07	NaN
2.1511e-07	NaN
2.0422e-07	NaN
1.9476e-07	NaN
1.8685e-07	NaN
1.8064e-07	NaN
1.7626e-07	NaN
1.7383e-07	NaN
1.735e-07	NaN
1.7539e-07	NaN
1.7964e-07	NaN
1.8638e-07	NaN
1.9574e-07	NaN
2.0786e-07	NaN
2.2286e-07	NaN
2.4089e-07	NaN
2.6207e-07	NaN
4.2764e-07	NaN
4.4636e-07	NaN
4.621e-07	NaN
4.748e-07	NaN
4.8441e-07	NaN
4.9087e-07	NaN
