1.9983e-07	NaN
1.9554e-07	NaN
1.8896e-07	NaN
1.8038e-07	NaN
1.7014e-07	NaN
1.5856e-07	NaN
1.4595e-07	NaN
1.3264e-07	NaN
1.1894e-07	NaN
1.0518e-07	NaN
9.1669e-08	NaN
7.8733e-08	NaN
6.6663e-08	NaN
5.5599e-08	NaN
4.5627e-08	NaN
3.6834e-08	NaN
2.9306e-08	NaN
2.313e-08	NaN
1.8391e-08	NaN
1.5177e-08	NaN
1.3532e-08	NaN
1.3228e-08	NaN
1.3924e-08	NaN
1.5279e-08	NaN
1.6953e-08	NaN
1.8604e-08	NaN
1.9893e-08	NaN
2.0478e-08	NaN
2.0078e-08	NaN
1.8887e-08	NaN
1.7322e-08	NaN
1.5803e-08	NaN
1.4747e-08	NaN
1.4574e-08	NaN
1.5703e-08	NaN
1.8553e-08	NaN
2.3509e-08	NaN
3.064e-08	NaN
3.9839e-08	NaN
5.0998e-08	NaN
6.4006e-08	NaN
7.8757e-08	NaN
9.514e-08	NaN
1.1305e-07	NaN
1.3233e-07	NaN
1.523e-07	NaN
1.7198e-07	NaN
1.9034e-07	NaN
2.0639e-07	NaN
2.191e-07	NaN
2.2748e-07	NaN
2.3052e-07	NaN
2.2729e-07	NaN
2.1817e-07	NaN
2.0446e-07	NaN
1.8749e-07	NaN
1.686e-07	NaN
1.4913e-07	NaN
1.3041e-07	NaN
1.1376e-07	NaN
1.0048e-07	NaN
9.0874e-08	NaN
8.4428e-08	NaN
8.0602e-08	NaN
7.8855e-08	NaN
7.8647e-08	NaN
7.9436e-08	NaN
8.0681e-08	NaN
8.186e-08	NaN
8.2849e-08	NaN
8.3919e-08	NaN
8.5359e-08	NaN
8.7459e-08	NaN
9.0505e-08	NaN
9.4787e-08	NaN
1.0059e-07	NaN
1.0823e-07	NaN
1.1859e-07	NaN
1.3321e-07	NaN
1.5367e-07	NaN
1.8154e-07	NaN
2.1842e-07	NaN
2.6587e-07	NaN
3.2549e-07	NaN
3.9886e-07	NaN
4.885e-07	NaN
5.9808e-07	NaN
7.314e-07	NaN
8.922e-07	NaN
1.0843e-06	NaN
1.3114e-06	NaN
1.5773e-06	NaN
1.8859e-06	NaN
2.2448e-06	NaN
2.6672e-06	NaN
3.167e-06	NaN
3.7579e-06	NaN
4.454e-06	NaN
5.2688e-06	NaN
6.2163e-06	NaN
7.3103e-06	NaN
8.5628e-06	NaN
9.9829e-06	NaN
1.158e-05	NaN
1.3361e-05	NaN
1.5337e-05	NaN
1.7516e-05	NaN
1.9907e-05	NaN
2.2518e-05	NaN
2.5346e-05	NaN
2.8367e-05	NaN
3.1552e-05	NaN
3.4873e-05	NaN
3.83e-05	NaN
4.1805e-05	NaN
4.536e-05	NaN
4.8937e-05	NaN
5.251e-05	NaN
5.6064e-05	NaN
5.9584e-05	NaN
6.3056e-05	NaN
6.6464e-05	NaN
6.9795e-05	NaN
7.3033e-05	NaN
7.6164e-05	NaN
7.9199e-05	NaN
8.222e-05	NaN
8.5321e-05	NaN
8.8597e-05	NaN
9.2142e-05	NaN
9.605e-05	NaN
0.00010042	NaN
0.00010534	NaN
0.00011092	NaN
0.00011732	NaN
0.00012473	NaN
0.0001333	NaN
0.00014321	NaN
0.00015463	NaN
0.00016773	NaN
0.00018269	NaN
0.00019962	NaN
0.00021842	NaN
0.00023891	NaN
0.00026095	NaN
0.00028437	NaN
0.00030901	NaN
0.00033472	NaN
0.00036131	NaN
0.00038863	NaN
0.00041638	NaN
0.00044426	NaN
0.00047196	NaN
0.00049916	NaN
0.00052557	NaN
0.00055086	NaN
0.00057473	NaN
0.00059689	NaN
0.00061713	NaN
0.00063528	NaN
0.00065116	NaN
0.00066459	NaN
0.0006754	NaN
0.00068342	NaN
0.00068846	NaN
0.0006904	NaN
0.0006894	NaN
0.00068577	NaN
0.00067978	NaN
0.00067172	NaN
0.00066189	NaN
0.00065058	NaN
0.00063807	NaN
0.00062466	NaN
0.00061063	NaN
0.00059625	NaN
0.00058181	NaN
0.00056759	NaN
0.00055387	NaN
0.00054092	NaN
0.00052904	NaN
0.00051847	NaN
0.00050927	NaN
0.00050136	NaN
0.00049468	NaN
0.00048917	NaN
0.00048476	NaN
0.00048137	NaN
0.00047895	NaN
0.00047743	NaN
0.00047698	NaN
0.00047783	NaN
0.00048028	NaN
0.00048456	NaN
0.00049096	NaN
0.00049974	NaN
0.00051116	NaN
0.00052547	NaN
0.00054281	NaN
0.00056319	NaN
0.00058665	NaN
0.0006132	NaN
0.00064288	NaN
0.00067571	NaN
0.0007117	NaN
0.0007509	NaN
0.00079322	NaN
0.00083856	NaN
0.00088677	NaN
0.00093773	NaN
0.00099131	NaN
0.0010474	NaN
0.0011058	NaN
0.0011665	NaN
0.0012292	NaN
0.0012939	NaN
0.0013603	NaN
0.0014284	NaN
0.0014978	NaN
0.0015686	NaN
0.0016404	NaN
0.0017132	NaN
0.0017869	NaN
0.0018614	NaN
0.0019367	NaN
0.0020129	NaN
0.0020898	NaN
0.0021676	NaN
0.0022462	NaN
0.0023255	NaN
0.0024058	NaN
0.0024873	NaN
0.0025706	NaN
0.0026559	NaN
0.0027436	NaN
0.0028342	NaN
0.002928	NaN
0.0030253	NaN
0.0031263	NaN
0.0032308	NaN
0.0033384	NaN
0.0034488	NaN
0.0035618	NaN
0.0036771	NaN
0.0037943	NaN
0.0039133	NaN
0.0040334	NaN
0.0041537	NaN
0.0042733	NaN
0.0043912	NaN
0.0045064	NaN
0.004618	NaN
0.0047249	NaN
0.0048263	NaN
0.0049214	NaN
0.0050106	NaN
0.005094	NaN
0.0051719	NaN
0.0052445	NaN
0.0053122	NaN
0.0053753	NaN
0.0054338	NaN
0.0054883	NaN
0.0055391	NaN
0.0055868	NaN
0.0056318	NaN
0.0056747	NaN
0.005716	NaN
0.0057561	NaN
0.0057956	NaN
0.0058347	NaN
0.0058729	NaN
0.0059098	NaN
0.0059446	NaN
0.0059768	NaN
0.0060058	NaN
0.006031	NaN
0.0060519	NaN
0.0060677	NaN
0.0060774	NaN
0.0060796	NaN
0.0060733	NaN
0.0060572	NaN
0.0060301	NaN
0.0059908	NaN
0.0059382	NaN
0.0058712	NaN
0.00579	NaN
0.0056948	NaN
0.0055862	NaN
0.0054643	NaN
0.0053295	NaN
0.0051821	NaN
0.0050226	NaN
0.0048515	NaN
0.0046712	NaN
0.0044845	NaN
0.004294	NaN
0.0041026	NaN
0.0039131	NaN
0.0037281	NaN
0.0035505	NaN
0.0033829	NaN
0.0032267	NaN
0.0030835	NaN
0.0029544	NaN
0.0028407	NaN
0.0027438	NaN
0.002665	NaN
0.0026055	NaN
0.0025664	NaN
0.0025479	NaN
0.0025496	NaN
0.002571	NaN
0.0026119	NaN
0.0026718	NaN
0.0027504	NaN
0.0028473	NaN
0.002962	NaN
0.0030936	NaN
0.0032409	NaN
0.0034025	NaN
0.0035772	NaN
0.0037639	NaN
0.0039612	NaN
0.0041678	NaN
0.0043827	NaN
0.0046047	NaN
0.004833	NaN
0.0050667	NaN
0.0053049	NaN
0.0055466	NaN
0.005791	NaN
0.0060371	NaN
0.0062842	NaN
0.0065311	NaN
0.0067771	NaN
0.0070209	NaN
0.0072618	NaN
0.0074988	NaN
0.0077308	NaN
0.0079568	NaN
0.008176	NaN
0.0083874	NaN
0.0085899	NaN
0.0087828	NaN
0.0089651	NaN
0.0091359	NaN
0.0092941	NaN
0.009439	NaN
0.0095695	NaN
0.0096847	NaN
0.0097834	NaN
0.0098646	NaN
0.0099272	NaN
0.0099701	NaN
0.0099923	NaN
0.0099925	NaN
0.0099699	NaN
0.0099249	NaN
0.0098594	NaN
0.0097753	NaN
0.0096746	NaN
0.0095592	NaN
0.0094311	NaN
0.0092922	NaN
0.0091444	NaN
0.0089896	NaN
0.0088291	NaN
0.0086644	NaN
0.0084971	NaN
0.0083287	NaN
0.0081606	NaN
0.0079942	NaN
0.0078312	NaN
0.0076713	NaN
0.0075124	NaN
0.0073525	NaN
0.0071892	NaN
0.0070204	NaN
0.0068439	NaN
0.0066575	NaN
0.0064591	NaN
0.0062475	NaN
0.0060231	NaN
0.0057865	NaN
0.0055384	NaN
0.0052792	NaN
0.0050096	NaN
0.0047302	NaN
0.0044414	NaN
0.0041453	NaN
0.0038462	NaN
0.0035488	NaN
0.0032575	NaN
0.0029769	NaN
0.0027117	NaN
0.0024664	NaN
0.0022455	NaN
0.0020517	NaN
0.0018835	NaN
0.0017393	NaN
0.0016172	NaN
0.0015155	NaN
0.0014324	NaN
0.001366	NaN
0.0013147	NaN
0.0012766	NaN
0.0012503	NaN
0.0012342	NaN
0.0012267	NaN
0.0012263	NaN
0.0012314	NaN
0.0012405	NaN
0.001252	NaN
0.0012652	NaN
0.001281	NaN
0.001301	NaN
0.0013266	NaN
0.0013591	NaN
0.0014001	NaN
0.001451	NaN
0.0015131	NaN
0.0015876	NaN
0.001675	NaN
0.0017753	NaN
0.0018889	NaN
0.0020159	NaN
0.0021565	NaN
0.0023109	NaN
0.0024793	NaN
0.0026626	NaN
0.0028636	NaN
0.0030859	NaN
0.003333	NaN
0.0036083	NaN
0.0039153	NaN
0.0042575	NaN
0.0046385	NaN
0.0050629	NaN
0.0055417	NaN
0.0060873	NaN
0.0067123	NaN
0.007429	NaN
0.0082499	NaN
0.0091875	NaN
0.010254	NaN
0.011466	NaN
0.012854	NaN
0.014455	NaN
0.016306	NaN
0.018443	NaN
0.020904	NaN
0.023725	NaN
0.026944	NaN
0.030596	NaN
0.034725	NaN
0.039373	NaN
0.044583	NaN
0.050398	NaN
0.056862	NaN
0.064017	NaN
0.071906	NaN
0.080567	NaN
0.089995	NaN
0.10017	-0.64097
0.11105	-0.63962
0.12264	-0.63713
0.13489	-0.63332
0.14779	-0.62806
0.16131	-0.62118
0.17544	-0.61254
0.19027	-0.60216
0.20592	-0.59014
0.22254	-0.57659
0.24026	-0.56159
0.25922	-0.54526
0.27955	-0.52769
0.30139	-0.50898
0.32487	-0.48923
0.35001	-0.46866
0.3768	-0.44752
0.40521	-0.42607
0.4352	-0.40455
0.46676	-0.38324
0.49986	-0.36239
0.53446	-0.34225
0.57053	-0.32307
0.60769	-0.30487
0.64536	-0.28754
0.68295	-0.27093
0.71986	-0.25493
0.7555	-0.23941
0.7893	-0.22424
0.82064	-0.20929
0.84897	-0.19444
0.87414	-0.17964
0.89632	-0.16489
0.91572	-0.1502
0.93252	-0.13555
0.9469	-0.12096
0.95907	-0.10644
0.96922	-0.091972
0.97753	-0.077581
0.98419	-0.063443
0.98938	-0.049893
0.9933	-0.03727
0.99611	-0.025917
0.998	-0.016173
0.99916	-0.0083797
0.99977	-0.0028771
1	0
0.99981	7.9246e-05
0.99894	-0.0026375
0.99709	-0.0081399
0.99398	-0.016417
0.98934	-0.02746
0.98287	-0.041256
0.9743	-0.057796
0.96335	-0.077068
0.94991	-0.098989
0.93407	-0.12339
0.91596	-0.15009
0.89569	-0.17892
0.87337	-0.20971
0.84911	-0.24227
0.82304	-0.27643
0.79526	-0.31203
0.76595	-0.34885
0.73532	-0.38671
0.70363	-0.42538
0.6711	-0.46466
0.63798	-0.50433
0.6045	-0.54417
0.5709	-0.58399
0.53742	-0.62357
0.50426	-0.66303
0.47156	-0.70307
0.43946	-0.74442
0.40811	-0.78782
0.37764	-0.834
0.34819	-0.8837
0.3199	-0.93766
0.2929	-0.99661
0.26731	-1.0605
0.24318	-1.1276
0.22055	-1.1961
0.19946	-1.2643
0.17995	-1.3303
0.16207	-1.3922
0.14585	-1.4483
0.13135	-1.4968
0.11857	-1.5386
0.10745	-1.5809
0.097932	NaN
0.089937	NaN
0.083399	NaN
0.078249	NaN
0.074419	NaN
0.07184	NaN
0.070426	NaN
0.070045	NaN
0.070561	NaN
0.071833	NaN
0.073724	NaN
0.076095	NaN
0.078808	NaN
0.081724	NaN
0.084713	NaN
0.087671	NaN
0.090497	NaN
0.093092	NaN
0.095356	NaN
0.097189	NaN
0.098491	NaN
0.099163	NaN
0.099129	NaN
0.098408	NaN
0.097036	NaN
0.095054	NaN
0.092498	NaN
0.089407	NaN
0.08582	NaN
0.081775	NaN
0.077317	NaN
0.072527	NaN
0.067492	NaN
0.062302	NaN
0.057045	NaN
0.05181	NaN
0.046686	NaN
0.04176	NaN
0.037114	NaN
0.03279	NaN
0.028818	NaN
0.025225	NaN
0.022043	NaN
0.0193	NaN
0.017026	NaN
0.015249	NaN
0.013991	NaN
0.013211	NaN
0.012849	NaN
0.012844	NaN
0.013135	NaN
0.013661	NaN
0.014361	NaN
0.015174	NaN
0.016043	NaN
0.016924	NaN
0.017786	NaN
0.018593	NaN
0.019313	NaN
0.019911	NaN
0.020354	NaN
0.020608	NaN
0.020643	NaN
0.020465	NaN
0.020097	NaN
0.019562	NaN
0.018884	NaN
0.018084	NaN
0.017188	NaN
0.016217	NaN
0.015194	NaN
0.014139	NaN
0.013065	NaN
0.011988	NaN
0.010924	NaN
0.0098875	NaN
0.0088938	NaN
0.0079581	NaN
0.0070952	NaN
0.0063108	NaN
0.0056049	NaN
0.0049774	NaN
0.0044282	NaN
0.003957	NaN
0.0035639	NaN
0.0032486	NaN
0.0030107	NaN
0.0028451	NaN
0.0027431	NaN
0.0026959	NaN
0.0026946	NaN
0.0027304	NaN
0.0027945	NaN
0.002878	NaN
0.0029723	NaN
0.0030707	NaN
0.0031687	NaN
0.0032619	NaN
0.0033457	NaN
0.0034158	NaN
0.0034676	NaN
0.0034967	NaN
0.0034986	NaN
0.0034724	NaN
0.0034203	NaN
0.0033448	NaN
0.0032483	NaN
0.0031334	NaN
0.0030025	NaN
0.0028581	NaN
0.0027027	NaN
0.002539	NaN
0.0023701	NaN
0.0021993	NaN
0.0020296	NaN
0.0018643	NaN
0.0017063	NaN
0.001559	NaN
0.0014253	NaN
0.0013066	NaN
0.0012015	NaN
0.0011083	NaN
0.0010256	NaN
0.00095179	NaN
0.00088528	NaN
0.00082452	NaN
0.00076796	NaN
0.00071443	NaN
0.00066342	NaN
0.00061447	NaN
0.00056713	NaN
0.00052094	NaN
0.00047544	NaN
0.00043019	NaN
0.00038472	NaN
0.00033897	NaN
0.00029359	NaN
0.00024933	NaN
0.00020693	NaN
0.00016713	NaN
0.00013066	NaN
9.8268e-05	NaN
7.0689e-05	NaN
4.8325e-05	NaN
3.0835e-05	NaN
1.7782e-05	NaN
8.7241e-06	NaN
3.224e-06	NaN
8.4228e-07	NaN
1.1398e-06	NaN
3.6775e-06	NaN
8.0503e-06	NaN
1.394e-05	NaN
2.1043e-05	NaN
2.9054e-05	NaN
3.7669e-05	NaN
4.6584e-05	NaN
5.5494e-05	NaN
6.4096e-05	NaN
7.2121e-05	NaN
7.9403e-05	NaN
8.5801e-05	NaN
9.1169e-05	NaN
9.5365e-05	NaN
9.8245e-05	NaN
9.9665e-05	NaN
9.9481e-05	NaN
9.7623e-05	NaN
9.4285e-05	NaN
8.9716e-05	NaN
8.4169e-05	NaN
7.7895e-05	NaN
7.1143e-05	NaN
6.4166e-05	NaN
5.7214e-05	NaN
5.0506e-05	NaN
4.4123e-05	NaN
3.8111e-05	NaN
3.2515e-05	NaN
2.738e-05	NaN
2.2753e-05	NaN
1.8677e-05	NaN
1.52e-05	NaN
1.2352e-05	NaN
1.009e-05	NaN
8.3498e-06	NaN
7.0675e-06	NaN
6.1782e-06	NaN
5.6174e-06	NaN
5.3206e-06	NaN
5.2231e-06	NaN
5.2653e-06	NaN
5.4158e-06	NaN
5.6535e-06	NaN
5.9575e-06	NaN
6.3066e-06	NaN
6.6797e-06	NaN
7.0559e-06	NaN
7.4141e-06	NaN
7.7339e-06	NaN
8.0007e-06	NaN
8.2022e-06	NaN
8.3258e-06	NaN
8.3594e-06	NaN
8.2904e-06	NaN
8.1065e-06	NaN
7.7953e-06	NaN
7.3479e-06	NaN
6.7824e-06	NaN
6.1309e-06	NaN
5.4254e-06	NaN
4.6978e-06	NaN
3.9803e-06	NaN
3.3048e-06	NaN
2.7033e-06	NaN
2.2052e-06	NaN
1.8118e-06	NaN
1.5084e-06	NaN
1.2803e-06	NaN
1.1125e-06	NaN
9.902e-07	NaN
8.9861e-07	NaN
8.2284e-07	NaN
7.4994e-07	NaN
6.901e-07	NaN
6.6893e-07	NaN
7.1234e-07	NaN
8.4623e-07	NaN
1.0965e-06	NaN
1.4891e-06	NaN
2.0499e-06	NaN
2.8024e-06	NaN
3.7345e-06	NaN
4.8065e-06	NaN
5.9779e-06	NaN
7.2083e-06	NaN
8.4573e-06	NaN
9.6844e-06	NaN
1.0849e-05	NaN
1.1912e-05	NaN
1.2842e-05	NaN
1.3619e-05	NaN
1.4222e-05	NaN
1.463e-05	NaN
1.4822e-05	NaN
1.4778e-05	NaN
1.4476e-05	NaN
1.3897e-05	NaN
1.3067e-05	NaN
1.2052e-05	NaN
1.0925e-05	NaN
9.7559e-06	NaN
8.6156e-06	NaN
7.5747e-06	NaN
6.7043e-06	NaN
6.0735e-06	NaN
5.7063e-06	NaN
5.5719e-06	NaN
5.6365e-06	NaN
5.8665e-06	NaN
6.2281e-06	NaN
6.6874e-06	NaN
7.2107e-06	NaN
7.7642e-06	NaN
8.3158e-06	NaN
8.8351e-06	NaN
9.2921e-06	NaN
9.6567e-06	NaN
9.8989e-06	NaN
9.9885e-06	NaN
9.8955e-06	NaN
9.5903e-06	NaN
9.0695e-06	NaN
8.372e-06	NaN
7.5406e-06	NaN
6.6177e-06	NaN
5.6461e-06	NaN
4.6683e-06	NaN
3.727e-06	NaN
2.8648e-06	NaN
2.1116e-06	NaN
1.4747e-06	NaN
9.5867e-07	NaN
5.682e-07	NaN
3.0792e-07	NaN
1.825e-07	NaN
1.9659e-07	NaN
3.548e-07	NaN
6.5515e-07	NaN
1.0814e-06	NaN
1.6156e-06	NaN
2.2397e-06	NaN
2.9355e-06	NaN
3.6852e-06	NaN
4.4706e-06	NaN
5.2736e-06	NaN
6.0745e-06	NaN
6.849e-06	NaN
7.572e-06	NaN
8.2187e-06	NaN
8.7639e-06	NaN
9.1827e-06	NaN
9.4502e-06	NaN
9.5413e-06	NaN
9.4427e-06	NaN
9.1751e-06	NaN
8.7656e-06	NaN
8.2412e-06	NaN
7.6291e-06	NaN
6.9562e-06	NaN
6.2497e-06	NaN
5.5366e-06	NaN
4.8422e-06	NaN
4.1864e-06	NaN
3.5874e-06	NaN
3.0638e-06	NaN
2.634e-06	NaN
2.3163e-06	NaN
2.1293e-06	NaN
2.0913e-06	NaN
2.2136e-06	NaN
2.4785e-06	NaN
2.8606e-06	NaN
3.3346e-06	NaN
3.8752e-06	NaN
4.4571e-06	NaN
5.055e-06	NaN
5.6437e-06	NaN
6.2e-06	NaN
6.7124e-06	NaN
7.1726e-06	NaN
7.5722e-06	NaN
7.903e-06	NaN
8.1566e-06	NaN
8.3248e-06	NaN
8.3993e-06	NaN
8.3739e-06	NaN
8.2551e-06	NaN
8.0536e-06	NaN
7.7803e-06	NaN
7.446e-06	NaN
7.0614e-06	NaN
6.6374e-06	NaN
6.1847e-06	NaN
5.714e-06	NaN
5.2337e-06	NaN
4.7516e-06	NaN
4.2756e-06	NaN
3.8134e-06	NaN
3.3727e-06	NaN
2.9614e-06	NaN
2.5871e-06	NaN
2.2568e-06	NaN
1.9695e-06	NaN
1.7207e-06	NaN
1.5057e-06	NaN
1.3199e-06	NaN
1.1587e-06	NaN
1.0176e-06	NaN
8.9177e-07	NaN
7.7703e-07	NaN
6.7203e-07	NaN
5.7715e-07	NaN
4.9276e-07	NaN
4.1925e-07	NaN
3.5702e-07	NaN
3.0645e-07	NaN
2.6792e-07	NaN
2.4173e-07	NaN
2.2702e-07	NaN
2.2216e-07	NaN
2.2552e-07	NaN
2.3547e-07	NaN
2.5038e-07	NaN
2.6862e-07	NaN
2.8856e-07	NaN
3.0862e-07	NaN
3.2798e-07	NaN
3.4644e-07	NaN
3.6378e-07	NaN
3.798e-07	NaN
3.9429e-07	NaN
4.0703e-07	NaN
4.1784e-07	NaN
4.2649e-07	NaN
4.3296e-07	NaN
4.3731e-07	NaN
4.3963e-07	NaN
4.4e-07	NaN
4.3851e-07	NaN
4.3524e-07	NaN
4.3029e-07	NaN
4.2371e-07	NaN
4.1536e-07	NaN
4.0487e-07	NaN
3.9184e-07	NaN
3.7588e-07	NaN
3.5661e-07	NaN
3.3363e-07	NaN
3.0656e-07	NaN
2.7504e-07	NaN
2.3963e-07	NaN
2.0197e-07	NaN
1.6378e-07	NaN
1.2675e-07	NaN
9.2599e-08	NaN
6.3022e-08	NaN
3.9727e-08	NaN
2.4405e-08	NaN
1.8098e-08	NaN
2.0977e-08	NaN
3.3153e-08	NaN
5.4736e-08	NaN
8.5835e-08	NaN
1.2656e-07	NaN
1.7702e-07	NaN
2.3731e-07	NaN
3.0632e-07	NaN
3.8106e-07	NaN
4.584e-07	NaN
5.352e-07	NaN
6.0831e-07	NaN
6.7458e-07	NaN
7.3089e-07	NaN
7.7411e-07	NaN
8.0247e-07	NaN
8.1673e-07	NaN
8.1789e-07	NaN
8.0697e-07	NaN
7.8496e-07	NaN
7.5288e-07	NaN
7.1173e-07	NaN
6.6253e-07	NaN
6.0658e-07	NaN
5.4585e-07	NaN
4.8237e-07	NaN
4.1818e-07	NaN
3.5533e-07	NaN
2.9585e-07	NaN
2.4177e-07	NaN
1.9515e-07	NaN
1.5724e-07	NaN
1.2741e-07	NaN
1.0475e-07	NaN
8.8335e-08	NaN
7.725e-08	NaN
7.0576e-08	NaN
6.7396e-08	NaN
6.6794e-08	NaN
6.8002e-08	NaN
7.0696e-08	NaN
7.4626e-08	NaN
7.9545e-08	NaN
8.5204e-08	NaN
9.1355e-08	NaN
9.7751e-08	NaN
1.0414e-07	NaN
1.1028e-07	NaN
1.1592e-07	NaN
1.2081e-07	NaN
1.2471e-07	NaN
1.2736e-07	NaN
1.2852e-07	NaN
1.2793e-07	NaN
1.2536e-07	NaN
1.755e-07	NaN
1.8753e-07	NaN
1.9566e-07	NaN
2.0021e-07	NaN
2.0149e-07	NaN
