1.0627e-07	NaN
1.0153e-07	NaN
9.0586e-08	NaN
9.075e-08	NaN
1.009e-07	NaN
1.1993e-07	NaN
1.4671e-07	NaN
1.8012e-07	NaN
2.1905e-07	NaN
2.6238e-07	NaN
3.09e-07	NaN
3.5778e-07	NaN
4.076e-07	NaN
4.5736e-07	NaN
5.0592e-07	NaN
5.5218e-07	NaN
5.9501e-07	NaN
6.333e-07	NaN
6.6602e-07	NaN
6.9265e-07	NaN
7.1282e-07	NaN
7.262e-07	NaN
7.3243e-07	NaN
7.3116e-07	NaN
7.2204e-07	NaN
7.0472e-07	NaN
6.7901e-07	NaN
6.4586e-07	NaN
6.0665e-07	NaN
5.6278e-07	NaN
5.1565e-07	NaN
4.6664e-07	NaN
4.1716e-07	NaN
3.6859e-07	NaN
3.2228e-07	NaN
2.7922e-07	NaN
2.4021e-07	NaN
2.0607e-07	NaN
1.7761e-07	NaN
1.5562e-07	NaN
1.4093e-07	NaN
1.3433e-07	NaN
1.3654e-07	NaN
1.4719e-07	NaN
1.6535e-07	NaN
1.9009e-07	NaN
2.2045e-07	NaN
2.555e-07	NaN
2.9431e-07	NaN
3.3592e-07	NaN
3.7935e-07	NaN
4.2303e-07	NaN
4.6499e-07	NaN
5.0329e-07	NaN
5.3595e-07	NaN
5.6103e-07	NaN
5.7657e-07	NaN
5.806e-07	NaN
5.7135e-07	NaN
5.4955e-07	NaN
5.1782e-07	NaN
4.7881e-07	NaN
4.3517e-07	NaN
3.8956e-07	NaN
3.4462e-07	NaN
3.0302e-07	NaN
2.6732e-07	NaN
2.3851e-07	NaN
2.1621e-07	NaN
2.0001e-07	NaN
1.8951e-07	NaN
1.843e-07	NaN
1.8396e-07	NaN
1.8808e-07	NaN
1.9626e-07	NaN
2.0796e-07	NaN
2.226e-07	NaN
2.3956e-07	NaN
2.5823e-07	NaN
2.7801e-07	NaN
2.9827e-07	NaN
3.1841e-07	NaN
3.3785e-07	NaN
3.569e-07	NaN
3.7687e-07	NaN
3.9914e-07	NaN
4.2508e-07	NaN
4.5607e-07	NaN
4.9347e-07	NaN
5.3866e-07	NaN
5.93e-07	NaN
6.5725e-07	NaN
7.3137e-07	NaN
8.1527e-07	NaN
9.0886e-07	NaN
1.0121e-06	NaN
1.1248e-06	NaN
1.2469e-06	NaN
1.3784e-06	NaN
1.5206e-06	NaN
1.677e-06	NaN
1.8512e-06	NaN
2.047e-06	NaN
2.268e-06	NaN
2.5178e-06	NaN
2.8001e-06	NaN
3.1187e-06	NaN
3.4745e-06	NaN
3.8641e-06	NaN
4.2838e-06	NaN
4.7296e-06	NaN
5.1977e-06	NaN
5.6841e-06	NaN
6.1851e-06	NaN
6.6968e-06	NaN
7.2115e-06	NaN
7.7143e-06	NaN
8.1892e-06	NaN
8.6201e-06	NaN
8.9911e-06	NaN
9.2862e-06	NaN
9.4893e-06	NaN
9.5846e-06	NaN
9.5677e-06	NaN
9.462e-06	NaN
9.2952e-06	NaN
9.0951e-06	NaN
8.889e-06	NaN
8.7048e-06	NaN
8.57e-06	NaN
8.5123e-06	NaN
8.5597e-06	NaN
8.7415e-06	NaN
9.0872e-06	NaN
9.6261e-06	NaN
1.0388e-05	NaN
1.1402e-05	NaN
1.2698e-05	NaN
1.4304e-05	NaN
1.6258e-05	NaN
1.8614e-05	NaN
2.1432e-05	NaN
2.4772e-05	NaN
2.8693e-05	NaN
3.3256e-05	NaN
3.8521e-05	NaN
4.4546e-05	NaN
5.14e-05	NaN
5.918e-05	NaN
6.7993e-05	NaN
7.7944e-05	NaN
8.9139e-05	NaN
0.00010168	NaN
0.00011568	NaN
0.00013124	NaN
0.00014846	NaN
0.00016741	NaN
0.00018816	NaN
0.00021076	NaN
0.0002353	NaN
0.00026181	NaN
0.00029038	NaN
0.00032107	NaN
0.00035389	NaN
0.00038863	NaN
0.00042499	NaN
0.00046266	NaN
0.00050136	NaN
0.00054077	NaN
0.0005806	NaN
0.00062056	NaN
0.0006603	NaN
0.00069933	NaN
0.00073704	NaN
0.00077286	NaN
0.0008062	NaN
0.00083647	NaN
0.00086308	NaN
0.00088545	NaN
0.00090304	NaN
0.00091568	NaN
0.00092337	NaN
0.00092613	NaN
0.00092394	NaN
0.00091684	NaN
0.0009048	NaN
0.00088786	NaN
0.00086603	NaN
0.00083974	NaN
0.00080956	NaN
0.00077609	NaN
0.00073993	NaN
0.00070166	NaN
0.00066189	NaN
0.0006212	NaN
0.00058018	NaN
0.00053928	NaN
0.00049887	NaN
0.00045932	NaN
0.00042099	NaN
0.00038425	NaN
0.00034948	NaN
0.00031704	NaN
0.00028731	NaN
0.00026087	NaN
0.0002384	NaN
0.00022061	NaN
0.00020821	NaN
0.00020189	NaN
0.00020235	NaN
0.00021031	NaN
0.00022643	NaN
0.00025098	NaN
0.00028389	NaN
0.00032506	NaN
0.0003744	NaN
0.00043182	NaN
0.00049723	NaN
0.00057053	NaN
0.00065164	NaN
0.00074033	NaN
0.00083629	NaN
0.00093918	NaN
0.0010487	NaN
0.0011644	NaN
0.0012861	NaN
0.0014134	NaN
0.001546	NaN
0.0016835	NaN
0.0018255	NaN
0.0019715	NaN
0.0021212	NaN
0.0022742	NaN
0.0024299	NaN
0.002588	NaN
0.0027481	NaN
0.0029096	NaN
0.003072	NaN
0.0032347	NaN
0.003397	NaN
0.0035584	NaN
0.0037182	NaN
0.0038758	NaN
0.0040307	NaN
0.0041821	NaN
0.0043295	NaN
0.004472	NaN
0.004609	NaN
0.0047399	NaN
0.0048639	NaN
0.0049804	NaN
0.0050886	NaN
0.0051878	NaN
0.0052773	NaN
0.0053562	NaN
0.0054238	NaN
0.0054793	NaN
0.005522	NaN
0.0055509	NaN
0.0055654	NaN
0.0055652	NaN
0.0055512	NaN
0.0055244	NaN
0.0054856	NaN
0.005436	NaN
0.0053765	NaN
0.0053081	NaN
0.0052318	NaN
0.0051485	NaN
0.0050591	NaN
0.0049644	NaN
0.0048654	NaN
0.0047628	NaN
0.0046576	NaN
0.0045505	NaN
0.0044425	NaN
0.0043342	NaN
0.0042255	NaN
0.0041163	NaN
0.0040065	NaN
0.003896	NaN
0.0037845	NaN
0.003672	NaN
0.0035583	NaN
0.0034433	NaN
0.0033268	NaN
0.0032086	NaN
0.0030886	NaN
0.0029665	NaN
0.0028421	NaN
0.0027154	NaN
0.0025859	NaN
0.0024539	NaN
0.0023197	NaN
0.0021841	NaN
0.0020479	NaN
0.0019117	NaN
0.0017762	NaN
0.0016422	NaN
0.0015102	NaN
0.0013812	NaN
0.0012555	NaN
0.0011338	NaN
0.0010166	NaN
0.00090441	NaN
0.00079786	NaN
0.00069746	NaN
0.00060377	NaN
0.00051729	NaN
0.00043825	NaN
0.0003668	NaN
0.00030309	NaN
0.00024728	NaN
0.0001995	NaN
0.00015992	NaN
0.00012869	NaN
0.00010584	NaN
9.081e-05	NaN
8.277e-05	NaN
8.0899e-05	NaN
8.4374e-05	NaN
9.237e-05	NaN
0.00010407	NaN
0.00011864	NaN
0.00013531	NaN
0.00015364	NaN
0.00017335	NaN
0.00019415	NaN
0.00021575	NaN
0.00023788	NaN
0.00026026	NaN
0.00028259	NaN
0.0003046	NaN
0.00032616	NaN
0.0003472	NaN
0.00036763	NaN
0.00038737	NaN
0.00040637	NaN
0.00042454	NaN
0.00044181	NaN
0.00045809	NaN
0.00047318	NaN
0.00048682	NaN
0.00049873	NaN
0.00050865	NaN
0.00051629	NaN
0.0005214	NaN
0.0005237	NaN
0.00052294	NaN
0.00051928	NaN
0.00051311	NaN
0.00050485	NaN
0.00049493	NaN
0.00048376	NaN
0.00047174	NaN
0.00045931	NaN
0.00044686	NaN
0.00043461	NaN
0.00042262	NaN
0.00041093	NaN
0.00039961	NaN
0.00038869	NaN
0.00037824	NaN
0.00036831	NaN
0.00035894	NaN
0.00034998	NaN
0.00034114	NaN
0.00033208	NaN
0.00032248	NaN
0.00031204	NaN
0.00030042	NaN
0.00028731	NaN
0.0002724	NaN
0.00025572	NaN
0.00023769	NaN
0.00021875	NaN
0.00019932	NaN
0.00017983	NaN
0.00016072	NaN
0.00014242	NaN
0.00012537	NaN
0.00011	NaN
9.6789e-05	NaN
8.6189e-05	NaN
7.8667e-05	NaN
7.4685e-05	NaN
7.4706e-05	NaN
7.9195e-05	NaN
8.8605e-05	NaN
0.00010295	NaN
0.00012158	NaN
0.0001438	NaN
0.00016893	NaN
0.00019627	NaN
0.00022511	NaN
0.00025478	NaN
0.00028458	NaN
0.00031407	NaN
0.00034327	NaN
0.00037223	NaN
0.00040101	NaN
0.00042965	NaN
0.00045821	NaN
0.00048675	NaN
0.00051531	NaN
0.00054387	NaN
0.00057227	NaN
0.0006003	NaN
0.00062777	NaN
0.00065451	NaN
0.0006803	NaN
0.00070497	NaN
0.00072831	NaN
0.00074995	NaN
0.00076902	NaN
0.00078461	NaN
0.0007958	NaN
0.00080168	NaN
0.00080132	NaN
0.00079382	NaN
0.00077825	NaN
0.00075416	NaN
0.00072228	NaN
0.00068359	NaN
0.00063903	NaN
0.00058956	NaN
0.00053614	NaN
0.00047972	NaN
0.00042125	NaN
0.00036189	NaN
0.00030343	NaN
0.00024774	NaN
0.00019675	NaN
0.00015234	NaN
0.00011641	NaN
9.0875e-05	NaN
7.7623e-05	NaN
7.9765e-05	NaN
0.00010491	NaN
0.00016173	NaN
0.00025887	NaN
0.00040501	NaN
0.00060879	NaN
0.00087889	NaN
0.001224	NaN
0.0016547	NaN
0.0021905	NaN
0.0028533	NaN
0.003665	NaN
0.0046475	NaN
0.0058226	NaN
0.0072123	NaN
0.0088385	NaN
0.010727	NaN
0.012922	NaN
0.015476	NaN
0.01844	NaN
0.021865	NaN
0.025803	NaN
0.030305	NaN
0.035422	NaN
0.041206	NaN
0.04771	NaN
0.054986	NaN
0.063086	NaN
0.072064	NaN
0.081973	NaN
0.092864	NaN
0.10479	-0.61175
0.1178	-0.60846
0.13192	-0.60439
0.14715	-0.59951
0.16351	-0.59379
0.181	-0.58719
0.19963	-0.57968
0.21942	-0.57124
0.24036	-0.56182
0.26246	-0.5514
0.28564	-0.53999
0.30978	-0.52762
0.33476	-0.51431
0.36044	-0.5001
0.38672	-0.485
0.41347	-0.46905
0.44056	-0.45228
0.46789	-0.43471
0.49538	-0.41641
0.523	-0.39744
0.55071	-0.3779
0.5785	-0.35784
0.60632	-0.33735
0.63414	-0.31651
0.66193	-0.29539
0.68964	-0.27406
0.71717	-0.25264
0.74434	-0.23126
0.77097	-0.21006
0.79689	-0.18918
0.82193	-0.16874
0.8459	-0.14889
0.86864	-0.12975
0.88997	-0.11147
0.90976	-0.094162
0.92788	-0.077935
0.94423	-0.0629
0.95869	-0.049165
0.97116	-0.036841
0.98151	-0.026036
0.98964	-0.01686
0.99543	-0.00942
0.99887	-0.0037876
1	0
0.99887	0.0019067
0.99554	0.0018964
0.99006	-6.7093e-05
0.98248	-0.0040198
0.97285	-0.0099978
0.96124	-0.018036
0.94777	-0.028146
0.93267	-0.040312
0.91616	-0.054517
0.89848	-0.070745
0.87985	-0.088979
0.8605	-0.1092
0.84065	-0.1314
0.82052	-0.15555
0.80025	-0.18157
0.77982	-0.20931
0.75923	-0.2386
0.73846	-0.26928
0.71751	-0.30119
0.69637	-0.33417
0.67501	-0.36805
0.65344	-0.40267
0.63161	-0.4382
0.60944	-0.47524
0.58684	-0.51443
0.56373	-0.55643
0.54002	-0.60186
0.51562	-0.65138
0.49045	-0.70563
0.46442	-0.76523
0.43757	-0.82977
0.41015	-0.89711
0.38241	-0.96493
0.35463	-1.0309
0.32706	-1.0928
0.29996	-1.1482
0.27361	-1.1949
0.24825	-1.2305
0.22411	-1.2565
0.20129	-1.2813
0.17988	-1.3143
0.16	-1.3646
0.14172	-1.4416
0.12516	-1.5546
0.1104	-1.7128
0.097553	NaN
0.086632	NaN
0.077499	NaN
0.069987	NaN
0.063934	NaN
0.059173	NaN
0.05554	NaN
0.052871	NaN
0.051001	NaN
0.04979	NaN
0.049167	NaN
0.04907	NaN
0.049438	NaN
0.05021	NaN
0.051324	NaN
0.052719	NaN
0.054335	NaN
0.056113	NaN
0.058009	NaN
0.059983	NaN
0.06199	NaN
0.06399	NaN
0.06594	NaN
0.067798	NaN
0.069523	NaN
0.071073	NaN
0.072411	NaN
0.073499	NaN
0.074301	NaN
0.07478	NaN
0.074898	NaN
0.074619	NaN
0.073906	NaN
0.072733	NaN
0.071126	NaN
0.069125	NaN
0.066768	NaN
0.064095	NaN
0.061144	NaN
0.057955	NaN
0.054566	NaN
0.051018	NaN
0.047356	NaN
0.043624	NaN
0.039869	NaN
0.036137	NaN
0.032474	NaN
0.028924	NaN
0.025535	NaN
0.022347	NaN
0.01938	NaN
0.016643	NaN
0.014145	NaN
0.011896	NaN
0.0099062	NaN
0.0081842	NaN
0.0067399	NaN
0.0055804	NaN
0.0046944	NaN
0.0040628	NaN
0.0036664	NaN
0.0034861	NaN
0.0035026	NaN
0.0036968	NaN
0.0040495	NaN
0.0045417	NaN
0.0051559	NaN
0.005875	NaN
0.0066823	NaN
0.0075608	NaN
0.0084936	NaN
0.0094639	NaN
0.010455	NaN
0.01145	NaN
0.012437	NaN
0.013407	NaN
0.01435	NaN
0.015257	NaN
0.016119	NaN
0.016926	NaN
0.01767	NaN
0.01834	NaN
0.018934	NaN
0.019449	NaN
0.019886	NaN
0.020244	NaN
0.020521	NaN
0.020717	NaN
0.020832	NaN
0.020864	NaN
0.020817	NaN
0.020696	NaN
0.020506	NaN
0.020253	NaN
0.019944	NaN
0.019582	NaN
0.019175	NaN
0.018726	NaN
0.018243	NaN
0.01773	NaN
0.017192	NaN
0.016636	NaN
0.016065	NaN
0.015487	NaN
0.014905	NaN
0.014326	NaN
0.013753	NaN
0.013188	NaN
0.012633	NaN
0.01209	NaN
0.011561	NaN
0.011049	NaN
0.010554	NaN
0.010079	NaN
0.0096253	NaN
0.0091944	NaN
0.0087869	NaN
0.008404	NaN
0.0080467	NaN
0.007716	NaN
0.0074128	NaN
0.0071383	NaN
0.0068918	NaN
0.0066704	NaN
0.0064712	NaN
0.006291	NaN
0.006127	NaN
0.0059761	NaN
0.0058353	NaN
0.0057016	NaN
0.0055726	NaN
0.0054471	NaN
0.005324	NaN
0.0052022	NaN
0.0050805	NaN
0.0049577	NaN
0.0048328	NaN
0.0047045	NaN
0.0045728	NaN
0.0044392	NaN
0.0043054	NaN
0.0041733	NaN
0.0040447	NaN
0.0039212	NaN
0.0038047	NaN
0.003697	NaN
0.003599	NaN
0.00351	NaN
0.0034292	NaN
0.0033556	NaN
0.0032883	NaN
0.0032262	NaN
0.0031686	NaN
0.0031145	NaN
0.0030628	NaN
0.0030125	NaN
0.0029625	NaN
0.0029115	NaN
0.0028584	NaN
0.0028022	NaN
0.0027416	NaN
0.0026755	NaN
0.0026033	NaN
0.0025258	NaN
0.0024443	NaN
0.0023599	NaN
0.0022738	NaN
0.0021871	NaN
0.002101	NaN
0.0020168	NaN
0.0019352	NaN
0.0018563	NaN
0.0017797	NaN
0.0017053	NaN
0.0016327	NaN
0.0015617	NaN
0.0014919	NaN
0.0014233	NaN
0.0013553	NaN
0.001288	NaN
0.0012211	NaN
0.0011543	NaN
0.0010875	NaN
0.0010206	NaN
0.00095322	NaN
0.00088529	NaN
0.0008167	NaN
0.00074791	NaN
0.00067956	NaN
0.00061229	NaN
0.00054672	NaN
0.0004835	NaN
0.00042325	NaN
0.00036663	NaN
0.00031418	NaN
0.00026603	NaN
0.00022214	NaN
0.00018249	NaN
0.00014702	NaN
0.00011572	NaN
8.8542e-05	NaN
6.5452e-05	NaN
4.6389e-05	NaN
3.1115e-05	NaN
1.9313e-05	NaN
1.0669e-05	NaN
4.8664e-06	NaN
1.59e-06	NaN
5.24e-07	NaN
1.3528e-06	NaN
3.7615e-06	NaN
7.4406e-06	NaN
1.2084e-05	NaN
1.7384e-05	NaN
2.3034e-05	NaN
2.8729e-05	NaN
3.4161e-05	NaN
3.9023e-05	NaN
4.3032e-05	NaN
4.6121e-05	NaN
4.8352e-05	NaN
4.9787e-05	NaN
5.049e-05	NaN
5.0523e-05	NaN
4.9949e-05	NaN
4.8831e-05	NaN
4.7232e-05	NaN
4.5227e-05	NaN
4.2901e-05	NaN
4.0335e-05	NaN
3.7613e-05	NaN
3.4819e-05	NaN
3.2036e-05	NaN
2.9347e-05	NaN
2.6831e-05	NaN
2.4523e-05	NaN
2.2417e-05	NaN
2.051e-05	NaN
1.8796e-05	NaN
1.7271e-05	NaN
1.5931e-05	NaN
1.4769e-05	NaN
1.3782e-05	NaN
1.2963e-05	NaN
1.2303e-05	NaN
1.1795e-05	NaN
1.1429e-05	NaN
1.1199e-05	NaN
1.1095e-05	NaN
1.1109e-05	NaN
1.1233e-05	NaN
1.1448e-05	NaN
1.1729e-05	NaN
1.2046e-05	NaN
1.2373e-05	NaN
1.2682e-05	NaN
1.2945e-05	NaN
1.3136e-05	NaN
1.3226e-05	NaN
1.3203e-05	NaN
1.3068e-05	NaN
1.2826e-05	NaN
1.248e-05	NaN
1.2033e-05	NaN
1.149e-05	NaN
1.0853e-05	NaN
1.0128e-05	NaN
9.3257e-06	NaN
8.4742e-06	NaN
7.6006e-06	NaN
6.7325e-06	NaN
5.8972e-06	NaN
5.1223e-06	NaN
4.4353e-06	NaN
3.8633e-06	NaN
3.4188e-06	NaN
3.0902e-06	NaN
2.8639e-06	NaN
2.7264e-06	NaN
2.664e-06	NaN
2.6633e-06	NaN
2.7105e-06	NaN
2.7921e-06	NaN
2.8963e-06	NaN
3.0148e-06	NaN
3.1395e-06	NaN
3.2622e-06	NaN
3.375e-06	NaN
3.4698e-06	NaN
3.5385e-06	NaN
3.5731e-06	NaN
3.57e-06	NaN
3.5351e-06	NaN
3.4754e-06	NaN
3.3982e-06	NaN
3.3106e-06	NaN
3.2197e-06	NaN
3.1327e-06	NaN
3.0566e-06	NaN
2.9957e-06	NaN
2.9463e-06	NaN
2.9039e-06	NaN
2.8637e-06	NaN
2.8211e-06	NaN
2.7714e-06	NaN
2.71e-06	NaN
2.6322e-06	NaN
2.535e-06	NaN
2.4209e-06	NaN
2.2931e-06	NaN
2.1549e-06	NaN
2.0096e-06	NaN
1.8605e-06	NaN
1.7108e-06	NaN
1.5639e-06	NaN
1.423e-06	NaN
1.2912e-06	NaN
1.1717e-06	NaN
1.0676e-06	NaN
9.8197e-07	NaN
9.18e-07	NaN
8.7878e-07	NaN
8.6743e-07	NaN
8.859e-07	NaN
9.3139e-07	NaN
9.9986e-07	NaN
1.0873e-06	NaN
1.1896e-06	NaN
1.3029e-06	NaN
1.423e-06	NaN
1.5459e-06	NaN
1.6679e-06	NaN
1.7858e-06	NaN
1.8969e-06	NaN
1.9985e-06	NaN
2.0879e-06	NaN
2.1622e-06	NaN
2.2188e-06	NaN
2.2549e-06	NaN
2.2681e-06	NaN
2.2579e-06	NaN
2.2243e-06	NaN
2.1676e-06	NaN
2.0878e-06	NaN
1.9851e-06	NaN
1.8596e-06	NaN
1.7115e-06	NaN
1.5415e-06	NaN
1.355e-06	NaN
1.1591e-06	NaN
9.6097e-07	NaN
7.6787e-07	NaN
5.8695e-07	NaN
4.2538e-07	NaN
2.9036e-07	NaN
1.8841e-07	NaN
1.2079e-07	NaN
8.6218e-08	NaN
8.3371e-08	NaN
1.1094e-07	NaN
1.6762e-07	NaN
2.5209e-07	NaN
3.6304e-07	NaN
4.989e-07	NaN
6.5548e-07	NaN
8.2712e-07	NaN
1.0082e-06	NaN
1.193e-06	NaN
1.3758e-06	NaN
1.551e-06	NaN
1.713e-06	NaN
1.8562e-06	NaN
1.978e-06	NaN
2.0773e-06	NaN
2.1531e-06	NaN
2.2045e-06	NaN
2.2305e-06	NaN
2.2301e-06	NaN
2.2024e-06	NaN
2.1465e-06	NaN
2.0642e-06	NaN
1.9594e-06	NaN
1.8358e-06	NaN
1.6971e-06	NaN
1.5474e-06	NaN
1.3902e-06	NaN
1.2296e-06	NaN
1.0691e-06	NaN
9.12e-07	NaN
7.607e-07	NaN
6.1771e-07	NaN
4.8552e-07	NaN
3.6661e-07	NaN
2.6347e-07	NaN
1.7857e-07	NaN
1.1429e-07	NaN
7.0357e-08	NaN
4.3795e-08	NaN
3.153e-08	NaN
3.0481e-08	NaN
3.7568e-08	NaN
4.9711e-08	NaN
6.3828e-08	NaN
7.6894e-08	NaN
8.7521e-08	NaN
9.6232e-08	NaN
1.0366e-07	NaN
1.1045e-07	NaN
1.1721e-07	NaN
1.246e-07	NaN
1.3324e-07	NaN
1.4375e-07	NaN
1.5631e-07	NaN
1.705e-07	NaN
1.8584e-07	NaN
2.0186e-07	NaN
2.1811e-07	NaN
2.341e-07	NaN
2.4936e-07	NaN
2.6344e-07	NaN
2.7585e-07	NaN
2.8608e-07	NaN
2.9363e-07	NaN
2.98e-07	NaN
2.9869e-07	NaN
2.9519e-07	NaN
2.8701e-07	NaN
2.7363e-07	NaN
2.5513e-07	NaN
2.3256e-07	NaN
2.0709e-07	NaN
1.799e-07	NaN
1.5214e-07	NaN
1.2499e-07	NaN
9.9617e-08	NaN
7.7187e-08	NaN
5.8446e-08	NaN
4.3255e-08	NaN
3.1363e-08	NaN
2.252e-08	NaN
1.6475e-08	NaN
1.2977e-08	NaN
1.1775e-08	NaN
1.2618e-08	NaN
1.5248e-08	NaN
1.9388e-08	NaN
2.4758e-08	NaN
3.1078e-08	NaN
3.8067e-08	NaN
4.5447e-08	NaN
5.2936e-08	NaN
6.0255e-08	NaN
6.7183e-08	NaN
7.3668e-08	NaN
7.969e-08	NaN
8.5227e-08	NaN
9.0259e-08	NaN
9.4764e-08	NaN
9.8723e-08	NaN
1.0211e-07	NaN
1.0491e-07	NaN
1.0711e-07	NaN
1.0867e-07	NaN
1.0957e-07	NaN
1.0981e-07	NaN
1.0935e-07	NaN
1.0818e-07	NaN
