1.9257e-07	NaN
1.9598e-07	NaN
2.0024e-07	NaN
2.0511e-07	NaN
2.1034e-07	NaN
2.157e-07	NaN
2.2094e-07	NaN
2.2583e-07	NaN
2.3012e-07	NaN
2.3356e-07	NaN
2.3592e-07	NaN
2.3696e-07	NaN
2.3644e-07	NaN
2.341e-07	NaN
2.2976e-07	NaN
2.2347e-07	NaN
2.1536e-07	NaN
2.0557e-07	NaN
1.9424e-07	NaN
1.815e-07	NaN
1.675e-07	NaN
1.5236e-07	NaN
1.3625e-07	NaN
1.1953e-07	NaN
1.0263e-07	NaN
8.5959e-08	NaN
6.9961e-08	NaN
5.5059e-08	NaN
4.1681e-08	NaN
3.0254e-08	NaN
2.115e-08	NaN
1.4277e-08	NaN
9.3292e-09	NaN
5.998e-09	NaN
3.9749e-09	NaN
2.9513e-09	NaN
2.6187e-09	NaN
2.6688e-09	NaN
2.8247e-09	NaN
3.1111e-09	NaN
3.7192e-09	NaN
4.842e-09	NaN
6.6722e-09	NaN
9.4028e-09	NaN
1.3227e-08	NaN
1.8337e-08	NaN
2.4883e-08	NaN
3.2521e-08	NaN
4.059e-08	NaN
4.8424e-08	NaN
5.5357e-08	NaN
6.0723e-08	NaN
6.3855e-08	NaN
6.4088e-08	NaN
6.0821e-08	NaN
5.4366e-08	NaN
4.5717e-08	NaN
3.588e-08	NaN
2.5865e-08	NaN
1.6679e-08	NaN
9.3315e-09	NaN
4.8294e-09	NaN
4.1496e-09	NaN
7.7093e-09	NaN
1.5446e-08	NaN
2.7282e-08	NaN
4.314e-08	NaN
6.2942e-08	NaN
8.6609e-08	NaN
1.1406e-07	NaN
1.452e-07	NaN
1.7925e-07	NaN
2.1481e-07	NaN
2.5041e-07	NaN
2.8463e-07	NaN
3.1602e-07	NaN
3.4313e-07	NaN
3.6452e-07	NaN
3.7877e-07	NaN
3.8544e-07	NaN
3.8516e-07	NaN
3.7863e-07	NaN
3.6655e-07	NaN
3.4963e-07	NaN
3.2856e-07	NaN
3.0404e-07	NaN
2.768e-07	NaN
2.4851e-07	NaN
2.2214e-07	NaN
2.0071e-07	NaN
1.8726e-07	NaN
1.8483e-07	NaN
1.9646e-07	NaN
2.2518e-07	NaN
2.7401e-07	NaN
3.4481e-07	NaN
4.3764e-07	NaN
5.5243e-07	NaN
6.8912e-07	NaN
8.4761e-07	NaN
1.0278e-06	NaN
1.2297e-06	NaN
1.4533e-06	NaN
1.7036e-06	NaN
1.9948e-06	NaN
2.3421e-06	NaN
2.7606e-06	NaN
3.2654e-06	NaN
3.8717e-06	NaN
4.5946e-06	NaN
5.4491e-06	NaN
6.4451e-06	NaN
7.5815e-06	NaN
8.8558e-06	NaN
1.0265e-05	NaN
1.1808e-05	NaN
1.3481e-05	NaN
1.5282e-05	NaN
1.7209e-05	NaN
1.9253e-05	NaN
2.1391e-05	NaN
2.3599e-05	NaN
2.5851e-05	NaN
2.8122e-05	NaN
3.0389e-05	NaN
3.2625e-05	NaN
3.4806e-05	NaN
3.6916e-05	NaN
3.8963e-05	NaN
4.096e-05	NaN
4.2919e-05	NaN
4.4854e-05	NaN
4.6776e-05	NaN
4.8699e-05	NaN
5.0635e-05	NaN
5.2592e-05	NaN
5.4564e-05	NaN
5.6542e-05	NaN
5.8515e-05	NaN
6.0473e-05	NaN
6.2407e-05	NaN
6.4308e-05	NaN
6.6166e-05	NaN
6.7979e-05	NaN
6.9782e-05	NaN
7.1617e-05	NaN
7.3527e-05	NaN
7.5554e-05	NaN
7.7741e-05	NaN
8.013e-05	NaN
8.2764e-05	NaN
8.571e-05	NaN
8.9161e-05	NaN
9.3343e-05	NaN
9.8481e-05	NaN
0.0001048	NaN
0.00011253	NaN
0.00012189	NaN
0.00013312	NaN
0.00014642	NaN
0.00016197	NaN
0.00017991	NaN
0.00020039	NaN
0.00022356	NaN
0.00024958	NaN
0.00027858	NaN
0.00031073	NaN
0.00034607	NaN
0.0003841	NaN
0.00042407	NaN
0.00046522	NaN
0.00050681	NaN
0.0005481	NaN
0.00058834	NaN
0.00062677	NaN
0.00066269	NaN
0.00069555	NaN
0.00072492	NaN
0.00075036	NaN
0.00077142	NaN
0.00078768	NaN
0.00079869	NaN
0.00080402	NaN
0.00080328	NaN
0.00079676	NaN
0.00078508	NaN
0.00076885	NaN
0.00074871	NaN
0.00072527	NaN
0.00069916	NaN
0.00067099	NaN
0.00064138	NaN
0.00061071	NaN
0.0005792	NaN
0.0005471	NaN
0.00051466	NaN
0.00048209	NaN
0.00044965	NaN
0.00041756	NaN
0.00038609	NaN
0.0003558	NaN
0.00032749	NaN
0.00030195	NaN
0.00027998	NaN
0.00026237	NaN
0.00024992	NaN
0.00024342	NaN
0.00024365	NaN
0.00025094	NaN
0.00026527	NaN
0.00028663	NaN
0.00031497	NaN
0.00035027	NaN
0.0003925	NaN
0.00044162	NaN
0.00049761	NaN
0.00056035	NaN
0.00062965	NaN
0.0007053	NaN
0.00078712	NaN
0.0008749	NaN
0.00096846	NaN
0.0010676	NaN
0.0011721	NaN
0.0012816	NaN
0.0013954	NaN
0.0015131	NaN
0.0016339	NaN
0.0017573	NaN
0.0018827	NaN
0.0020094	NaN
0.0021369	NaN
0.0022647	NaN
0.0023922	NaN
0.0025192	NaN
0.0026452	NaN
0.0027699	NaN
0.0028928	NaN
0.0030135	NaN
0.0031316	NaN
0.003247	NaN
0.0033599	NaN
0.0034704	NaN
0.0035788	NaN
0.0036854	NaN
0.0037902	NaN
0.0038935	NaN
0.0039956	NaN
0.0040966	NaN
0.0041964	NaN
0.004295	NaN
0.0043924	NaN
0.0044885	NaN
0.0045833	NaN
0.0046767	NaN
0.0047687	NaN
0.0048592	NaN
0.0049482	NaN
0.0050357	NaN
0.0051216	NaN
0.0052059	NaN
0.0052884	NaN
0.0053692	NaN
0.0054482	NaN
0.0055253	NaN
0.0055999	NaN
0.0056718	NaN
0.0057403	NaN
0.0058051	NaN
0.0058656	NaN
0.0059215	NaN
0.0059722	NaN
0.0060175	NaN
0.0060574	NaN
0.006092	NaN
0.0061215	NaN
0.006146	NaN
0.0061657	NaN
0.0061806	NaN
0.0061909	NaN
0.0061968	NaN
0.0061981	NaN
0.0061948	NaN
0.0061868	NaN
0.0061742	NaN
0.0061568	NaN
0.0061346	NaN
0.0061075	NaN
0.0060754	NaN
0.0060381	NaN
0.0059953	NaN
0.0059468	NaN
0.0058921	NaN
0.0058312	NaN
0.0057636	NaN
0.005689	NaN
0.0056076	NaN
0.0055202	NaN
0.0054283	NaN
0.0053331	NaN
0.0052361	NaN
0.0051385	NaN
0.0050417	NaN
0.0049471	NaN
0.0048558	NaN
0.0047685	NaN
0.0046855	NaN
0.0046072	NaN
0.004534	NaN
0.0044662	NaN
0.0044042	NaN
0.0043484	NaN
0.0042991	NaN
0.0042558	NaN
0.004218	NaN
0.0041852	NaN
0.0041567	NaN
0.0041319	NaN
0.0041103	NaN
0.0040913	NaN
0.0040743	NaN
0.0040594	NaN
0.0040471	NaN
0.0040378	NaN
0.0040317	NaN
0.0040292	NaN
0.0040308	NaN
0.0040368	NaN
0.0040476	NaN
0.0040635	NaN
0.0040851	NaN
0.0041125	NaN
0.0041463	NaN
0.0041868	NaN
0.0042344	NaN
0.0042896	NaN
0.0043525	NaN
0.0044233	NaN
0.0045017	NaN
0.0045873	NaN
0.0046799	NaN
0.0047793	NaN
0.0048852	NaN
0.0049973	NaN
0.0051153	NaN
0.0052382	NaN
0.0053647	NaN
0.0054933	NaN
0.0056227	NaN
0.0057514	NaN
0.005878	NaN
0.0060012	NaN
0.0061196	NaN
0.0062323	NaN
0.006339	NaN
0.0064394	NaN
0.0065332	NaN
0.00662	NaN
0.0066995	NaN
0.0067714	NaN
0.0068354	NaN
0.0068914	NaN
0.0069395	NaN
0.0069799	NaN
0.0070128	NaN
0.0070383	NaN
0.0070565	NaN
0.0070677	NaN
0.007072	NaN
0.0070693	NaN
0.0070593	NaN
0.0070417	NaN
0.0070162	NaN
0.0069825	NaN
0.0069404	NaN
0.0068894	NaN
0.0068293	NaN
0.0067599	NaN
0.006681	NaN
0.0065924	NaN
0.006494	NaN
0.0063857	NaN
0.0062673	NaN
0.0061387	NaN
0.0059997	NaN
0.0058513	NaN
0.0056961	NaN
0.0055368	NaN
0.0053761	NaN
0.0052168	NaN
0.0050616	NaN
0.0049132	NaN
0.0047743	NaN
0.0046468	NaN
0.0045312	NaN
0.0044278	NaN
0.004337	NaN
0.0042591	NaN
0.0041944	NaN
0.0041433	NaN
0.0041062	NaN
0.0040825	NaN
0.0040699	NaN
0.004066	NaN
0.0040682	NaN
0.004074	NaN
0.0040811	NaN
0.0040869	NaN
0.0040889	NaN
0.0040854	NaN
0.0040765	NaN
0.0040625	NaN
0.0040436	NaN
0.0040202	NaN
0.0039926	NaN
0.0039611	NaN
0.0039259	NaN
0.0038876	NaN
0.0038467	NaN
0.003804	NaN
0.0037602	NaN
0.003716	NaN
0.0036722	NaN
0.0036295	NaN
0.0035886	NaN
0.0035501	NaN
0.0035143	NaN
0.0034814	NaN
0.0034514	NaN
0.0034247	NaN
0.0034013	NaN
0.0033815	NaN
0.0033653	NaN
0.0033539	NaN
0.003351	NaN
0.0033612	NaN
0.003389	NaN
0.0034392	NaN
0.0035161	NaN
0.0036243	NaN
0.0037685	NaN
0.0039547	NaN
0.0041955	NaN
0.0045051	NaN
0.0048981	NaN
0.0053888	NaN
0.0059917	NaN
0.0067209	NaN
0.0075911	NaN
0.00862	NaN
0.0098439	NaN
0.011305	NaN
0.013045	NaN
0.015107	NaN
0.017532	NaN
0.020363	NaN
0.023642	NaN
0.027412	NaN
0.031731	NaN
0.036657	NaN
0.042253	NaN
0.048577	NaN
0.055692	NaN
0.063656	NaN
0.07253	NaN
0.08237	NaN
0.093184	NaN
0.10496	-0.59518
0.1177	-0.59927
0.13138	-0.60162
0.146	-0.6022
0.16154	-0.60101
0.178	-0.59804
0.19537	-0.59326
0.21363	-0.58678
0.23276	-0.5787
0.25276	-0.56916
0.2736	-0.55828
0.29526	-0.54618
0.31774	-0.53298
0.34101	-0.51882
0.36505	-0.50382
0.38982	-0.48804
0.41525	-0.47154
0.44127	-0.45436
0.46782	-0.43656
0.49482	-0.41818
0.5222	-0.39927
0.54991	-0.37989
0.57787	-0.36008
0.60598	-0.33991
0.63411	-0.31948
0.66215	-0.29888
0.68997	-0.2782
0.71744	-0.25753
0.74445	-0.23697
0.77086	-0.21661
0.79657	-0.19653
0.82141	-0.17684
0.84523	-0.15762
0.86788	-0.13896
0.88919	-0.12096
0.909	-0.10369
0.92714	-0.087264
0.94347	-0.07176
0.95782	-0.057273
0.97012	-0.04393
0.98032	-0.031892
0.98843	-0.021319
0.99443	-0.012372
0.99829	-0.0052118
1	0
0.99954	0.0031027
0.99691	0.003939
0.99213	0.002451
0.98532	-0.0013126
0.97658	-0.007298
0.96602	-0.015451
0.95374	-0.025719
0.93987	-0.038046
0.92449	-0.05238
0.90773	-0.068666
0.88972	-0.086864
0.87064	-0.10695
0.85066	-0.1289
0.82997	-0.15269
0.80875	-0.1783
0.78717	-0.2057
0.76543	-0.23486
0.74368	-0.26578
0.72202	-0.29838
0.70037	-0.33254
0.67866	-0.36815
0.6568	-0.40509
0.63472	-0.44323
0.61235	-0.48246
0.58959	-0.52266
0.56638	-0.56371
0.54268	-0.60577
0.51854	-0.64944
0.49401	-0.69538
0.46914	-0.74424
0.44398	-0.79667
0.41859	-0.85333
0.39302	-0.91486
0.36732	-0.98191
0.34159	-1.0542
0.31605	-1.1299
0.29089	-1.2067
0.26633	-1.2824
0.24259	-1.355
0.21987	-1.4222
0.1984	-1.4818
0.17838	-1.5319
0.15996	-1.5731
0.14313	-1.6132
0.12787	-1.6608
0.11415	-1.7245
0.10195	-1.813
0.091238	NaN
0.081992	NaN
0.074185	NaN
0.067763	NaN
0.062602	NaN
0.058563	NaN
0.055508	NaN
0.0533	NaN
0.051801	NaN
0.050873	NaN
0.050378	NaN
0.050202	NaN
0.050298	NaN
0.050633	NaN
0.051175	NaN
0.051889	NaN
0.052745	NaN
0.053709	NaN
0.054747	NaN
0.055826	NaN
0.056904	NaN
0.057936	NaN
0.05888	NaN
0.059692	NaN
0.060328	NaN
0.060746	NaN
0.0609	NaN
0.060758	NaN
0.060322	NaN
0.059605	NaN
0.058619	NaN
0.05738	NaN
0.055898	NaN
0.054188	NaN
0.052263	NaN
0.050139	NaN
0.047849	NaN
0.04543	NaN
0.042922	NaN
0.040361	NaN
0.037786	NaN
0.035235	NaN
0.032745	NaN
0.030351	NaN
0.028069	NaN
0.025907	NaN
0.023872	NaN
0.021972	NaN
0.020215	NaN
0.018608	NaN
0.017161	NaN
0.015879	NaN
0.014757	NaN
0.013784	NaN
0.012951	NaN
0.012248	NaN
0.011664	NaN
0.011189	NaN
0.010814	NaN
0.010527	NaN
0.010318	NaN
0.010177	NaN
0.010093	NaN
0.010054	NaN
0.01005	NaN
0.010071	NaN
0.010104	NaN
0.01014	NaN
0.010172	NaN
0.010194	NaN
0.010201	NaN
0.010187	NaN
0.010148	NaN
0.010077	NaN
0.0099698	NaN
0.0098212	NaN
0.0096326	NaN
0.0094093	NaN
0.0091568	NaN
0.0088808	NaN
0.0085867	NaN
0.00828	NaN
0.0079663	NaN
0.0076509	NaN
0.0073369	NaN
0.0070256	NaN
0.0067181	NaN
0.0064156	NaN
0.0061193	NaN
0.0058305	NaN
0.0055503	NaN
0.0052798	NaN
0.0050196	NaN
0.0047694	NaN
0.0045288	NaN
0.0042977	NaN
0.0040758	NaN
0.0038627	NaN
0.0036583	NaN
0.0034623	NaN
0.0032745	NaN
0.003095	NaN
0.0029238	NaN
0.0027609	NaN
0.0026064	NaN
0.0024603	NaN
0.0023226	NaN
0.0021933	NaN
0.0020721	NaN
0.0019581	NaN
0.0018507	NaN
0.001749	NaN
0.0016521	NaN
0.0015592	NaN
0.0014696	NaN
0.0013824	NaN
0.0012972	NaN
0.001214	NaN
0.0011327	NaN
0.0010533	NaN
0.00097597	NaN
0.00090064	NaN
0.00082734	NaN
0.00075609	NaN
0.00068699	NaN
0.00062029	NaN
0.00055625	NaN
0.00049514	NaN
0.0004372	NaN
0.00038269	NaN
0.00033189	NaN
0.00028504	NaN
0.00024228	NaN
0.00020348	NaN
0.00016851	NaN
0.00013721	NaN
0.00010946	NaN
8.509e-05	NaN
6.397e-05	NaN
4.5954e-05	NaN
3.0952e-05	NaN
1.8992e-05	NaN
1.0118e-05	NaN
4.3744e-06	NaN
1.8056e-06	NaN
2.4557e-06	NaN
6.3689e-06	NaN
1.3589e-05	NaN
2.4025e-05	NaN
3.724e-05	NaN
5.2739e-05	NaN
7.0031e-05	NaN
8.8622e-05	NaN
0.00010802	NaN
0.00012773	NaN
0.00014726	NaN
0.00016613	NaN
0.00018392	NaN
0.0002002	NaN
0.00021455	NaN
0.00022655	NaN
0.00023579	NaN
0.00024183	NaN
0.00024426	NaN
0.00024284	NaN
0.00023796	NaN
0.00023013	NaN
0.00021988	NaN
0.00020776	NaN
0.00019427	NaN
0.00017994	NaN
0.00016531	NaN
0.00015084	NaN
0.0001367	NaN
0.00012303	NaN
0.00010993	NaN
9.7517e-05	NaN
8.5912e-05	NaN
7.5227e-05	NaN
6.5581e-05	NaN
5.7064e-05	NaN
4.966e-05	NaN
4.3314e-05	NaN
3.7973e-05	NaN
3.3584e-05	NaN
3.0093e-05	NaN
2.7447e-05	NaN
2.5593e-05	NaN
2.4465e-05	NaN
2.3927e-05	NaN
2.3818e-05	NaN
2.3976e-05	NaN
2.424e-05	NaN
2.4447e-05	NaN
2.4437e-05	NaN
2.4047e-05	NaN
2.3141e-05	NaN
2.1746e-05	NaN
1.9964e-05	NaN
1.7896e-05	NaN
1.564e-05	NaN
1.3299e-05	NaN
1.0971e-05	NaN
8.7589e-06	NaN
6.7559e-06	NaN
5.0098e-06	NaN
3.5447e-06	NaN
2.3844e-06	NaN
1.5527e-06	NaN
1.0734e-06	NaN
9.7036e-07	NaN
1.2674e-06	NaN
1.9807e-06	NaN
3.0497e-06	NaN
4.3696e-06	NaN
5.8353e-06	NaN
7.3414e-06	NaN
8.7826e-06	NaN
1.0054e-05	NaN
1.105e-05	NaN
1.1672e-05	NaN
1.1911e-05	NaN
1.1818e-05	NaN
1.1442e-05	NaN
1.0834e-05	NaN
1.0045e-05	NaN
9.1251e-06	NaN
8.1262e-06	NaN
7.0973e-06	NaN
6.0725e-06	NaN
5.0738e-06	NaN
4.1227e-06	NaN
3.241e-06	NaN
2.45e-06	NaN
1.7716e-06	NaN
1.2273e-06	NaN
8.3766e-07	NaN
6.0255e-07	NaN
5.0358e-07	NaN
5.2165e-07	NaN
6.3768e-07	NaN
8.3258e-07	NaN
1.0873e-06	NaN
1.3827e-06	NaN
1.7001e-06	NaN
2.0326e-06	NaN
2.3849e-06	NaN
2.7625e-06	NaN
3.1706e-06	NaN
3.6146e-06	NaN
4.1e-06	NaN
4.6321e-06	NaN
5.2162e-06	NaN
5.858e-06	NaN
6.5633e-06	NaN
7.3379e-06	NaN
8.1876e-06	NaN
9.1184e-06	NaN
1.0136e-05	NaN
1.1246e-05	NaN
1.2455e-05	NaN
1.3755e-05	NaN
1.5125e-05	NaN
1.654e-05	NaN
1.7977e-05	NaN
1.9412e-05	NaN
2.0821e-05	NaN
2.2179e-05	NaN
2.3464e-05	NaN
2.4649e-05	NaN
2.5703e-05	NaN
2.6596e-05	NaN
2.7295e-05	NaN
2.7772e-05	NaN
2.7994e-05	NaN
2.793e-05	NaN
2.7551e-05	NaN
2.6852e-05	NaN
2.5877e-05	NaN
2.4677e-05	NaN
2.3302e-05	NaN
2.1802e-05	NaN
2.0226e-05	NaN
1.8625e-05	NaN
1.7048e-05	NaN
1.5535e-05	NaN
1.4098e-05	NaN
1.2747e-05	NaN
1.1491e-05	NaN
1.0341e-05	NaN
9.3055e-06	NaN
8.3953e-06	NaN
7.6197e-06	NaN
6.9818e-06	NaN
6.4679e-06	NaN
6.0616e-06	NaN
5.7465e-06	NaN
5.5062e-06	NaN
5.3243e-06	NaN
5.1846e-06	NaN
5.0705e-06	NaN
4.9695e-06	NaN
4.88e-06	NaN
4.8022e-06	NaN
4.7365e-06	NaN
4.6833e-06	NaN
4.643e-06	NaN
4.616e-06	NaN
4.6025e-06	NaN
4.602e-06	NaN
4.6103e-06	NaN
4.6226e-06	NaN
4.634e-06	NaN
4.6397e-06	NaN
4.6347e-06	NaN
4.6141e-06	NaN
4.5733e-06	NaN
4.5085e-06	NaN
4.4218e-06	NaN
4.3166e-06	NaN
4.1965e-06	NaN
4.0648e-06	NaN
3.9249e-06	NaN
3.7803e-06	NaN
3.6344e-06	NaN
3.49e-06	NaN
3.3459e-06	NaN
3.2003e-06	NaN
3.0509e-06	NaN
2.8958e-06	NaN
2.7329e-06	NaN
2.5601e-06	NaN
2.3754e-06	NaN
2.1773e-06	NaN
1.9688e-06	NaN
1.7539e-06	NaN
1.5371e-06	NaN
1.3226e-06	NaN
1.1145e-06	NaN
9.1721e-07	NaN
7.3491e-07	NaN
5.7167e-07	NaN
4.3004e-07	NaN
3.12e-07	NaN
2.195e-07	NaN
1.5451e-07	NaN
1.1899e-07	NaN
1.149e-07	NaN
1.442e-07	NaN
2.0808e-07	NaN
3.0137e-07	NaN
4.1587e-07	NaN
5.4331e-07	NaN
6.7547e-07	NaN
8.041e-07	NaN
9.2095e-07	NaN
1.0178e-06	NaN
1.0871e-06	NaN
1.128e-06	NaN
1.1437e-06	NaN
1.1374e-06	NaN
1.1121e-06	NaN
1.071e-06	NaN
1.0172e-06	NaN
9.5381e-07	NaN
8.8397e-07	NaN
8.1001e-07	NaN
7.3385e-07	NaN
6.5736e-07	NaN
5.8246e-07	NaN
5.1102e-07	NaN
4.4495e-07	NaN
3.8615e-07	NaN
3.3638e-07	NaN
2.958e-07	NaN
2.633e-07	NaN
2.3776e-07	NaN
2.1804e-07	NaN
2.0302e-07	NaN
1.9156e-07	NaN
1.8253e-07	NaN
1.7483e-07	NaN
1.679e-07	NaN
1.6165e-07	NaN
1.5601e-07	NaN
1.5091e-07	NaN
1.4627e-07	NaN
1.4202e-07	NaN
1.381e-07	NaN
1.3443e-07	NaN
1.3096e-07	NaN
1.2771e-07	NaN
1.2467e-07	NaN
1.2184e-07	NaN
1.1921e-07	NaN
1.1679e-07	NaN
1.1458e-07	NaN
1.1257e-07	NaN
1.1087e-07	NaN
1.0968e-07	NaN
1.0924e-07	NaN
1.0974e-07	NaN
1.1142e-07	NaN
1.1449e-07	NaN
1.1917e-07	NaN
1.2567e-07	NaN
1.3396e-07	NaN
1.4368e-07	NaN
1.5444e-07	NaN
1.6586e-07	NaN
1.7756e-07	NaN
1.8914e-07	NaN
2.0023e-07	NaN
2.1044e-07	NaN
2.1942e-07	NaN
2.2688e-07	NaN
2.3254e-07	NaN
2.361e-07	NaN
2.3728e-07	NaN
2.358e-07	NaN
2.3136e-07	NaN
2.2369e-07	NaN
2.1279e-07	NaN
1.9926e-07	NaN
1.8371e-07	NaN
1.6677e-07	NaN
1.4908e-07	NaN
1.3127e-07	NaN
1.1397e-07	NaN
9.7795e-08	NaN
8.3207e-08	NaN
7.0257e-08	NaN
5.8957e-08	NaN
4.9315e-08	NaN
4.134e-08	NaN
3.5043e-08	NaN
3.0432e-08	NaN
2.7516e-08	NaN
2.6249e-08	NaN
2.645e-08	NaN
2.7917e-08	NaN
3.0446e-08	NaN
3.3836e-08	NaN
3.7883e-08	NaN
4.2387e-08	NaN
4.7144e-08	NaN
5.2003e-08	NaN
5.6964e-08	NaN
6.2051e-08	NaN
6.729e-08	NaN
7.2705e-08	NaN
7.8322e-08	NaN
8.4165e-08	NaN
9.026e-08	NaN
9.6633e-08	NaN
1.0331e-07	NaN
1.1031e-07	NaN
1.1766e-07	NaN
1.2539e-07	NaN
1.3353e-07	NaN
1.4209e-07	NaN
1.511e-07	NaN
1.8986e-07	NaN
1.8927e-07	NaN
1.9025e-07	NaN
