1.2968e-07	NaN
1.448e-07	NaN
1.5821e-07	NaN
1.6996e-07	NaN
1.8011e-07	NaN
1.8872e-07	NaN
1.9585e-07	NaN
2.0155e-07	NaN
2.059e-07	NaN
2.0893e-07	NaN
2.1072e-07	NaN
2.1133e-07	NaN
2.108e-07	NaN
2.0921e-07	NaN
2.066e-07	NaN
2.0304e-07	NaN
1.9858e-07	NaN
1.9332e-07	NaN
1.8744e-07	NaN
1.8122e-07	NaN
1.7489e-07	NaN
1.6871e-07	NaN
1.6293e-07	NaN
1.578e-07	NaN
1.5357e-07	NaN
1.5045e-07	NaN
1.4827e-07	NaN
1.4675e-07	NaN
1.456e-07	NaN
1.4452e-07	NaN
1.4321e-07	NaN
1.4139e-07	NaN
1.3876e-07	NaN
1.3507e-07	NaN
1.3039e-07	NaN
1.2494e-07	NaN
1.1895e-07	NaN
1.1264e-07	NaN
1.0624e-07	NaN
9.997e-08	NaN
9.4059e-08	NaN
8.8732e-08	NaN
8.4239e-08	NaN
8.0839e-08	NaN
7.8794e-08	NaN
7.8363e-08	NaN
7.9809e-08	NaN
8.339e-08	NaN
8.9368e-08	NaN
9.7973e-08	NaN
1.0907e-07	NaN
1.223e-07	NaN
1.3729e-07	NaN
1.5368e-07	NaN
1.711e-07	NaN
1.8918e-07	NaN
2.0755e-07	NaN
2.2585e-07	NaN
2.438e-07	NaN
2.6114e-07	NaN
2.7765e-07	NaN
2.9308e-07	NaN
3.072e-07	NaN
3.1976e-07	NaN
3.3053e-07	NaN
3.3932e-07	NaN
3.4675e-07	NaN
3.5417e-07	NaN
3.6294e-07	NaN
3.7442e-07	NaN
3.8997e-07	NaN
4.1094e-07	NaN
4.3871e-07	NaN
4.7468e-07	NaN
5.2114e-07	NaN
5.8132e-07	NaN
6.5848e-07	NaN
7.5585e-07	NaN
8.7669e-07	NaN
1.0243e-06	NaN
1.2018e-06	NaN
1.4125e-06	NaN
1.659e-06	NaN
1.9432e-06	NaN
2.2667e-06	NaN
2.6314e-06	NaN
3.039e-06	NaN
3.4914e-06	NaN
3.9904e-06	NaN
4.5376e-06	NaN
5.1327e-06	NaN
5.7725e-06	NaN
6.4535e-06	NaN
7.1725e-06	NaN
7.926e-06	NaN
8.7106e-06	NaN
9.5229e-06	NaN
1.036e-05	NaN
1.1215e-05	NaN
1.2082e-05	NaN
1.2952e-05	NaN
1.3818e-05	NaN
1.467e-05	NaN
1.5501e-05	NaN
1.6302e-05	NaN
1.7067e-05	NaN
1.7788e-05	NaN
1.8464e-05	NaN
1.9095e-05	NaN
1.9678e-05	NaN
2.0214e-05	NaN
2.0699e-05	NaN
2.1135e-05	NaN
2.1518e-05	NaN
2.185e-05	NaN
2.2134e-05	NaN
2.2374e-05	NaN
2.2574e-05	NaN
2.2738e-05	NaN
2.2869e-05	NaN
2.2973e-05	NaN
2.3052e-05	NaN
2.3111e-05	NaN
2.3156e-05	NaN
2.3193e-05	NaN
2.3229e-05	NaN
2.3268e-05	NaN
2.3318e-05	NaN
2.3384e-05	NaN
2.3472e-05	NaN
2.3583e-05	NaN
2.3703e-05	NaN
2.3815e-05	NaN
2.39e-05	NaN
2.3944e-05	NaN
2.3928e-05	NaN
2.3835e-05	NaN
2.3649e-05	NaN
2.3359e-05	NaN
2.2978e-05	NaN
2.2524e-05	NaN
2.2013e-05	NaN
2.1462e-05	NaN
2.089e-05	NaN
2.0313e-05	NaN
1.9748e-05	NaN
1.9215e-05	NaN
1.8734e-05	NaN
1.8326e-05	NaN
1.8015e-05	NaN
1.7822e-05	NaN
1.7769e-05	NaN
1.7878e-05	NaN
1.8172e-05	NaN
1.8665e-05	NaN
1.9342e-05	NaN
2.0178e-05	NaN
2.1149e-05	NaN
2.2229e-05	NaN
2.3396e-05	NaN
2.4623e-05	NaN
2.5886e-05	NaN
2.716e-05	NaN
2.8414e-05	NaN
2.9616e-05	NaN
3.0732e-05	NaN
3.173e-05	NaN
3.2579e-05	NaN
3.3244e-05	NaN
3.3694e-05	NaN
3.3901e-05	NaN
3.3872e-05	NaN
3.3628e-05	NaN
3.319e-05	NaN
3.2577e-05	NaN
3.181e-05	NaN
3.0911e-05	NaN
2.9899e-05	NaN
2.8794e-05	NaN
2.7609e-05	NaN
2.6355e-05	NaN
2.5041e-05	NaN
2.3677e-05	NaN
2.2273e-05	NaN
2.084e-05	NaN
1.9386e-05	NaN
1.7923e-05	NaN
1.6464e-05	NaN
1.5025e-05	NaN
1.3621e-05	NaN
1.2268e-05	NaN
1.098e-05	NaN
9.7744e-06	NaN
8.6657e-06	NaN
7.6685e-06	NaN
6.7862e-06	NaN
6.015e-06	NaN
5.3509e-06	NaN
4.7902e-06	NaN
4.329e-06	NaN
3.9634e-06	NaN
3.6895e-06	NaN
3.503e-06	NaN
3.3921e-06	NaN
3.3395e-06	NaN
3.328e-06	NaN
3.3404e-06	NaN
3.3593e-06	NaN
3.3675e-06	NaN
3.3477e-06	NaN
3.2835e-06	NaN
3.1743e-06	NaN
3.0326e-06	NaN
2.8714e-06	NaN
2.7035e-06	NaN
2.542e-06	NaN
2.3998e-06	NaN
2.2899e-06	NaN
2.2245e-06	NaN
2.2046e-06	NaN
2.2197e-06	NaN
2.2587e-06	NaN
2.3109e-06	NaN
2.3651e-06	NaN
2.4105e-06	NaN
2.4361e-06	NaN
2.4313e-06	NaN
2.3928e-06	NaN
2.326e-06	NaN
2.2366e-06	NaN
2.1302e-06	NaN
2.0126e-06	NaN
1.8895e-06	NaN
1.7667e-06	NaN
1.6501e-06	NaN
1.5592e-06	NaN
1.5303e-06	NaN
1.6011e-06	NaN
1.8092e-06	NaN
2.1924e-06	NaN
2.788e-06	NaN
3.6339e-06	NaN
4.7668e-06	NaN
6.1748e-06	NaN
7.7734e-06	NaN
9.4723e-06	NaN
1.1181e-05	NaN
1.2809e-05	NaN
1.4266e-05	NaN
1.5461e-05	NaN
1.6306e-05	NaN
1.6756e-05	NaN
1.6854e-05	NaN
1.6646e-05	NaN
1.6184e-05	NaN
1.5514e-05	NaN
1.4685e-05	NaN
1.3747e-05	NaN
1.2748e-05	NaN
1.1743e-05	NaN
1.0803e-05	NaN
9.9972e-06	NaN
9.3983e-06	NaN
9.0769e-06	NaN
9.1043e-06	NaN
9.5517e-06	NaN
1.049e-05	NaN
1.1952e-05	NaN
1.3881e-05	NaN
1.6205e-05	NaN
1.8856e-05	NaN
2.1762e-05	NaN
2.4854e-05	NaN
2.8061e-05	NaN
3.1314e-05	NaN
3.4549e-05	NaN
3.7725e-05	NaN
4.0805e-05	NaN
4.3751e-05	NaN
4.6526e-05	NaN
4.9092e-05	NaN
5.1411e-05	NaN
5.3447e-05	NaN
5.518e-05	NaN
5.666e-05	NaN
5.7946e-05	NaN
5.9099e-05	NaN
6.0179e-05	NaN
6.1247e-05	NaN
6.2363e-05	NaN
6.3588e-05	NaN
6.4967e-05	NaN
6.6485e-05	NaN
6.8112e-05	NaN
6.982e-05	NaN
7.158e-05	NaN
7.3362e-05	NaN
7.5138e-05	NaN
7.6878e-05	NaN
7.8559e-05	NaN
8.0185e-05	NaN
8.177e-05	NaN
8.3324e-05	NaN
8.486e-05	NaN
8.639e-05	NaN
8.7926e-05	NaN
8.9481e-05	NaN
9.1071e-05	NaN
9.2739e-05	NaN
9.4536e-05	NaN
9.6516e-05	NaN
9.8728e-05	NaN
0.00010123	NaN
0.00010406	NaN
0.00010728	NaN
0.00011094	NaN
0.00011506	NaN
0.00011967	NaN
0.00012477	NaN
0.0001304	NaN
0.00013657	NaN
0.00014331	NaN
0.00015062	NaN
0.00015853	NaN
0.00016702	NaN
0.00017606	NaN
0.00018562	NaN
0.00019568	NaN
0.00020619	NaN
0.00021715	NaN
0.0002285	NaN
0.00024022	NaN
0.00025221	NaN
0.00026434	NaN
0.00027648	NaN
0.00028848	NaN
0.00030023	NaN
0.00031159	NaN
0.00032242	NaN
0.0003326	NaN
0.00034202	NaN
0.00035055	NaN
0.00035811	NaN
0.00036459	NaN
0.00036987	NaN
0.00037386	NaN
0.00037645	NaN
0.00037754	NaN
0.00037704	NaN
0.0003749	NaN
0.00037105	NaN
0.00036543	NaN
0.00035798	NaN
0.00034865	NaN
0.00033736	NaN
0.00032407	NaN
0.0003089	NaN
0.00029214	NaN
0.00027407	NaN
0.00025495	NaN
0.00023509	NaN
0.00021476	NaN
0.00019423	NaN
0.00017379	NaN
0.00015368	NaN
0.0001341	NaN
0.00011523	NaN
9.7294e-05	NaN
8.0473e-05	NaN
6.4968e-05	NaN
5.0979e-05	NaN
3.8696e-05	NaN
2.8202e-05	NaN
1.9449e-05	NaN
1.2386e-05	NaN
6.9602e-06	NaN
3.1205e-06	NaN
8.1451e-07	NaN
9.7008e-09	NaN
5.9768e-07	NaN
2.6539e-06	NaN
6.2614e-06	NaN
1.1529e-05	NaN
1.8563e-05	NaN
2.7473e-05	NaN
3.8368e-05	NaN
5.1353e-05	NaN
6.6538e-05	NaN
8.3983e-05	NaN
0.00010368	NaN
0.00012562	NaN
0.00014978	NaN
0.00017616	NaN
0.00020474	NaN
0.0002355	NaN
0.00026844	NaN
0.00030346	NaN
0.00034029	NaN
0.00037867	NaN
0.00041833	NaN
0.000459	NaN
0.00050042	NaN
0.00054232	NaN
0.00058442	NaN
0.00062637	NaN
0.00066767	NaN
0.00070778	NaN
0.00074617	NaN
0.00078231	NaN
0.00081566	NaN
0.00084569	NaN
0.00087187	NaN
0.00089372	NaN
0.00091083	NaN
0.00092285	NaN
0.00092938	NaN
0.00093006	NaN
0.00092451	NaN
0.00091235	NaN
0.0008932	NaN
0.0008669	NaN
0.00083378	NaN
0.00079427	NaN
0.0007488	NaN
0.00069781	NaN
0.00064173	NaN
0.00058098	NaN
0.000516	NaN
0.00044773	NaN
0.0003787	NaN
0.00031175	NaN
0.00024973	NaN
0.0001955	NaN
0.00015188	NaN
0.00012175	NaN
0.00010793	NaN
0.00011499	NaN
0.00015382	NaN
0.00023681	NaN
0.00037634	NaN
0.00058479	NaN
0.00087455	NaN
0.001258	NaN
0.0017475	NaN
0.0023586	NaN
0.0031206	NaN
0.0040666	NaN
0.0052297	NaN
0.0066428	NaN
0.0083392	NaN
0.010352	NaN
0.012714	NaN
0.015466	NaN
0.018685	NaN
0.022462	NaN
0.026886	NaN
0.032048	NaN
0.038037	NaN
0.044943	NaN
0.052856	NaN
0.061855	NaN
0.071944	NaN
0.083103	NaN
0.09531	NaN
0.10854	-0.6116
0.12278	-0.61217
0.138	-0.61158
0.15417	-0.61006
0.17129	-0.6078
0.1893	-0.60477
0.20817	-0.60082
0.22784	-0.59582
0.24827	-0.58962
0.26942	-0.58209
0.29125	-0.57309
0.3137	-0.56246
0.33673	-0.55011
0.36034	-0.53613
0.38453	-0.52074
0.4093	-0.50418
0.43466	-0.48664
0.46061	-0.46837
0.48716	-0.44958
0.51432	-0.43048
0.54206	-0.4113
0.57024	-0.3921
0.59863	-0.37287
0.62697	-0.3536
0.65502	-0.33429
0.68254	-0.31492
0.70929	-0.29549
0.73503	-0.27598
0.75953	-0.25639
0.78271	-0.23675
0.80463	-0.21713
0.82533	-0.1976
0.84485	-0.17822
0.86325	-0.15907
0.88056	-0.14019
0.89683	-0.12167
0.91212	-0.10357
0.92639	-0.086079
0.9396	-0.069444
0.95167	-0.05393
0.96256	-0.0398
0.9722	-0.027314
0.98052	-0.016735
0.98747	-0.008324
0.99298	-0.0023371
0.99697	0.0010771
0.99934	0.0018708
1	0
0.99884	-0.0045794
0.99576	-0.011911
0.99066	-0.02204
0.98345	-0.035009
0.97402	-0.050861
0.96237	-0.069561
0.94857	-0.090996
0.9327	-0.11505
0.91485	-0.14161
0.8951	-0.17055
0.87352	-0.20175
0.85021	-0.23511
0.82525	-0.2705
0.79876	-0.30773
0.7709	-0.34654
0.74186	-0.38666
0.7118	-0.42779
0.6809	-0.46968
0.64933	-0.51205
0.61726	-0.55461
0.58487	-0.59711
0.55234	-0.63962
0.51984	-0.68266
0.48756	-0.72683
0.45569	-0.7727
0.4244	-0.82087
0.39388	-0.87189
0.36432	-0.92637
0.33588	-0.98487
0.30871	-1.047
0.28285	-1.1108
0.25831	-1.1742
0.23514	-1.2351
0.21337	-1.2913
0.19302	-1.3408
0.17412	-1.3815
0.15672	-1.4113
0.14081	-1.4316
0.12638	-1.4511
0.11339	-1.4791
0.10183	-1.5247
0.091662	NaN
0.082864	NaN
0.075406	NaN
0.069262	NaN
0.064385	NaN
0.060676	NaN
0.058035	NaN
0.056358	NaN
0.055542	NaN
0.055484	NaN
0.056082	NaN
0.057234	NaN
0.058835	NaN
0.060781	NaN
0.062967	NaN
0.065287	NaN
0.067637	NaN
0.069912	NaN
0.072006	NaN
0.073815	NaN
0.075258	NaN
0.076331	NaN
0.077044	NaN
0.077408	NaN
0.077434	NaN
0.077133	NaN
0.076514	NaN
0.075589	NaN
0.074372	NaN
0.07289	NaN
0.071173	NaN
0.069253	NaN
0.067159	NaN
0.064922	NaN
0.062572	NaN
0.06014	NaN
0.057652	NaN
0.055114	NaN
0.052527	NaN
0.049891	NaN
0.047209	NaN
0.04448	NaN
0.041707	NaN
0.038889	NaN
0.036033	NaN
0.033158	NaN
0.030294	NaN
0.027466	NaN
0.024704	NaN
0.022033	NaN
0.019482	NaN
0.017079	NaN
0.014847	NaN
0.012802	NaN
0.010954	NaN
0.009311	NaN
0.0078839	NaN
0.0066821	NaN
0.0057153	NaN
0.0049931	NaN
0.0045225	NaN
0.0042903	NaN
0.0042744	NaN
0.0044528	NaN
0.0048036	NaN
0.0053046	NaN
0.0059339	NaN
0.0066695	NaN
0.0074896	NaN
0.0083753	NaN
0.0093091	NaN
0.010273	NaN
0.01125	NaN
0.012223	NaN
0.013173	NaN
0.014084	NaN
0.014938	NaN
0.015728	NaN
0.01645	NaN
0.017104	NaN
0.017685	NaN
0.018192	NaN
0.018622	NaN
0.018972	NaN
0.019241	NaN
0.01943	NaN
0.019545	NaN
0.019592	NaN
0.019575	NaN
0.019501	NaN
0.019375	NaN
0.019203	NaN
0.018989	NaN
0.018739	NaN
0.018457	NaN
0.018146	NaN
0.017811	NaN
0.017455	NaN
0.017083	NaN
0.016699	NaN
0.016307	NaN
0.015909	NaN
0.015506	NaN
0.015099	NaN
0.01469	NaN
0.014279	NaN
0.013868	NaN
0.013457	NaN
0.013049	NaN
0.012643	NaN
0.012242	NaN
0.011849	NaN
0.011464	NaN
0.01109	NaN
0.010729	NaN
0.010383	NaN
0.010053	NaN
0.0097389	NaN
0.0094388	NaN
0.0091497	NaN
0.0088687	NaN
0.0085933	NaN
0.0083206	NaN
0.0080479	NaN
0.0077724	NaN
0.0074925	NaN
0.0072081	NaN
0.0069188	NaN
0.0066247	NaN
0.0063257	NaN
0.0060215	NaN
0.0057122	NaN
0.0053976	NaN
0.005079	NaN
0.0047598	NaN
0.0044437	NaN
0.0041344	NaN
0.0038356	NaN
0.0035509	NaN
0.0032839	NaN
0.0030385	NaN
0.0028172	NaN
0.0026212	NaN
0.0024513	NaN
0.0023083	NaN
0.002193	NaN
0.0021064	NaN
0.0020493	NaN
0.0020224	NaN
0.0020258	NaN
0.0020571	NaN
0.002114	NaN
0.002194	NaN
0.0022946	NaN
0.0024133	NaN
0.0025476	NaN
0.0026952	NaN
0.0028534	NaN
0.0030197	NaN
0.0031913	NaN
0.0033657	NaN
0.0035401	NaN
0.0037119	NaN
0.0038784	NaN
0.004037	NaN
0.0041856	NaN
0.0043241	NaN
0.0044528	NaN
0.004572	NaN
0.0046817	NaN
0.0047824	NaN
0.0048742	NaN
0.0049575	NaN
0.0050324	NaN
0.0050995	NaN
0.0051594	NaN
0.0052127	NaN
0.00526	NaN
0.0053017	NaN
0.0053386	NaN
0.0053711	NaN
0.0053997	NaN
0.0054247	NaN
0.0054463	NaN
0.0054644	NaN
0.0054792	NaN
0.0054909	NaN
0.0054996	NaN
0.0055053	NaN
0.0055083	NaN
0.0055082	NaN
0.0055049	NaN
0.0054982	NaN
0.0054878	NaN
0.0054735	NaN
0.0054551	NaN
0.0054323	NaN
0.005405	NaN
0.005373	NaN
0.0053362	NaN
0.0052947	NaN
0.0052482	NaN
0.0051967	NaN
0.0051402	NaN
0.0050786	NaN
0.0050118	NaN
0.0049397	NaN
0.0048625	NaN
0.0047802	NaN
0.0046927	NaN
0.0046001	NaN
0.0045025	NaN
0.0043998	NaN
0.0042921	NaN
0.0041794	NaN
0.004062	NaN
0.0039399	NaN
0.0038134	NaN
0.0036825	NaN
0.0035473	NaN
0.003408	NaN
0.0032648	NaN
0.003118	NaN
0.0029681	NaN
0.0028155	NaN
0.0026607	NaN
0.0025041	NaN
0.0023462	NaN
0.0021874	NaN
0.0020283	NaN
0.0018696	NaN
0.0017123	NaN
0.0015574	NaN
0.0014059	NaN
0.0012588	NaN
0.001117	NaN
0.00098154	NaN
0.00085342	NaN
0.00073345	NaN
0.00062234	NaN
0.0005208	NaN
0.00042954	NaN
0.00034928	NaN
0.00028071	NaN
0.00022456	NaN
0.00018149	NaN
0.00015174	NaN
0.00013508	NaN
0.0001313	NaN
0.00014016	NaN
0.00016144	NaN
0.00019493	NaN
0.00024038	NaN
0.00029757	NaN
0.00036575	NaN
0.00044368	NaN
0.00053008	NaN
0.00062369	NaN
0.00072324	NaN
0.00082747	NaN
0.00093509	NaN
0.0010449	NaN
0.0011554	NaN
0.0012654	NaN
0.0013733	NaN
0.0014778	NaN
0.0015774	NaN
0.0016708	NaN
0.0017565	NaN
0.0018332	NaN
0.0018998	NaN
0.0019561	NaN
0.0020017	NaN
0.0020365	NaN
0.00206	NaN
0.0020721	NaN
0.0020724	NaN
0.0020607	NaN
0.0020371	NaN
0.0020026	NaN
0.001958	NaN
0.0019043	NaN
0.0018425	NaN
0.0017734	NaN
0.001698	NaN
0.0016173	NaN
0.0015322	NaN
0.0014438	NaN
0.0013531	NaN
0.0012613	NaN
0.0011693	NaN
0.0010783	NaN
0.00098933	NaN
0.00090341	NaN
0.00082138	NaN
0.00074352	NaN
0.00067003	NaN
0.00060111	NaN
0.00053697	NaN
0.00047783	NaN
0.00042387	NaN
0.00037532	NaN
0.00033222	NaN
0.00029426	NaN
0.00026106	NaN
0.00023226	NaN
0.00020748	NaN
0.00018635	NaN
0.00016848	NaN
0.00015351	NaN
0.0001411	NaN
0.00013095	NaN
0.00012282	NaN
0.00011644	NaN
0.00011155	NaN
0.00010789	NaN
0.0001052	NaN
0.00010321	NaN
0.0001017	NaN
0.00010049	NaN
9.9458e-05	NaN
9.8462e-05	NaN
9.7364e-05	NaN
9.6025e-05	NaN
9.4307e-05	NaN
9.2072e-05	NaN
8.9218e-05	NaN
8.5789e-05	NaN
8.1868e-05	NaN
7.7538e-05	NaN
7.288e-05	NaN
6.7977e-05	NaN
6.2911e-05	NaN
5.7765e-05	NaN
5.2618e-05	NaN
4.7526e-05	NaN
4.2542e-05	NaN
3.7716e-05	NaN
3.3101e-05	NaN
2.8748e-05	NaN
2.4709e-05	NaN
2.1034e-05	NaN
1.7767e-05	NaN
1.4895e-05	NaN
1.239e-05	NaN
1.0221e-05	NaN
8.3582e-06	NaN
6.7711e-06	NaN
5.43e-06	NaN
4.3048e-06	NaN
3.3666e-06	NaN
2.5942e-06	NaN
1.9694e-06	NaN
1.4741e-06	NaN
1.0904e-06	NaN
8.001e-07	NaN
5.8517e-07	NaN
4.2751e-07	NaN
3.1019e-07	NaN
2.2532e-07	NaN
1.6944e-07	NaN
1.3909e-07	NaN
1.3083e-07	NaN
1.4121e-07	NaN
1.668e-07	NaN
2.0414e-07	NaN
2.4976e-07	NaN
2.9986e-07	NaN
3.5049e-07	NaN
3.9766e-07	NaN
4.3741e-07	NaN
4.6577e-07	NaN
4.7876e-07	NaN
4.7242e-07	NaN
4.4327e-07	NaN
3.9369e-07	NaN
3.2986e-07	NaN
2.5806e-07	NaN
1.8456e-07	NaN
1.1561e-07	NaN
5.7496e-08	NaN
1.647e-08	NaN
1.5795e-09	NaN
3.6855e-09	NaN
2.84e-08	NaN
6.8596e-08	NaN
1.203e-07	NaN
1.7955e-07	NaN
2.4238e-07	NaN
3.0481e-07	NaN
3.6298e-07	NaN
4.1489e-07	NaN
4.6016e-07	NaN
4.9848e-07	NaN
5.2953e-07	NaN
5.53e-07	NaN
5.6856e-07	NaN
5.759e-07	NaN
5.7474e-07	NaN
5.6564e-07	NaN
5.4999e-07	NaN
5.2923e-07	NaN
5.0481e-07	NaN
4.7815e-07	NaN
4.507e-07	NaN
4.2389e-07	NaN
3.9915e-07	NaN
3.7722e-07	NaN
3.5809e-07	NaN
3.417e-07	NaN
3.2799e-07	NaN
3.169e-07	NaN
3.0837e-07	NaN
3.0234e-07	NaN
2.9874e-07	NaN
2.9712e-07	NaN
2.9649e-07	NaN
2.9584e-07	NaN
2.9414e-07	NaN
2.904e-07	NaN
2.8358e-07	NaN
2.7267e-07	NaN
2.5667e-07	NaN
2.3545e-07	NaN
2.1024e-07	NaN
1.8237e-07	NaN
1.5319e-07	NaN
1.2405e-07	NaN
9.6285e-08	NaN
7.1248e-08	NaN
5.0275e-08	NaN
3.4268e-08	NaN
2.3335e-08	NaN
1.75e-08	NaN
1.6788e-08	NaN
2.1224e-08	NaN
3.0832e-08	NaN
4.5637e-08	NaN
6.5661e-08	NaN
9.0538e-08	NaN
1.1908e-07	NaN
1.5001e-07	NaN
1.8203e-07	NaN
2.1386e-07	NaN
2.4421e-07	NaN
2.7178e-07	NaN
2.953e-07	NaN
3.139e-07	NaN
3.2774e-07	NaN
3.3714e-07	NaN
3.4243e-07	NaN
3.4393e-07	NaN
3.4196e-07	NaN
3.3685e-07	NaN
3.289e-07	NaN
3.1846e-07	NaN
3.0587e-07	NaN
2.9147e-07	NaN
2.7563e-07	NaN
2.5867e-07	NaN
2.4096e-07	NaN
2.2284e-07	NaN
2.0467e-07	NaN
1.8678e-07	NaN
1.6954e-07	NaN
1.5328e-07	NaN
1.3837e-07	NaN
1.2513e-07	NaN
1.1394e-07	NaN
1.0513e-07	NaN
9.9051e-08	NaN
