8.7708e-08	NaN
1.0129e-07	NaN
1.156e-07	NaN
1.3036e-07	NaN
1.4525e-07	NaN
1.5998e-07	NaN
1.7425e-07	NaN
1.8776e-07	NaN
2.0021e-07	NaN
2.113e-07	NaN
2.2073e-07	NaN
2.282e-07	NaN
2.3341e-07	NaN
2.3611e-07	NaN
2.3628e-07	NaN
2.3401e-07	NaN
2.2935e-07	NaN
2.224e-07	NaN
2.1323e-07	NaN
2.019e-07	NaN
1.885e-07	NaN
1.7314e-07	NaN
1.5629e-07	NaN
1.3851e-07	NaN
1.204e-07	NaN
1.0254e-07	NaN
8.5508e-08	NaN
6.9891e-08	NaN
5.6271e-08	NaN
4.5197e-08	NaN
3.6947e-08	NaN
3.167e-08	NaN
2.9515e-08	NaN
3.0629e-08	NaN
3.5161e-08	NaN
4.3259e-08	NaN
5.5072e-08	NaN
7.0673e-08	NaN
8.9434e-08	NaN
1.1034e-07	NaN
1.3235e-07	NaN
1.5447e-07	NaN
1.7566e-07	NaN
1.949e-07	NaN
2.1117e-07	NaN
2.2352e-07	NaN
2.3179e-07	NaN
2.3634e-07	NaN
2.3755e-07	NaN
2.3579e-07	NaN
2.3141e-07	NaN
2.248e-07	NaN
2.1632e-07	NaN
2.0634e-07	NaN
1.952e-07	NaN
1.8325e-07	NaN
1.7083e-07	NaN
1.5826e-07	NaN
1.4588e-07	NaN
1.3404e-07	NaN
1.2306e-07	NaN
1.1328e-07	NaN
1.0483e-07	NaN
9.7717e-08	NaN
9.1927e-08	NaN
8.7448e-08	NaN
8.4269e-08	NaN
8.2378e-08	NaN
8.1765e-08	NaN
8.2408e-08	NaN
8.4068e-08	NaN
8.6289e-08	NaN
8.8604e-08	NaN
9.0547e-08	NaN
9.1654e-08	NaN
9.1459e-08	NaN
8.9495e-08	NaN
8.5314e-08	NaN
7.8949e-08	NaN
7.0985e-08	NaN
6.2039e-08	NaN
5.2727e-08	NaN
4.3664e-08	NaN
3.5467e-08	NaN
2.875e-08	NaN
2.4151e-08	NaN
2.3128e-08	NaN
2.8225e-08	NaN
4.206e-08	NaN
6.7252e-08	NaN
1.0642e-07	NaN
1.6218e-07	NaN
2.3715e-07	NaN
3.3394e-07	NaN
4.5392e-07	NaN
5.9666e-07	NaN
7.6156e-07	NaN
9.4799e-07	NaN
1.1554e-06	NaN
1.3831e-06	NaN
1.6306e-06	NaN
1.8972e-06	NaN
2.185e-06	NaN
2.5005e-06	NaN
2.8508e-06	NaN
3.243e-06	NaN
3.6841e-06	NaN
4.1811e-06	NaN
4.7411e-06	NaN
5.3713e-06	NaN
6.0831e-06	NaN
6.8978e-06	NaN
7.8375e-06	NaN
8.9247e-06	NaN
1.0181e-05	NaN
1.163e-05	NaN
1.3293e-05	NaN
1.5192e-05	NaN
1.7352e-05	NaN
1.9802e-05	NaN
2.257e-05	NaN
2.5687e-05	NaN
2.9183e-05	NaN
3.3086e-05	NaN
3.7426e-05	NaN
4.2233e-05	NaN
4.7532e-05	NaN
5.3329e-05	NaN
5.9633e-05	NaN
6.6447e-05	NaN
7.3779e-05	NaN
8.1634e-05	NaN
9.0019e-05	NaN
9.8939e-05	NaN
0.00010839	NaN
0.00011831	NaN
0.00012865	NaN
0.00013934	NaN
0.00015032	NaN
0.00016153	NaN
0.00017291	NaN
0.0001844	NaN
0.00019595	NaN
0.00020755	NaN
0.00021921	NaN
0.00023093	NaN
0.00024273	NaN
0.0002546	NaN
0.00026656	NaN
0.0002786	NaN
0.00029077	NaN
0.00030317	NaN
0.00031595	NaN
0.00032926	NaN
0.00034325	NaN
0.00035806	NaN
0.00037384	NaN
0.00039074	NaN
0.00040888	NaN
0.00042822	NaN
0.00044869	NaN
0.00047021	NaN
0.00049269	NaN
0.00051605	NaN
0.00054021	NaN
0.00056509	NaN
0.0005906	NaN
0.00061653	NaN
0.00064267	NaN
0.00066878	NaN
0.00069463	NaN
0.00071999	NaN
0.00074463	NaN
0.00076832	NaN
0.00079083	NaN
0.0008119	NaN
0.00083126	NaN
0.00084864	NaN
0.00086378	NaN
0.00087641	NaN
0.00088626	NaN
0.00089306	NaN
0.00089659	NaN
0.00089688	NaN
0.00089417	NaN
0.00088866	NaN
0.00088057	NaN
0.00087013	NaN
0.00085754	NaN
0.00084302	NaN
0.00082681	NaN
0.00080927	NaN
0.00079084	NaN
0.00077198	NaN
0.00075313	NaN
0.00073475	NaN
0.00071729	NaN
0.0007012	NaN
0.00068691	NaN
0.00067464	NaN
0.00066447	NaN
0.00065645	NaN
0.00065066	NaN
0.00064716	NaN
0.00064602	NaN
0.0006473	NaN
0.00065106	NaN
0.00065741	NaN
0.00066649	NaN
0.00067842	NaN
0.00069334	NaN
0.00071139	NaN
0.00073269	NaN
0.00075739	NaN
0.0007856	NaN
0.0008174	NaN
0.00085282	NaN
0.00089185	NaN
0.00093451	NaN
0.00098081	NaN
0.0010308	NaN
0.0010844	NaN
0.0011417	NaN
0.0012027	NaN
0.0012675	NaN
0.0013361	NaN
0.0014086	NaN
0.0014851	NaN
0.0015656	NaN
0.0016501	NaN
0.0017388	NaN
0.0018315	NaN
0.0019277	NaN
0.0020272	NaN
0.0021295	NaN
0.0022342	NaN
0.0023409	NaN
0.0024492	NaN
0.0025587	NaN
0.0026692	NaN
0.0027806	NaN
0.002893	NaN
0.0030064	NaN
0.0031208	NaN
0.0032362	NaN
0.0033527	NaN
0.0034702	NaN
0.0035884	NaN
0.0037067	NaN
0.0038241	NaN
0.0039399	NaN
0.0040532	NaN
0.0041633	NaN
0.0042692	NaN
0.0043702	NaN
0.0044656	NaN
0.0045555	NaN
0.0046395	NaN
0.0047178	NaN
0.0047902	NaN
0.0048567	NaN
0.0049171	NaN
0.0049715	NaN
0.00502	NaN
0.0050636	NaN
0.0051034	NaN
0.0051404	NaN
0.0051758	NaN
0.0052107	NaN
0.005246	NaN
0.0052829	NaN
0.0053221	NaN
0.005363	NaN
0.0054051	NaN
0.0054477	NaN
0.00549	NaN
0.0055315	NaN
0.0055715	NaN
0.0056093	NaN
0.0056444	NaN
0.0056759	NaN
0.0057034	NaN
0.0057262	NaN
0.0057437	NaN
0.0057551	NaN
0.00576	NaN
0.0057576	NaN
0.0057474	NaN
0.0057293	NaN
0.0057031	NaN
0.0056687	NaN
0.0056259	NaN
0.0055748	NaN
0.0055151	NaN
0.0054468	NaN
0.00537	NaN
0.0052858	NaN
0.0051958	NaN
0.0051015	NaN
0.0050044	NaN
0.0049059	NaN
0.0048075	NaN
0.0047107	NaN
0.0046171	NaN
0.0045277	NaN
0.0044436	NaN
0.0043661	NaN
0.0042962	NaN
0.0042349	NaN
0.0041835	NaN
0.004143	NaN
0.0041144	NaN
0.0040975	NaN
0.0040917	NaN
0.0040964	NaN
0.0041111	NaN
0.0041351	NaN
0.0041678	NaN
0.0042087	NaN
0.0042573	NaN
0.0043142	NaN
0.0043801	NaN
0.0044561	NaN
0.004543	NaN
0.0046419	NaN
0.0047536	NaN
0.004879	NaN
0.0050191	NaN
0.0051744	NaN
0.005345	NaN
0.0055312	NaN
0.0057334	NaN
0.0059517	NaN
0.0061865	NaN
0.006438	NaN
0.0067062	NaN
0.0069893	NaN
0.0072843	NaN
0.0075879	NaN
0.0078971	NaN
0.0082088	NaN
0.0085199	NaN
0.0088273	NaN
0.0091279	NaN
0.0094188	NaN
0.0096973	NaN
0.0099607	NaN
0.010206	NaN
0.010432	NaN
0.010634	NaN
0.01081	NaN
0.010958	NaN
0.011075	NaN
0.011162	NaN
0.011218	NaN
0.011241	NaN
0.011232	NaN
0.011189	NaN
0.011112	NaN
0.011001	NaN
0.010856	NaN
0.01068	NaN
0.010476	NaN
0.010247	NaN
0.0099962	NaN
0.0097253	NaN
0.0094377	NaN
0.0091362	NaN
0.0088237	NaN
0.0085035	NaN
0.0081787	NaN
0.0078526	NaN
0.0075285	NaN
0.0072094	NaN
0.0068987	NaN
0.0065995	NaN
0.0063132	NaN
0.0060392	NaN
0.0057765	NaN
0.0055244	NaN
0.0052819	NaN
0.0050483	NaN
0.0048225	NaN
0.0046039	NaN
0.0043919	NaN
0.0041865	NaN
0.003988	NaN
0.0037963	NaN
0.0036115	NaN
0.0034338	NaN
0.0032633	NaN
0.0031001	NaN
0.0029444	NaN
0.0027968	NaN
0.002658	NaN
0.0025284	NaN
0.0024088	NaN
0.0022996	NaN
0.0022015	NaN
0.0021151	NaN
0.0020403	NaN
0.001976	NaN
0.0019209	NaN
0.0018735	NaN
0.0018327	NaN
0.001797	NaN
0.0017652	NaN
0.0017358	NaN
0.001708	NaN
0.0016815	NaN
0.0016563	NaN
0.0016323	NaN
0.0016094	NaN
0.0015875	NaN
0.0015667	NaN
0.0015467	NaN
0.0015275	NaN
0.0015088	NaN
0.0014903	NaN
0.0014716	NaN
0.0014525	NaN
0.0014326	NaN
0.0014116	NaN
0.0013892	NaN
0.0013649	NaN
0.0013373	NaN
0.001305	NaN
0.0012666	NaN
0.0012206	NaN
0.0011657	NaN
0.0011002	NaN
0.0010228	NaN
0.0009336	NaN
0.00083797	NaN
0.00074273	NaN
0.00065462	NaN
0.00058042	NaN
0.00052689	NaN
0.00050079	NaN
0.00050888	NaN
0.00055932	NaN
0.00066633	NaN
0.00084584	NaN
0.0011138	NaN
0.001486	NaN
0.0019784	NaN
0.002607	NaN
0.0033877	NaN
0.0043395	NaN
0.0054989	NaN
0.0069074	NaN
0.0086068	NaN
0.010639	NaN
0.013045	NaN
0.015868	NaN
0.019148	NaN
0.022929	NaN
0.027262	NaN
0.0322	NaN
0.037796	NaN
0.044105	NaN
0.05118	NaN
0.059074	NaN
0.067842	NaN
0.077531	NaN
0.088157	NaN
0.099718	NaN
0.11221	-0.57892
0.12564	-0.5803
0.13999	-0.58038
0.15528	-0.57923
0.17149	-0.57688
0.18863	-0.57338
0.20667	-0.56875
0.2256	-0.56297
0.24538	-0.55603
0.26599	-0.54794
0.2874	-0.53867
0.30959	-0.52823
0.33253	-0.5166
0.35619	-0.50379
0.38053	-0.48985
0.40546	-0.47488
0.43093	-0.45895
0.45685	-0.44216
0.48316	-0.4246
0.50979	-0.40637
0.53667	-0.38755
0.56373	-0.36823
0.59088	-0.3485
0.61801	-0.32843
0.64502	-0.3081
0.67181	-0.28759
0.69828	-0.26697
0.72432	-0.24632
0.74984	-0.22572
0.77472	-0.20524
0.79887	-0.185
0.82218	-0.16513
0.84456	-0.14576
0.8659	-0.12702
0.8861	-0.10905
0.90507	-0.09198
0.92269	-0.075947
0.93888	-0.061082
0.9535	-0.047512
0.9664	-0.035357
0.97744	-0.024737
0.98647	-0.015771
0.99334	-0.0085798
0.9979	-0.0032828
1	0
0.9995	0.0011519
0.9964	0.00013702
0.99087	-0.0029932
0.98307	-0.0081832
0.97318	-0.015377
0.96135	-0.02452
0.94778	-0.035556
0.93261	-0.048429
0.91603	-0.063085
0.89819	-0.079506
0.87926	-0.097719
0.85938	-0.11775
0.83871	-0.13964
0.81741	-0.16342
0.79563	-0.1891
0.77353	-0.21673
0.75126	-0.24634
0.72888	-0.27788
0.70636	-0.31122
0.68361	-0.34623
0.66059	-0.38276
0.63723	-0.42068
0.61345	-0.45984
0.58922	-0.5001
0.56445	-0.54134
0.53914	-0.58368
0.51337	-0.62773
0.48723	-0.67412
0.46082	-0.72349
0.4342	-0.77649
0.40749	-0.83375
0.38076	-0.89592
0.3541	-0.96362
0.32764	-1.0366
0.30156	-1.1128
0.27608	-1.19
0.25139	-1.2661
0.22769	-1.3387
0.20518	-1.4056
0.18407	-1.4647
0.16455	-1.5137
0.14674	-1.5536
0.13063	-1.5919
0.11615	-1.6376
0.10325	-1.6992
0.091878	NaN
0.081975	NaN
0.073488	NaN
0.066363	NaN
0.060531	NaN
0.055885	NaN
0.052313	NaN
0.0497	NaN
0.047935	NaN
0.046905	NaN
0.046496	NaN
0.046596	NaN
0.047106	NaN
0.047973	NaN
0.049153	NaN
0.0506	NaN
0.05227	NaN
0.054119	NaN
0.056101	NaN
0.058172	NaN
0.060286	NaN
0.062389	NaN
0.064427	NaN
0.066346	NaN
0.068091	NaN
0.069608	NaN
0.070841	NaN
0.071737	NaN
0.07225	NaN
0.072372	NaN
0.072105	NaN
0.07145	NaN
0.070411	NaN
0.068988	NaN
0.067184	NaN
0.065001	NaN
0.062447	NaN
0.059565	NaN
0.056406	NaN
0.053022	NaN
0.049466	NaN
0.04579	NaN
0.042045	NaN
0.038285	NaN
0.034559	NaN
0.03091	NaN
0.027374	NaN
0.023991	NaN
0.020798	NaN
0.017833	NaN
0.015134	NaN
0.01274	NaN
0.010683	NaN
0.008965	NaN
0.0075726	NaN
0.0064925	NaN
0.0057113	NaN
0.0052159	NaN
0.004993	NaN
0.0050294	NaN
0.0053093	NaN
0.0057967	NaN
0.0064448	NaN
0.0072071	NaN
0.0080367	NaN
0.0088871	NaN
0.0097115	NaN
0.010463	NaN
0.011098	NaN
0.0116	NaN
0.011967	NaN
0.012199	NaN
0.012295	NaN
0.012255	NaN
0.012078	NaN
0.011763	NaN
0.011311	NaN
0.010736	NaN
0.010059	NaN
0.0093056	NaN
0.0084971	NaN
0.0076569	NaN
0.006808	NaN
0.0059734	NaN
0.0051756	NaN
0.0044267	NaN
0.0037309	NaN
0.0030925	NaN
0.0025154	NaN
0.0020036	NaN
0.0015613	NaN
0.0011925	NaN
0.00090089	NaN
0.0006838	NaN
0.00053261	NaN
0.0004385	NaN
0.00039266	NaN
0.00038626	NaN
0.0004105	NaN
0.00045654	NaN
0.00051569	NaN
0.00058202	NaN
0.00065252	NaN
0.00072433	NaN
0.00079458	NaN
0.00086041	NaN
0.00091896	NaN
0.00096736	NaN
0.0010028	NaN
0.0010244	NaN
0.0010334	NaN
0.0010315	NaN
0.0010202	NaN
0.0010009	NaN
0.00097517	NaN
0.00094456	NaN
0.00091055	NaN
0.0008742	NaN
0.00083594	NaN
0.00079613	NaN
0.00075516	NaN
0.00071338	NaN
0.00067117	NaN
0.00062891	NaN
0.00058697	NaN
0.00054561	NaN
0.00050495	NaN
0.0004651	NaN
0.00042614	NaN
0.00038817	NaN
0.0003513	NaN
0.00031562	NaN
0.00028124	NaN
0.00024833	NaN
0.00021725	NaN
0.00018838	NaN
0.00016209	NaN
0.00013875	NaN
0.00011872	NaN
0.00010239	NaN
9.0131e-05	NaN
8.2017e-05	NaN
7.7512e-05	NaN
7.5989e-05	NaN
7.6821e-05	NaN
7.9383e-05	NaN
8.3049e-05	NaN
8.7191e-05	NaN
9.1186e-05	NaN
9.4558e-05	NaN
9.7222e-05	NaN
9.9157e-05	NaN
0.00010034	NaN
0.00010075	NaN
0.00010036	NaN
9.9146e-05	NaN
9.7093e-05	NaN
9.4215e-05	NaN
9.065e-05	NaN
8.6561e-05	NaN
8.2109e-05	NaN
7.7456e-05	NaN
7.2763e-05	NaN
6.8194e-05	NaN
6.3908e-05	NaN
6.0032e-05	NaN
5.6558e-05	NaN
5.3452e-05	NaN
5.0676e-05	NaN
4.8196e-05	NaN
4.5977e-05	NaN
4.3981e-05	NaN
4.2174e-05	NaN
4.0527e-05	NaN
3.904e-05	NaN
3.7723e-05	NaN
3.6584e-05	NaN
3.563e-05	NaN
3.4871e-05	NaN
3.4316e-05	NaN
3.3972e-05	NaN
3.3839e-05	NaN
3.3871e-05	NaN
3.4008e-05	NaN
3.419e-05	NaN
3.4357e-05	NaN
3.4451e-05	NaN
3.4409e-05	NaN
3.4174e-05	NaN
3.3701e-05	NaN
3.3046e-05	NaN
3.2302e-05	NaN
3.1559e-05	NaN
3.091e-05	NaN
3.0446e-05	NaN
3.0259e-05	NaN
3.0441e-05	NaN
3.1066e-05	NaN
3.2097e-05	NaN
3.3447e-05	NaN
3.5028e-05	NaN
3.6755e-05	NaN
3.8538e-05	NaN
4.0293e-05	NaN
4.1931e-05	NaN
4.3371e-05	NaN
4.4563e-05	NaN
4.5476e-05	NaN
4.6079e-05	NaN
4.6341e-05	NaN
4.6232e-05	NaN
4.5719e-05	NaN
4.4771e-05	NaN
4.3371e-05	NaN
4.1632e-05	NaN
3.9741e-05	NaN
3.7887e-05	NaN
3.626e-05	NaN
3.5049e-05	NaN
3.4443e-05	NaN
3.4631e-05	NaN
3.5782e-05	NaN
3.7828e-05	NaN
4.0544e-05	NaN
4.3698e-05	NaN
4.7062e-05	NaN
5.0406e-05	NaN
5.35e-05	NaN
5.6114e-05	NaN
5.8031e-05	NaN
5.9205e-05	NaN
5.9723e-05	NaN
5.9678e-05	NaN
5.9162e-05	NaN
5.8265e-05	NaN
5.708e-05	NaN
5.5698e-05	NaN
5.421e-05	NaN
5.2713e-05	NaN
5.1304e-05	NaN
5.0082e-05	NaN
4.9144e-05	NaN
4.8589e-05	NaN
4.8514e-05	NaN
4.9019e-05	NaN
5.0195e-05	NaN
5.1981e-05	NaN
5.4161e-05	NaN
5.6508e-05	NaN
5.8798e-05	NaN
6.0806e-05	NaN
6.2307e-05	NaN
6.3076e-05	NaN
6.2893e-05	NaN
6.1688e-05	NaN
5.9573e-05	NaN
5.6668e-05	NaN
5.3095e-05	NaN
4.8975e-05	NaN
4.4429e-05	NaN
3.9578e-05	NaN
3.4544e-05	NaN
2.9448e-05	NaN
2.441e-05	NaN
1.9554e-05	NaN
1.5e-05	NaN
1.0869e-05	NaN
7.2832e-06	NaN
4.3641e-06	NaN
2.2318e-06	NaN
9.2417e-07	NaN
3.4844e-07	NaN
4.0002e-07	NaN
9.7432e-07	NaN
1.9668e-06	NaN
3.2728e-06	NaN
4.7877e-06	NaN
6.4074e-06	NaN
8.0516e-06	NaN
9.6856e-06	NaN
1.1279e-05	NaN
1.2802e-05	NaN
1.4225e-05	NaN
1.5517e-05	NaN
1.6649e-05	NaN
1.759e-05	NaN
1.8315e-05	NaN
1.8812e-05	NaN
1.9068e-05	NaN
1.9073e-05	NaN
1.8813e-05	NaN
1.8278e-05	NaN
1.7456e-05	NaN
1.6335e-05	NaN
1.4925e-05	NaN
1.3295e-05	NaN
1.1522e-05	NaN
9.682e-06	NaN
7.8519e-06	NaN
6.1085e-06	NaN
4.5285e-06	NaN
3.1886e-06	NaN
2.146e-06	NaN
1.3999e-06	NaN
9.3923e-07	NaN
7.5269e-07	NaN
8.2907e-07	NaN
1.1571e-06	NaN
1.7257e-06	NaN
2.5234e-06	NaN
3.5325e-06	NaN
4.712e-06	NaN
6.0159e-06	NaN
7.3983e-06	NaN
8.8131e-06	NaN
1.0214e-05	NaN
1.1556e-05	NaN
1.2793e-05	NaN
1.3889e-05	NaN
1.4855e-05	NaN
1.5714e-05	NaN
1.6488e-05	NaN
1.7198e-05	NaN
1.7869e-05	NaN
1.852e-05	NaN
1.9176e-05	NaN
1.9852e-05	NaN
2.0533e-05	NaN
2.1197e-05	NaN
2.182e-05	NaN
2.238e-05	NaN
2.2852e-05	NaN
2.3215e-05	NaN
2.3444e-05	NaN
2.352e-05	NaN
2.3448e-05	NaN
2.3241e-05	NaN
2.291e-05	NaN
2.2468e-05	NaN
2.1928e-05	NaN
2.1302e-05	NaN
2.0602e-05	NaN
1.9842e-05	NaN
1.903e-05	NaN
1.8176e-05	NaN
1.7287e-05	NaN
1.6374e-05	NaN
1.5444e-05	NaN
1.4506e-05	NaN
1.3569e-05	NaN
1.2642e-05	NaN
1.1727e-05	NaN
1.0829e-05	NaN
9.9492e-06	NaN
9.0897e-06	NaN
8.253e-06	NaN
7.4416e-06	NaN
6.6577e-06	NaN
5.9037e-06	NaN
5.1836e-06	NaN
4.5017e-06	NaN
3.8626e-06	NaN
3.2708e-06	NaN
2.7307e-06	NaN
2.2469e-06	NaN
1.8239e-06	NaN
1.4657e-06	NaN
1.1703e-06	NaN
9.3169e-07	NaN
7.4389e-07	NaN
6.0087e-07	NaN
4.9661e-07	NaN
4.251e-07	NaN
3.8032e-07	NaN
3.564e-07	NaN
3.4957e-07	NaN
3.5766e-07	NaN
3.7855e-07	NaN
4.1011e-07	NaN
4.502e-07	NaN
4.9671e-07	NaN
5.475e-07	NaN
6.0044e-07	NaN
6.5352e-07	NaN
7.0477e-07	NaN
7.5223e-07	NaN
7.9396e-07	NaN
8.28e-07	NaN
8.524e-07	NaN
8.652e-07	NaN
8.6454e-07	NaN
8.5049e-07	NaN
8.2509e-07	NaN
7.9046e-07	NaN
7.4872e-07	NaN
7.0201e-07	NaN
6.5243e-07	NaN
6.0213e-07	NaN
5.5319e-07	NaN
5.0707e-07	NaN
4.6443e-07	NaN
4.259e-07	NaN
3.9211e-07	NaN
3.6368e-07	NaN
3.4123e-07	NaN
3.2541e-07	NaN
3.1681e-07	NaN
3.1542e-07	NaN
3.2036e-07	NaN
3.3069e-07	NaN
3.4549e-07	NaN
3.6382e-07	NaN
3.8473e-07	NaN
4.0731e-07	NaN
4.3061e-07	NaN
4.5357e-07	NaN
4.7494e-07	NaN
4.9347e-07	NaN
5.0789e-07	NaN
5.1694e-07	NaN
5.1935e-07	NaN
5.1386e-07	NaN
4.9922e-07	NaN
4.7518e-07	NaN
4.4327e-07	NaN
4.0526e-07	NaN
3.6288e-07	NaN
3.1787e-07	NaN
2.7198e-07	NaN
2.2695e-07	NaN
1.8452e-07	NaN
1.4601e-07	NaN
1.1189e-07	NaN
8.2491e-08	NaN
5.8171e-08	NaN
3.9272e-08	NaN
2.6139e-08	NaN
1.9121e-08	NaN
1.856e-08	NaN
2.4415e-08	NaN
3.5683e-08	NaN
5.1221e-08	NaN
6.9884e-08	NaN
9.0526e-08	NaN
1.12e-07	NaN
1.3317e-07	NaN
1.5288e-07	NaN
1.7023e-07	NaN
1.8503e-07	NaN
1.9717e-07	NaN
2.066e-07	NaN
2.1323e-07	NaN
2.1697e-07	NaN
2.1775e-07	NaN
2.1549e-07	NaN
2.1011e-07	NaN
2.0153e-07	NaN
1.8967e-07	NaN
1.7445e-07	NaN
1.5579e-07	NaN
1.336e-07	NaN
1.0782e-07	NaN
7.8358e-08	NaN
4.6754e-08	NaN
5.4389e-08	NaN
6.3959e-08	NaN
7.5165e-08	NaN
