1.2177e-07	NaN
1.1527e-07	NaN
1.0859e-07	NaN
1.0175e-07	NaN
9.4813e-08	NaN
8.7814e-08	NaN
8.08e-08	NaN
7.3815e-08	NaN
6.6904e-08	NaN
6.011e-08	NaN
5.3478e-08	NaN
4.7054e-08	NaN
4.088e-08	NaN
3.5001e-08	NaN
2.9462e-08	NaN
2.4308e-08	NaN
1.9583e-08	NaN
1.534e-08	NaN
1.1633e-08	NaN
8.5178e-09	NaN
6.0474e-09	NaN
4.2767e-09	NaN
3.2602e-09	NaN
3.0524e-09	NaN
3.7001e-09	NaN
5.1993e-09	NaN
7.5255e-09	NaN
1.0654e-08	NaN
1.4561e-08	NaN
1.9221e-08	NaN
2.461e-08	NaN
3.0702e-08	NaN
3.7471e-08	NaN
4.4852e-08	NaN
5.2767e-08	NaN
6.1138e-08	NaN
6.9885e-08	NaN
7.893e-08	NaN
8.8195e-08	NaN
9.76e-08	NaN
1.0705e-07	NaN
1.1628e-07	NaN
1.2494e-07	NaN
1.3267e-07	NaN
1.3913e-07	NaN
1.4394e-07	NaN
1.4676e-07	NaN
1.4724e-07	NaN
1.4506e-07	NaN
1.4054e-07	NaN
1.3437e-07	NaN
1.2724e-07	NaN
1.1985e-07	NaN
1.129e-07	NaN
1.0709e-07	NaN
1.0312e-07	NaN
1.0163e-07	NaN
1.0266e-07	NaN
1.0576e-07	NaN
1.1049e-07	NaN
1.1641e-07	NaN
1.2305e-07	NaN
1.2997e-07	NaN
1.3673e-07	NaN
1.429e-07	NaN
1.4877e-07	NaN
1.5519e-07	NaN
1.6304e-07	NaN
1.732e-07	NaN
1.8654e-07	NaN
2.0395e-07	NaN
2.263e-07	NaN
2.5443e-07	NaN
2.883e-07	NaN
3.2703e-07	NaN
3.6967e-07	NaN
4.1529e-07	NaN
4.6295e-07	NaN
5.1173e-07	NaN
5.6069e-07	NaN
6.089e-07	NaN
6.558e-07	NaN
7.0123e-07	NaN
7.4505e-07	NaN
7.8712e-07	NaN
8.273e-07	NaN
8.6544e-07	NaN
9.0142e-07	NaN
9.3512e-07	NaN
9.6727e-07	NaN
9.9979e-07	NaN
1.0346e-06	NaN
1.0738e-06	NaN
1.1192e-06	NaN
1.1728e-06	NaN
1.2367e-06	NaN
1.3128e-06	NaN
1.4051e-06	NaN
1.5206e-06	NaN
1.6665e-06	NaN
1.8501e-06	NaN
2.0787e-06	NaN
2.3594e-06	NaN
2.6995e-06	NaN
3.1064e-06	NaN
3.5894e-06	NaN
4.1621e-06	NaN
4.8382e-06	NaN
5.6315e-06	NaN
6.5559e-06	NaN
7.6251e-06	NaN
8.8531e-06	NaN
1.0253e-05	NaN
1.1825e-05	NaN
1.3535e-05	NaN
1.5347e-05	NaN
1.7226e-05	NaN
1.9134e-05	NaN
2.1035e-05	NaN
2.2894e-05	NaN
2.4673e-05	NaN
2.6341e-05	NaN
2.7872e-05	NaN
2.9245e-05	NaN
3.0436e-05	NaN
3.1422e-05	NaN
3.218e-05	NaN
3.2688e-05	NaN
3.2923e-05	NaN
3.289e-05	NaN
3.2677e-05	NaN
3.2384e-05	NaN
3.2113e-05	NaN
3.1964e-05	NaN
3.2039e-05	NaN
3.2438e-05	NaN
3.3263e-05	NaN
3.4608e-05	NaN
3.6541e-05	NaN
3.913e-05	NaN
4.2437e-05	NaN
4.653e-05	NaN
5.1471e-05	NaN
5.7328e-05	NaN
6.4164e-05	NaN
7.2025e-05	NaN
8.088e-05	NaN
9.0682e-05	NaN
0.00010138	NaN
0.00011293	NaN
0.00012527	NaN
0.00013837	NaN
0.00015216	NaN
0.00016663	NaN
0.00018181	NaN
0.00019779	NaN
0.00021463	NaN
0.0002324	NaN
0.00025119	NaN
0.00027106	NaN
0.00029208	NaN
0.0003143	NaN
0.00033759	NaN
0.00036177	NaN
0.00038664	NaN
0.00041202	NaN
0.00043774	NaN
0.0004636	NaN
0.00048941	NaN
0.00051501	NaN
0.0005402	NaN
0.00056482	NaN
0.00058871	NaN
0.00061168	NaN
0.00063358	NaN
0.00065422	NaN
0.00067345	NaN
0.0006911	NaN
0.00070712	NaN
0.00072149	NaN
0.00073422	NaN
0.00074529	NaN
0.0007547	NaN
0.00076243	NaN
0.00076849	NaN
0.00077285	NaN
0.00077542	NaN
0.00077608	NaN
0.0007747	NaN
0.00077114	NaN
0.00076528	NaN
0.00075698	NaN
0.00074611	NaN
0.00073256	NaN
0.00071631	NaN
0.00069741	NaN
0.0006759	NaN
0.00065184	NaN
0.00062527	NaN
0.00059626	NaN
0.00056483	NaN
0.00053109	NaN
0.00049558	NaN
0.00045918	NaN
0.00042279	NaN
0.0003873	NaN
0.00035361	NaN
0.00032261	NaN
0.0002952	NaN
0.00027225	NaN
0.00025455	NaN
0.00024279	NaN
0.00023763	NaN
0.00023977	NaN
0.00024989	NaN
0.00026865	NaN
0.00029676	NaN
0.00033486	NaN
0.00038323	NaN
0.00044176	NaN
0.00051031	NaN
0.00058875	NaN
0.00067696	NaN
0.0007748	NaN
0.00088215	NaN
0.00099886	NaN
0.0011244	NaN
0.0012579	NaN
0.0013984	NaN
0.001545	NaN
0.0016967	NaN
0.0018526	NaN
0.0020117	NaN
0.0021732	NaN
0.002336	NaN
0.002499	NaN
0.0026613	NaN
0.0028217	NaN
0.0029793	NaN
0.0031329	NaN
0.0032815	NaN
0.0034241	NaN
0.00356	NaN
0.0036891	NaN
0.0038113	NaN
0.0039265	NaN
0.0040348	NaN
0.0041359	NaN
0.0042299	NaN
0.0043166	NaN
0.004396	NaN
0.0044677	NaN
0.0045316	NaN
0.0045873	NaN
0.0046345	NaN
0.0046731	NaN
0.0047026	NaN
0.0047229	NaN
0.0047338	NaN
0.0047354	NaN
0.0047278	NaN
0.0047111	NaN
0.0046855	NaN
0.004651	NaN
0.0046078	NaN
0.0045559	NaN
0.0044959	NaN
0.0044287	NaN
0.0043554	NaN
0.0042771	NaN
0.0041949	NaN
0.0041099	NaN
0.0040233	NaN
0.0039362	NaN
0.0038496	NaN
0.0037645	NaN
0.0036821	NaN
0.0036033	NaN
0.0035292	NaN
0.0034608	NaN
0.0033991	NaN
0.0033451	NaN
0.0032998	NaN
0.0032635	NaN
0.0032364	NaN
0.0032189	NaN
0.0032112	NaN
0.0032136	NaN
0.0032262	NaN
0.0032495	NaN
0.0032832	NaN
0.003326	NaN
0.0033759	NaN
0.0034311	NaN
0.0034899	NaN
0.0035503	NaN
0.0036105	NaN
0.0036687	NaN
0.0037233	NaN
0.0037736	NaN
0.0038192	NaN
0.0038599	NaN
0.0038951	NaN
0.0039246	NaN
0.0039478	NaN
0.0039646	NaN
0.0039747	NaN
0.0039793	NaN
0.00398	NaN
0.0039784	NaN
0.0039761	NaN
0.0039747	NaN
0.0039758	NaN
0.003981	NaN
0.0039918	NaN
0.0040097	NaN
0.004036	NaN
0.004072	NaN
0.004119	NaN
0.0041784	NaN
0.0042513	NaN
0.0043393	NaN
0.0044434	NaN
0.0045648	NaN
0.0047041	NaN
0.0048622	NaN
0.0050398	NaN
0.0052377	NaN
0.0054568	NaN
0.0056978	NaN
0.0059613	NaN
0.0062462	NaN
0.0065507	NaN
0.0068727	NaN
0.0072104	NaN
0.0075617	NaN
0.0079247	NaN
0.0082975	NaN
0.0086781	NaN
0.0090652	NaN
0.0094577	NaN
0.0098545	NaN
0.010254	NaN
0.010657	NaN
0.01106	NaN
0.011463	NaN
0.011864	NaN
0.012262	NaN
0.01265	NaN
0.013024	NaN
0.01338	NaN
0.013714	NaN
0.014019	NaN
0.014293	NaN
0.014529	NaN
0.014725	NaN
0.014876	NaN
0.014978	NaN
0.015029	NaN
0.015023	NaN
0.014957	NaN
0.014828	NaN
0.014631	NaN
0.014369	NaN
0.014047	NaN
0.01367	NaN
0.013245	NaN
0.012777	NaN
0.012272	NaN
0.011737	NaN
0.011177	NaN
0.010598	NaN
0.010005	NaN
0.0094042	NaN
0.0087998	NaN
0.0081979	NaN
0.0076036	NaN
0.0070225	NaN
0.0064599	NaN
0.0059191	NaN
0.0054014	NaN
0.0049076	NaN
0.0044389	NaN
0.0039961	NaN
0.0035801	NaN
0.003192	NaN
0.0028328	NaN
0.0025025	NaN
0.0022003	NaN
0.001925	NaN
0.0016757	NaN
0.0014512	NaN
0.0012506	NaN
0.0010729	NaN
0.00091681	NaN
0.00078109	NaN
0.00066364	NaN
0.00056237	NaN
0.00047515	NaN
0.00039988	NaN
0.00033445	NaN
0.00027675	NaN
0.00022468	NaN
0.00017695	NaN
0.00013388	NaN
9.5996e-05	NaN
6.3799e-05	NaN
3.7806e-05	NaN
1.853e-05	NaN
6.484e-06	NaN
2.1819e-06	NaN
6.1327e-06	NaN
1.8837e-05	NaN
4.0796e-05	NaN
7.2508e-05	NaN
0.00011447	NaN
0.00016719	NaN
0.00023117	NaN
0.00030689	NaN
0.00039419	NaN
0.00049104	NaN
0.00059514	NaN
0.00070417	NaN
0.00081581	NaN
0.00092774	NaN
0.0010377	NaN
0.0011432	NaN
0.0012421	NaN
0.0013318	NaN
0.0014097	NaN
0.0014734	NaN
0.0015202	NaN
0.0015477	NaN
0.0015533	NaN
0.0015345	NaN
0.0014896	NaN
0.0014209	NaN
0.001331	NaN
0.001223	NaN
0.0010997	NaN
0.00096402	NaN
0.00081878	NaN
0.00066689	NaN
0.00051371	NaN
0.00037544	NaN
0.00027129	NaN
0.00022043	NaN
0.00024206	NaN
0.00035537	NaN
0.00057956	NaN
0.00093381	NaN
0.0014418	NaN
0.0021507	NaN
0.0031151	NaN
0.0043896	NaN
0.006029	NaN
0.0080878	NaN
0.010621	NaN
0.013683	NaN
0.017328	NaN
0.021611	NaN
0.026584	NaN
0.032303	NaN
0.038821	NaN
0.046191	NaN
0.054468	NaN
0.063705	NaN
0.073955	NaN
0.085267	NaN
0.097685	NaN
0.11125	-0.64147
0.12602	-0.63223
0.14203	-0.62184
0.15933	-0.61067
0.17796	-0.59908
0.19796	-0.58741
0.21928	-0.57569
0.24181	-0.56383
0.26546	-0.55171
0.29012	-0.53923
0.31571	-0.52628
0.34211	-0.51276
0.36923	-0.49855
0.39698	-0.48355
0.42524	-0.46777
0.45394	-0.45123
0.48297	-0.43399
0.51225	-0.41608
0.54167	-0.39755
0.57114	-0.37843
0.60058	-0.35879
0.62988	-0.33865
0.65893	-0.3181
0.68759	-0.29725
0.71573	-0.27621
0.74322	-0.25508
0.76992	-0.23396
0.79571	-0.21296
0.82045	-0.1922
0.844	-0.17178
0.86626	-0.15181
0.88714	-0.13244
0.90654	-0.11379
0.92437	-0.09601
0.94054	-0.079222
0.95496	-0.063563
0.96753	-0.049167
0.97816	-0.036168
0.98679	-0.02467
0.99334	-0.014755
0.99776	-0.0065051
1	0
0.99999	0.0046795
0.99767	0.0074526
0.99299	0.0082387
0.98589	0.0069596
0.97649	0.0036052
0.96507	-0.0017616
0.95193	-0.0090745
0.93737	-0.018267
0.9217	-0.029272
0.9052	-0.042024
0.88818	-0.056457
0.87093	-0.072505
0.85362	-0.090169
0.83628	-0.10953
0.81893	-0.13069
0.80159	-0.15372
0.78426	-0.17871
0.76696	-0.20576
0.74971	-0.23495
0.73253	-0.26636
0.71536	-0.29998
0.69809	-0.33562
0.68057	-0.37308
0.66268	-0.41217
0.64426	-0.45269
0.6252	-0.49444
0.60535	-0.53723
0.58457	-0.58087
0.56282	-0.62543
0.54015	-0.67139
0.51665	-0.7193
0.49239	-0.76969
0.46746	-0.8231
0.44192	-0.88007
0.41586	-0.94114
0.38936	-1.0068
0.36255	-1.0768
0.33568	-1.1489
0.30903	-1.221
0.28284	-1.2908
0.25738	-1.356
0.23291	-1.4143
0.2097	-1.4635
0.18801	-1.5014
0.16802	-1.5288
0.14973	-1.5538
0.13312	-1.5855
0.11816	-1.633
0.10484	-1.7052
0.093128	NaN
0.083002	NaN
0.07444	NaN
0.067396	NaN
0.06176	NaN
0.057414	NaN
0.054238	NaN
0.052115	NaN
0.050923	NaN
0.050546	NaN
0.050864	NaN
0.051766	NaN
0.053168	NaN
0.054993	NaN
0.057161	NaN
0.059594	NaN
0.062212	NaN
0.064938	NaN
0.067693	NaN
0.070403	NaN
0.073009	NaN
0.075458	NaN
0.077697	NaN
0.07967	NaN
0.081325	NaN
0.082608	NaN
0.083464	NaN
0.08385	NaN
0.083768	NaN
0.083234	NaN
0.082261	NaN
0.080864	NaN
0.079058	NaN
0.076856	NaN
0.074273	NaN
0.071328	NaN
0.068059	NaN
0.06451	NaN
0.060725	NaN
0.056748	NaN
0.052624	NaN
0.048397	NaN
0.04411	NaN
0.03981	NaN
0.035541	NaN
0.031349	NaN
0.02728	NaN
0.023381	NaN
0.019698	NaN
0.016276	NaN
0.013162	NaN
0.010398	NaN
0.0079885	NaN
0.005926	NaN
0.0042012	NaN
0.0028055	NaN
0.0017298	NaN
0.00096539	NaN
0.00050338	NaN
0.00033227	NaN
0.00041788	NaN
0.00071457	NaN
0.0011766	NaN
0.0017582	NaN
0.0024137	NaN
0.0030973	NaN
0.0037633	NaN
0.0043683	NaN
0.0048925	NaN
0.0053301	NaN
0.0056757	NaN
0.0059236	NaN
0.0060683	NaN
0.0061042	NaN
0.0060257	NaN
0.0058285	NaN
0.0055246	NaN
0.0051368	NaN
0.0046884	NaN
0.0042026	NaN
0.0037023	NaN
0.0032109	NaN
0.0027515	NaN
0.0023464	NaN
0.002005	NaN
0.0017262	NaN
0.0015091	NaN
0.0013524	NaN
0.0012548	NaN
0.0012154	NaN
0.0012327	NaN
0.0013055	NaN
0.0014254	NaN
0.0015784	NaN
0.0017501	NaN
0.0019261	NaN
0.0020921	NaN
0.0022336	NaN
0.0023362	NaN
0.0023861	NaN
0.0023796	NaN
0.0023243	NaN
0.0022282	NaN
0.0020991	NaN
0.0019453	NaN
0.0017745	NaN
0.0015949	NaN
0.0014143	NaN
0.0012383	NaN
0.0010693	NaN
0.00090957	NaN
0.00076153	NaN
0.00062746	NaN
0.00050968	NaN
0.0004105	NaN
0.00033219	NaN
0.00027495	NaN
0.00023603	NaN
0.00021246	NaN
0.00020129	NaN
0.00019955	NaN
0.00020428	NaN
0.00021252	NaN
0.00022131	NaN
0.00022882	NaN
0.00023497	NaN
0.00023985	NaN
0.00024355	NaN
0.00024618	NaN
0.00024782	NaN
0.00024857	NaN
0.00024853	NaN
0.00024773	NaN
0.00024617	NaN
0.00024378	NaN
0.00024055	NaN
0.00023643	NaN
0.00023137	NaN
0.00022535	NaN
0.00021833	NaN
0.00021033	NaN
0.00020154	NaN
0.00019216	NaN
0.00018239	NaN
0.00017245	NaN
0.00016252	NaN
0.00015281	NaN
0.00014353	NaN
0.00013482	NaN
0.0001267	NaN
0.00011916	NaN
0.00011219	NaN
0.00010579	NaN
9.9945e-05	NaN
9.4651e-05	NaN
8.9899e-05	NaN
8.5661e-05	NaN
8.185e-05	NaN
7.8367e-05	NaN
7.5113e-05	NaN
7.1988e-05	NaN
6.8895e-05	NaN
6.5734e-05	NaN
6.2405e-05	NaN
5.8837e-05	NaN
5.5051e-05	NaN
5.1087e-05	NaN
4.6987e-05	NaN
4.2793e-05	NaN
3.8547e-05	NaN
3.4289e-05	NaN
3.0063e-05	NaN
2.5917e-05	NaN
2.1938e-05	NaN
1.8224e-05	NaN
1.4869e-05	NaN
1.197e-05	NaN
9.6243e-06	NaN
7.927e-06	NaN
6.9746e-06	NaN
6.838e-06	NaN
7.4631e-06	NaN
8.7572e-06	NaN
1.0627e-05	NaN
1.2981e-05	NaN
1.5724e-05	NaN
1.8766e-05	NaN
2.2012e-05	NaN
2.5376e-05	NaN
2.8799e-05	NaN
3.2237e-05	NaN
3.5643e-05	NaN
3.8971e-05	NaN
4.2175e-05	NaN
4.521e-05	NaN
4.8029e-05	NaN
5.0604e-05	NaN
5.303e-05	NaN
5.5452e-05	NaN
5.8018e-05	NaN
6.0874e-05	NaN
6.4167e-05	NaN
6.8043e-05	NaN
7.2649e-05	NaN
7.8099e-05	NaN
8.4221e-05	NaN
9.0706e-05	NaN
9.7242e-05	NaN
0.00010352	NaN
0.00010922	NaN
0.00011405	NaN
0.00011768	NaN
0.00011983	NaN
0.00012045	NaN
0.00011962	NaN
0.00011743	NaN
0.00011395	NaN
0.00010929	NaN
0.00010352	NaN
9.6724e-05	NaN
8.9003e-05	NaN
8.0557e-05	NaN
7.1659e-05	NaN
6.2586e-05	NaN
5.3613e-05	NaN
4.5015e-05	NaN
3.7068e-05	NaN
3.0048e-05	NaN
2.4215e-05	NaN
1.9611e-05	NaN
1.6106e-05	NaN
1.3569e-05	NaN
1.1865e-05	NaN
1.0863e-05	NaN
1.0429e-05	NaN
1.043e-05	NaN
1.0734e-05	NaN
1.1233e-05	NaN
1.1841e-05	NaN
1.2469e-05	NaN
1.3032e-05	NaN
1.3443e-05	NaN
1.3616e-05	NaN
1.3464e-05	NaN
1.2904e-05	NaN
1.194e-05	NaN
1.0668e-05	NaN
9.184e-06	NaN
7.5881e-06	NaN
5.9783e-06	NaN
4.4531e-06	NaN
3.111e-06	NaN
2.0495e-06	NaN
1.3369e-06	NaN
1.0068e-06	NaN
1.0907e-06	NaN
1.62e-06	NaN
2.6263e-06	NaN
4.141e-06	NaN
6.1955e-06	NaN
8.8202e-06	NaN
1.1987e-05	NaN
1.5589e-05	NaN
1.9511e-05	NaN
2.3642e-05	NaN
2.7866e-05	NaN
3.2072e-05	NaN
3.6144e-05	NaN
3.9972e-05	NaN
4.3497e-05	NaN
4.6755e-05	NaN
4.9785e-05	NaN
5.263e-05	NaN
5.5331e-05	NaN
5.793e-05	NaN
6.0467e-05	NaN
6.2984e-05	NaN
6.5505e-05	NaN
6.8027e-05	NaN
7.054e-05	NaN
7.3035e-05	NaN
7.5505e-05	NaN
7.794e-05	NaN
8.0333e-05	NaN
8.2674e-05	NaN
8.4936e-05	NaN
8.7048e-05	NaN
8.8933e-05	NaN
9.0515e-05	NaN
9.1719e-05	NaN
9.2468e-05	NaN
9.2685e-05	NaN
9.2295e-05	NaN
9.1261e-05	NaN
8.9647e-05	NaN
8.7533e-05	NaN
8.4998e-05	NaN
8.2121e-05	NaN
7.8982e-05	NaN
7.566e-05	NaN
7.2235e-05	NaN
6.8776e-05	NaN
6.5328e-05	NaN
6.1928e-05	NaN
5.8616e-05	NaN
5.543e-05	NaN
5.2409e-05	NaN
4.9591e-05	NaN
4.7015e-05	NaN
4.4709e-05	NaN
4.2671e-05	NaN
4.089e-05	NaN
3.9353e-05	NaN
3.8051e-05	NaN
3.6972e-05	NaN
3.6105e-05	NaN
3.544e-05	NaN
3.4962e-05	NaN
3.4645e-05	NaN
3.4459e-05	NaN
3.4375e-05	NaN
3.4363e-05	NaN
3.4394e-05	NaN
3.4437e-05	NaN
3.4463e-05	NaN
3.4444e-05	NaN
3.4358e-05	NaN
3.4186e-05	NaN
3.3908e-05	NaN
3.3504e-05	NaN
3.2955e-05	NaN
3.2241e-05	NaN
3.1342e-05	NaN
3.0246e-05	NaN
2.8974e-05	NaN
2.7562e-05	NaN
2.6047e-05	NaN
2.4463e-05	NaN
2.2846e-05	NaN
2.1232e-05	NaN
1.9656e-05	NaN
1.815e-05	NaN
1.6727e-05	NaN
1.5387e-05	NaN
1.4134e-05	NaN
1.2969e-05	NaN
1.1894e-05	NaN
1.0913e-05	NaN
1.0027e-05	NaN
9.2376e-06	NaN
8.5421e-06	NaN
7.9356e-06	NaN
7.4128e-06	NaN
6.9687e-06	NaN
6.5982e-06	NaN
6.2962e-06	NaN
6.0575e-06	NaN
5.8769e-06	NaN
5.7454e-06	NaN
5.6525e-06	NaN
5.5873e-06	NaN
5.5392e-06	NaN
5.4976e-06	NaN
5.4516e-06	NaN
5.3905e-06	NaN
5.3045e-06	NaN
5.1915e-06	NaN
5.0549e-06	NaN
4.8983e-06	NaN
4.7252e-06	NaN
4.5389e-06	NaN
4.3431e-06	NaN
4.1412e-06	NaN
3.9367e-06	NaN
3.7318e-06	NaN
3.5281e-06	NaN
3.327e-06	NaN
3.1301e-06	NaN
2.9388e-06	NaN
2.7546e-06	NaN
2.5791e-06	NaN
2.4136e-06	NaN
2.2584e-06	NaN
2.1129e-06	NaN
1.9763e-06	NaN
1.8479e-06	NaN
1.7271e-06	NaN
1.6131e-06	NaN
1.5051e-06	NaN
1.4026e-06	NaN
1.3048e-06	NaN
1.2113e-06	NaN
1.1216e-06	NaN
1.0353e-06	NaN
9.5171e-07	NaN
8.7052e-07	NaN
7.9118e-07	NaN
7.1323e-07	NaN
6.3666e-07	NaN
5.6198e-07	NaN
4.8973e-07	NaN
4.2047e-07	NaN
3.5474e-07	NaN
2.9309e-07	NaN
2.3606e-07	NaN
1.842e-07	NaN
1.3803e-07	NaN
9.8076e-08	NaN
6.4827e-08	NaN
3.8791e-08	NaN
2.0471e-08	NaN
1.0373e-08	NaN
9.0008e-09	NaN
1.6843e-08	NaN
3.3446e-08	NaN
5.6886e-08	NaN
8.511e-08	NaN
1.1607e-07	NaN
1.4771e-07	NaN
1.7797e-07	NaN
2.0482e-07	NaN
2.262e-07	NaN
2.4092e-07	NaN
2.4936e-07	NaN
2.5203e-07	NaN
2.4947e-07	NaN
2.4219e-07	NaN
2.3073e-07	NaN
2.1562e-07	NaN
1.9737e-07	NaN
1.7669e-07	NaN
1.5463e-07	NaN
1.3229e-07	NaN
1.1076e-07	NaN
9.1137e-08	NaN
7.4521e-08	NaN
6.2009e-08	NaN
5.4695e-08	NaN
5.3123e-08	NaN
5.6473e-08	NaN
6.3723e-08	NaN
7.3848e-08	NaN
8.5825e-08	NaN
9.8629e-08	NaN
1.1124e-07	NaN
1.2262e-07	NaN
1.3206e-07	NaN
1.3964e-07	NaN
1.456e-07	NaN
1.5021e-07	NaN
1.537e-07	NaN
1.5632e-07	NaN
1.5832e-07	NaN
1.5994e-07	NaN
1.6144e-07	NaN
1.6306e-07	NaN
1.6504e-07	NaN
1.6764e-07	NaN
1.7109e-07	NaN
1.7566e-07	NaN
1.8158e-07	NaN
1.891e-07	NaN
1.2802e-07	NaN
