5.8477e-09	NaN
1.7524e-07	NaN
2.1905e-07	NaN
2.5145e-07	NaN
2.7354e-07	NaN
2.8644e-07	NaN
2.9125e-07	NaN
2.8908e-07	NaN
2.8103e-07	NaN
2.6822e-07	NaN
2.5174e-07	NaN
2.3272e-07	NaN
2.1225e-07	NaN
1.9144e-07	NaN
1.7141e-07	NaN
1.5325e-07	NaN
1.3808e-07	NaN
1.27e-07	NaN
1.2094e-07	NaN
1.1978e-07	NaN
1.2305e-07	NaN
1.3028e-07	NaN
1.4099e-07	NaN
1.5471e-07	NaN
1.7097e-07	NaN
1.893e-07	NaN
2.0919e-07	NaN
2.299e-07	NaN
2.506e-07	NaN
2.7047e-07	NaN
2.8867e-07	NaN
3.0438e-07	NaN
3.1676e-07	NaN
3.2498e-07	NaN
3.2834e-07	NaN
3.2709e-07	NaN
3.2196e-07	NaN
3.1364e-07	NaN
3.0287e-07	NaN
2.9036e-07	NaN
2.7682e-07	NaN
2.6298e-07	NaN
2.4951e-07	NaN
2.3682e-07	NaN
2.2512e-07	NaN
2.1464e-07	NaN
2.056e-07	NaN
1.9823e-07	NaN
1.9275e-07	NaN
1.8939e-07	NaN
1.8841e-07	NaN
1.9056e-07	NaN
1.9687e-07	NaN
2.084e-07	NaN
2.262e-07	NaN
2.5132e-07	NaN
2.8481e-07	NaN
3.2771e-07	NaN
3.8103e-07	NaN
4.4504e-07	NaN
5.1944e-07	NaN
6.0396e-07	NaN
6.9831e-07	NaN
8.0218e-07	NaN
9.1529e-07	NaN
1.0374e-06	NaN
1.168e-06	NaN
1.3057e-06	NaN
1.4479e-06	NaN
1.592e-06	NaN
1.7355e-06	NaN
1.8757e-06	NaN
2.0101e-06	NaN
2.136e-06	NaN
2.2511e-06	NaN
2.354e-06	NaN
2.4449e-06	NaN
2.5239e-06	NaN
2.5914e-06	NaN
2.6475e-06	NaN
2.6923e-06	NaN
2.7261e-06	NaN
2.749e-06	NaN
2.7615e-06	NaN
2.7639e-06	NaN
2.757e-06	NaN
2.7412e-06	NaN
2.717e-06	NaN
2.6851e-06	NaN
2.6459e-06	NaN
2.6e-06	NaN
2.5489e-06	NaN
2.4954e-06	NaN
2.4424e-06	NaN
2.3926e-06	NaN
2.349e-06	NaN
2.3143e-06	NaN
2.2915e-06	NaN
2.2833e-06	NaN
2.2903e-06	NaN
2.3098e-06	NaN
2.3386e-06	NaN
2.3739e-06	NaN
2.4124e-06	NaN
2.4511e-06	NaN
2.487e-06	NaN
2.517e-06	NaN
2.5393e-06	NaN
2.5542e-06	NaN
2.5621e-06	NaN
2.5635e-06	NaN
2.5589e-06	NaN
2.5489e-06	NaN
2.5338e-06	NaN
2.5143e-06	NaN
2.4918e-06	NaN
2.4699e-06	NaN
2.4525e-06	NaN
2.4435e-06	NaN
2.4467e-06	NaN
2.466e-06	NaN
2.5052e-06	NaN
2.5684e-06	NaN
2.6575e-06	NaN
2.7709e-06	NaN
2.9061e-06	NaN
3.0608e-06	NaN
3.2325e-06	NaN
3.4189e-06	NaN
3.6175e-06	NaN
3.8261e-06	NaN
4.0404e-06	NaN
4.2514e-06	NaN
4.4494e-06	NaN
4.6246e-06	NaN
4.7669e-06	NaN
4.8668e-06	NaN
4.9142e-06	NaN
4.8994e-06	NaN
4.8165e-06	NaN
4.6731e-06	NaN
4.4796e-06	NaN
4.2463e-06	NaN
3.9834e-06	NaN
3.7013e-06	NaN
3.4103e-06	NaN
3.1208e-06	NaN
2.8415e-06	NaN
2.576e-06	NaN
2.3261e-06	NaN
2.0938e-06	NaN
1.8811e-06	NaN
1.69e-06	NaN
1.5225e-06	NaN
1.3806e-06	NaN
1.2654e-06	NaN
1.175e-06	NaN
1.1063e-06	NaN
1.0562e-06	NaN
1.0219e-06	NaN
1.0001e-06	NaN
9.8797e-07	NaN
9.8241e-07	NaN
9.8077e-07	NaN
9.8248e-07	NaN
9.8766e-07	NaN
9.9643e-07	NaN
1.0089e-06	NaN
1.0252e-06	NaN
1.0455e-06	NaN
1.0699e-06	NaN
1.0986e-06	NaN
1.1325e-06	NaN
1.1731e-06	NaN
1.2214e-06	NaN
1.2789e-06	NaN
1.3467e-06	NaN
1.4262e-06	NaN
1.5186e-06	NaN
1.6245e-06	NaN
1.7394e-06	NaN
1.8563e-06	NaN
1.9683e-06	NaN
2.0686e-06	NaN
2.15e-06	NaN
2.2057e-06	NaN
2.2288e-06	NaN
2.2136e-06	NaN
2.1659e-06	NaN
2.0981e-06	NaN
2.0223e-06	NaN
1.9509e-06	NaN
1.8962e-06	NaN
1.8703e-06	NaN
1.8856e-06	NaN
1.9532e-06	NaN
2.0733e-06	NaN
2.2387e-06	NaN
2.442e-06	NaN
2.6761e-06	NaN
2.9338e-06	NaN
3.2078e-06	NaN
3.4908e-06	NaN
3.7761e-06	NaN
4.061e-06	NaN
4.3465e-06	NaN
4.6335e-06	NaN
4.9228e-06	NaN
5.2154e-06	NaN
5.5122e-06	NaN
5.814e-06	NaN
6.1223e-06	NaN
6.4488e-06	NaN
6.8136e-06	NaN
7.237e-06	NaN
7.7395e-06	NaN
8.3413e-06	NaN
9.0629e-06	NaN
9.9247e-06	NaN
1.0945e-05	NaN
1.2108e-05	NaN
1.3363e-05	NaN
1.4656e-05	NaN
1.5937e-05	NaN
1.7152e-05	NaN
1.825e-05	NaN
1.9177e-05	NaN
1.9884e-05	NaN
2.0347e-05	NaN
2.0577e-05	NaN
2.0585e-05	NaN
2.0383e-05	NaN
1.9984e-05	NaN
1.9398e-05	NaN
1.8639e-05	NaN
1.7717e-05	NaN
1.666e-05	NaN
1.5515e-05	NaN
1.4328e-05	NaN
1.3148e-05	NaN
1.2022e-05	NaN
1.0997e-05	NaN
1.0122e-05	NaN
9.4421e-06	NaN
8.9757e-06	NaN
8.6951e-06	NaN
8.5693e-06	NaN
8.5672e-06	NaN
8.6576e-06	NaN
8.8097e-06	NaN
8.9922e-06	NaN
9.1741e-06	NaN
9.3265e-06	NaN
9.4238e-06	NaN
9.441e-06	NaN
9.3529e-06	NaN
9.1344e-06	NaN
8.7605e-06	NaN
8.2061e-06	NaN
7.4461e-06	NaN
6.4864e-06	NaN
5.3942e-06	NaN
4.2443e-06	NaN
3.1116e-06	NaN
2.0706e-06	NaN
1.1963e-06	NaN
5.6338e-07	NaN
2.4649e-07	NaN
2.9707e-07	NaN
7.1186e-07	NaN
1.4797e-06	NaN
2.5895e-06	NaN
4.0301e-06	NaN
5.7904e-06	NaN
7.8592e-06	NaN
1.0225e-05	NaN
1.2857e-05	NaN
1.5662e-05	NaN
1.8542e-05	NaN
2.1394e-05	NaN
2.412e-05	NaN
2.6617e-05	NaN
2.8786e-05	NaN
3.0526e-05	NaN
3.1754e-05	NaN
3.2443e-05	NaN
3.2577e-05	NaN
3.2143e-05	NaN
3.1124e-05	NaN
2.9505e-05	NaN
2.7271e-05	NaN
2.4408e-05	NaN
2.0975e-05	NaN
1.7323e-05	NaN
1.3874e-05	NaN
1.1047e-05	NaN
9.2622e-06	NaN
8.9404e-06	NaN
1.0502e-05	NaN
1.4366e-05	NaN
2.0932e-05	NaN
3.0498e-05	NaN
4.3335e-05	NaN
5.9713e-05	NaN
7.9904e-05	NaN
0.00010418	NaN
0.00013281	NaN
0.00016606	NaN
0.00020421	NaN
0.00024755	NaN
0.00029639	NaN
0.00035102	NaN
0.00041174	NaN
0.00047885	NaN
0.00055266	NaN
0.00063347	NaN
0.00072156	NaN
0.0008172	NaN
0.00092062	NaN
0.0010321	NaN
0.0011518	NaN
0.0012801	NaN
0.0014171	NaN
0.0015631	NaN
0.0017184	NaN
0.0018842	NaN
0.0020617	NaN
0.0022524	NaN
0.0024577	NaN
0.002679	NaN
0.0029176	NaN
0.003175	NaN
0.0034524	NaN
0.0037504	NaN
0.0040691	NaN
0.0044084	NaN
0.0047684	NaN
0.0051494	NaN
0.0055512	NaN
0.0059739	NaN
0.0064175	NaN
0.0068793	NaN
0.0073552	NaN
0.007841	NaN
0.0083327	NaN
0.008826	NaN
0.0093168	NaN
0.009801	NaN
0.010274	NaN
0.010733	NaN
0.011174	NaN
0.011592	NaN
0.011985	NaN
0.012347	NaN
0.012677	NaN
0.012969	NaN
0.013221	NaN
0.013429	NaN
0.013594	NaN
0.013714	NaN
0.013788	NaN
0.013814	NaN
0.013794	NaN
0.013724	NaN
0.013605	NaN
0.013437	NaN
0.013225	NaN
0.012971	NaN
0.012679	NaN
0.012353	NaN
0.011996	NaN
0.011611	NaN
0.011202	NaN
0.010773	NaN
0.010326	NaN
0.0098637	NaN
0.0093895	NaN
0.0089061	NaN
0.0084165	NaN
0.0079235	NaN
0.00743	NaN
0.0069392	NaN
0.0064546	NaN
0.0059796	NaN
0.0055178	NaN
0.0050725	NaN
0.0046474	NaN
0.0042459	NaN
0.0038715	NaN
0.0035256	NaN
0.0032069	NaN
0.0029137	NaN
0.0026444	NaN
0.0023974	NaN
0.0021711	NaN
0.0019637	NaN
0.0017738	NaN
0.0015998	NaN
0.0014407	NaN
0.0012952	NaN
0.0011623	NaN
0.001041	NaN
0.00092997	NaN
0.00082823	NaN
0.00073465	NaN
0.00064841	NaN
0.00056931	NaN
0.0004972	NaN
0.00043194	NaN
0.00037338	NaN
0.00032138	NaN
0.0002758	NaN
0.0002365	NaN
0.0002032	NaN
0.00017537	NaN
0.0001524	NaN
0.0001337	NaN
0.0001187	NaN
0.0001068	NaN
9.74e-05	NaN
8.9924e-05	NaN
8.393e-05	NaN
7.9394e-05	NaN
7.6356e-05	NaN
7.4861e-05	NaN
7.495e-05	NaN
7.6665e-05	NaN
8.005e-05	NaN
8.5147e-05	NaN
9.2262e-05	NaN
0.00010253	NaN
0.00011726	NaN
0.00013774	NaN
0.00016528	NaN
0.00020117	NaN
0.00024673	NaN
0.00030325	NaN
0.00037331	NaN
0.00046433	NaN
0.00058479	NaN
0.00074323	NaN
0.00094815	NaN
0.0012081	NaN
0.0015315	NaN
0.0019269	NaN
0.0024054	NaN
0.0029893	NaN
0.0037039	NaN
0.0045745	NaN
0.0056265	NaN
0.0068853	NaN
0.0083762	NaN
0.010124	NaN
0.012158	NaN
0.014517	NaN
0.017247	NaN
0.020391	NaN
0.023995	NaN
0.028103	NaN
0.032759	NaN
0.038009	NaN
0.043896	NaN
0.050466	NaN
0.057764	NaN
0.065835	NaN
0.074725	NaN
0.084478	NaN
0.095139	NaN
0.10676	-0.60469
0.11937	-0.60307
0.13299	-0.60008
0.14762	-0.59576
0.16327	-0.59014
0.17993	-0.58324
0.19762	-0.57511
0.21633	-0.56578
0.23606	-0.55526
0.25682	-0.54361
0.2786	-0.53088
0.30136	-0.51716
0.32511	-0.50251
0.3498	-0.48703
0.37543	-0.47078
0.40198	-0.45385
0.42942	-0.43632
0.45773	-0.41826
0.48679	-0.39975
0.51643	-0.38089
0.54648	-0.36175
0.57675	-0.34241
0.60709	-0.32296
0.63731	-0.30348
0.66725	-0.28405
0.69673	-0.26476
0.7256	-0.24564
0.75373	-0.22671
0.78097	-0.20799
0.8072	-0.18949
0.83226	-0.17123
0.85603	-0.15321
0.87836	-0.13546
0.89912	-0.118
0.9182	-0.10095
0.93551	-0.084522
0.95096	-0.06892
0.96446	-0.054358
0.97594	-0.041044
0.98529	-0.029189
0.99243	-0.019004
0.99727	-0.010692
0.99979	-0.0043554
1	0
0.99792	0.0023724
0.99357	0.00276
0.98697	0.0011606
0.97814	-0.0024276
0.96709	-0.0080066
0.95387	-0.015578
0.93864	-0.025138
0.92176	-0.036677
0.90358	-0.050183
0.88447	-0.065648
0.86478	-0.083059
0.84487	-0.10241
0.82511	-0.12368
0.80583	-0.14687
0.78718	-0.17192
0.76904	-0.19869
0.75126	-0.22705
0.7337	-0.25689
0.71621	-0.28807
0.69865	-0.32047
0.68089	-0.35395
0.66278	-0.38838
0.64418	-0.42394
0.62497	-0.46116
0.60505	-0.50064
0.58428	-0.54296
0.56255	-0.5887
0.53975	-0.63846
0.51574	-0.69281
0.49043	-0.75232
0.46383	-0.8165
0.43621	-0.8831
0.40786	-0.94967
0.37907	-1.0138
0.35013	-1.073
0.32133	-1.1249
0.29296	-1.1671
0.2653	-1.1971
0.23862	-1.2164
0.21311	-1.2338
0.18895	-1.2589
0.16634	-1.3015
0.14546	-1.3711
0.12651	-1.4775
0.10967	-1.6303
0.095133	NaN
0.08297	NaN
0.07301	NaN
0.065046	NaN
0.058869	NaN
0.054273	NaN
0.051048	NaN
0.048987	NaN
0.047883	NaN
0.047556	NaN
0.047901	NaN
0.048824	NaN
0.050232	NaN
0.052032	NaN
0.054129	NaN
0.056432	NaN
0.058847	NaN
0.061291	NaN
0.063714	NaN
0.066073	NaN
0.068325	NaN
0.070425	NaN
0.072332	NaN
0.074002	NaN
0.07539	NaN
0.076461	NaN
0.077202	NaN
0.077604	NaN
0.07766	NaN
0.077364	NaN
0.076706	NaN
0.07568	NaN
0.074277	NaN
0.072497	NaN
0.070359	NaN
0.067891	NaN
0.065121	NaN
0.062074	NaN
0.058779	NaN
0.055263	NaN
0.051553	NaN
0.04768	NaN
0.043698	NaN
0.039667	NaN
0.035648	NaN
0.0317	NaN
0.027884	NaN
0.024261	NaN
0.020891	NaN
0.017828	NaN
0.015094	NaN
0.012696	NaN
0.010643	NaN
0.0089445	NaN
0.0076077	NaN
0.0066412	NaN
0.0060534	NaN
0.0058473	NaN
0.0059855	NaN
0.0064137	NaN
0.0070772	NaN
0.0079216	NaN
0.0088923	NaN
0.0099346	NaN
0.010994	NaN
0.012019	NaN
0.012977	NaN
0.013848	NaN
0.014611	NaN
0.015246	NaN
0.015731	NaN
0.016046	NaN
0.016171	NaN
0.016086	NaN
0.015801	NaN
0.01534	NaN
0.014728	NaN
0.013988	NaN
0.013145	NaN
0.012224	NaN
0.01125	NaN
0.010245	NaN
0.0092293	NaN
0.0082164	NaN
0.0072207	NaN
0.0062565	NaN
0.0053382	NaN
0.0044801	NaN
0.0036965	NaN
0.0030009	NaN
0.0023965	NaN
0.0018778	NaN
0.0014392	NaN
0.001075	NaN
0.00077968	NaN
0.0005476	NaN
0.00037311	NaN
0.00025058	NaN
0.00017375	NaN
0.00013582	NaN
0.00012999	NaN
0.00014944	NaN
0.00018735	NaN
0.00023692	NaN
0.00029132	NaN
0.00034386	NaN
0.0003909	NaN
0.00043202	NaN
0.00046692	NaN
0.00049533	NaN
0.00051697	NaN
0.00053157	NaN
0.00053883	NaN
0.0005385	NaN
0.00053068	NaN
0.00051593	NaN
0.00049481	NaN
0.00046793	NaN
0.00043586	NaN
0.00039918	NaN
0.00035848	NaN
0.00031434	NaN
0.00026793	NaN
0.00022117	NaN
0.00017603	NaN
0.00013451	NaN
9.8588e-05	NaN
7.025e-05	NaN
5.1481e-05	NaN
4.4254e-05	NaN
4.9793e-05	NaN
6.8104e-05	NaN
9.908e-05	NaN
0.00014261	NaN
0.00019859	NaN
0.00026692	NaN
0.00034748	NaN
0.00044016	NaN
0.00054451	NaN
0.00065938	NaN
0.00078357	NaN
0.00091587	NaN
0.0010551	NaN
0.0012	NaN
0.0013494	NaN
0.001502	NaN
0.001657	NaN
0.0018139	NaN
0.0019722	NaN
0.0021315	NaN
0.0022915	NaN
0.0024519	NaN
0.0026121	NaN
0.0027718	NaN
0.0029304	NaN
0.0030867	NaN
0.0032395	NaN
0.0033875	NaN
0.0035294	NaN
0.003664	NaN
0.0037899	NaN
0.0039061	NaN
0.0040113	NaN
0.0041052	NaN
0.0041877	NaN
0.0042586	NaN
0.0043175	NaN
0.0043643	NaN
0.0043988	NaN
0.0044207	NaN
0.0044303	NaN
0.0044292	NaN
0.0044193	NaN
0.0044027	NaN
0.0043813	NaN
0.004357	NaN
0.0043319	NaN
0.0043079	NaN
0.0042867	NaN
0.0042684	NaN
0.0042531	NaN
0.0042406	NaN
0.0042308	NaN
0.0042236	NaN
0.004219	NaN
0.0042167	NaN
0.0042167	NaN
0.004219	NaN
0.0042234	NaN
0.0042298	NaN
0.0042382	NaN
0.0042485	NaN
0.0042605	NaN
0.0042743	NaN
0.0042896	NaN
0.0043063	NaN
0.0043239	NaN
0.0043423	NaN
0.0043611	NaN
0.00438	NaN
0.0043986	NaN
0.0044167	NaN
0.0044339	NaN
0.0044494	NaN
0.0044622	NaN
0.0044713	NaN
0.0044757	NaN
0.0044745	NaN
0.0044665	NaN
0.004451	NaN
0.0044268	NaN
0.0043936	NaN
0.0043512	NaN
0.0042994	NaN
0.0042381	NaN
0.004167	NaN
0.004086	NaN
0.0039948	NaN
0.0038934	NaN
0.0037826	NaN
0.0036634	NaN
0.0035371	NaN
0.0034048	NaN
0.0032678	NaN
0.0031272	NaN
0.0029842	NaN
0.00284	NaN
0.0026953	NaN
0.0025504	NaN
0.0024057	NaN
0.0022615	NaN
0.0021183	NaN
0.0019765	NaN
0.0018363	NaN
0.0016982	NaN
0.0015627	NaN
0.0014305	NaN
0.0013024	NaN
0.0011791	NaN
0.0010612	NaN
0.00094955	NaN
0.00084475	NaN
0.00074756	NaN
0.00065858	NaN
0.00057839	NaN
0.00050753	NaN
0.00044655	NaN
0.00039602	NaN
0.00035649	NaN
0.0003285	NaN
0.0003126	NaN
0.00030887	NaN
0.0003169	NaN
0.00033629	NaN
0.00036661	NaN
0.00040745	NaN
0.00045839	NaN
0.00051903	NaN
0.00058892	NaN
0.00066727	NaN
0.0007528	NaN
0.00084423	NaN
0.00094026	NaN
0.0010396	NaN
0.001141	NaN
0.0012431	NaN
0.0013446	NaN
0.0014444	NaN
0.0015413	NaN
0.0016342	NaN
0.0017219	NaN
0.0018035	NaN
0.0018778	NaN
0.0019436	NaN
0.0019999	NaN
0.0020459	NaN
0.0020814	NaN
0.0021062	NaN
0.0021202	NaN
0.0021231	NaN
0.0021147	NaN
0.002095	NaN
0.0020638	NaN
0.0020211	NaN
0.0019681	NaN
0.0019055	NaN
0.0018345	NaN
0.001756	NaN
0.0016709	NaN
0.0015803	NaN
0.0014852	NaN
0.0013865	NaN
0.0012856	NaN
0.0011837	NaN
0.0010821	NaN
0.00098195	NaN
0.00088463	NaN
0.00079136	NaN
0.00070339	NaN
0.00062165	NaN
0.00054619	NaN
0.00047695	NaN
0.00041383	NaN
0.00035677	NaN
0.00030569	NaN
0.00026051	NaN
0.00022116	NaN
0.00018746	NaN
0.00015897	NaN
0.0001352	NaN
0.00011565	NaN
9.9822e-05	NaN
8.722e-05	NaN
7.7348e-05	NaN
6.971e-05	NaN
6.3859e-05	NaN
5.9515e-05	NaN
5.6435e-05	NaN
5.4375e-05	NaN
5.3092e-05	NaN
5.2342e-05	NaN
5.1883e-05	NaN
5.1471e-05	NaN
5.0905e-05	NaN
5.0152e-05	NaN
4.9225e-05	NaN
4.8134e-05	NaN
4.6891e-05	NaN
4.5509e-05	NaN
4.3998e-05	NaN
4.2371e-05	NaN
4.064e-05	NaN
3.8825e-05	NaN
3.6947e-05	NaN
3.5026e-05	NaN
3.3084e-05	NaN
3.1143e-05	NaN
2.9224e-05	NaN
2.7347e-05	NaN
2.5531e-05	NaN
2.3787e-05	NaN
2.2117e-05	NaN
2.0526e-05	NaN
1.902e-05	NaN
1.7602e-05	NaN
1.6277e-05	NaN
1.5049e-05	NaN
1.3922e-05	NaN
1.2887e-05	NaN
1.193e-05	NaN
1.1039e-05	NaN
1.02e-05	NaN
9.4003e-06	NaN
8.626e-06	NaN
7.8642e-06	NaN
7.1032e-06	NaN
6.3455e-06	NaN
5.6002e-06	NaN
4.8765e-06	NaN
4.1833e-06	NaN
3.53e-06	NaN
2.9256e-06	NaN
2.3793e-06	NaN
1.8994e-06	NaN
1.486e-06	NaN
1.1345e-06	NaN
8.4028e-07	NaN
5.9877e-07	NaN
4.0534e-07	NaN
2.5538e-07	NaN
1.4428e-07	NaN
6.7417e-08	NaN
1.9817e-08	NaN
3.6844e-09	NaN
8.2607e-09	NaN
9.1522e-10	NaN
1.8671e-08	NaN
3.9832e-08	NaN
5.9228e-08	NaN
7.1934e-08	NaN
7.6684e-08	NaN
7.498e-08	NaN
6.839e-08	NaN
5.8485e-08	NaN
4.6833e-08	NaN
3.5004e-08	NaN
2.4569e-08	NaN
1.7033e-08	NaN
1.2752e-08	NaN
1.1078e-08	NaN
1.1327e-08	NaN
1.2814e-08	NaN
1.4857e-08	NaN
1.677e-08	NaN
1.7872e-08	NaN
1.7504e-08	NaN
1.5645e-08	NaN
1.2914e-08	NaN
9.9579e-09	NaN
7.4246e-09	NaN
5.9612e-09	NaN
6.2151e-09	NaN
8.8337e-09	NaN
1.4487e-08	NaN
2.4532e-08	NaN
4.1133e-08	NaN
6.6496e-08	NaN
1.0283e-07	NaN
1.5234e-07	NaN
2.1723e-07	NaN
2.9972e-07	NaN
4.0193e-07	NaN
5.2255e-07	NaN
6.5565e-07	NaN
7.9497e-07	NaN
9.3424e-07	NaN
1.0672e-06	NaN
1.1876e-06	NaN
1.2892e-06	NaN
1.3657e-06	NaN
1.4143e-06	NaN
1.4369e-06	NaN
1.436e-06	NaN
1.4143e-06	NaN
1.3741e-06	NaN
1.318e-06	NaN
1.2486e-06	NaN
1.1682e-06	NaN
1.0797e-06	NaN
9.8592e-07	NaN
8.8996e-07	NaN
7.9484e-07	NaN
7.0356e-07	NaN
6.1914e-07	NaN
5.4461e-07	NaN
4.8298e-07	NaN
4.3585e-07	NaN
4.0187e-07	NaN
3.7929e-07	NaN
3.6637e-07	NaN
3.6139e-07	NaN
3.626e-07	NaN
3.6827e-07	NaN
3.7665e-07	NaN
3.862e-07	NaN
3.9577e-07	NaN
4.043e-07	NaN
4.1072e-07	NaN
4.1396e-07	NaN
4.1296e-07	NaN
4.0664e-07	NaN
3.9393e-07	NaN
3.7429e-07	NaN
3.486e-07	NaN
3.1803e-07	NaN
2.8374e-07	NaN
2.469e-07	NaN
2.0867e-07	NaN
1.7022e-07	NaN
1.327e-07	NaN
9.7283e-08	NaN
6.5128e-08	NaN
3.7398e-08	NaN
1.5257e-08	NaN
1.3164e-10	NaN
7.6048e-09	NaN
5.9994e-09	NaN
