1.2237e-07	NaN
1.1888e-07	NaN
1.1411e-07	NaN
2.1522e-07	NaN
2.465e-07	NaN
2.8011e-07	NaN
3.1558e-07	NaN
3.5246e-07	NaN
3.9026e-07	NaN
4.2853e-07	NaN
4.668e-07	NaN
5.046e-07	NaN
5.4145e-07	NaN
5.769e-07	NaN
6.1048e-07	NaN
6.4171e-07	NaN
6.7014e-07	NaN
6.9529e-07	NaN
7.167e-07	NaN
7.339e-07	NaN
7.4643e-07	NaN
7.5389e-07	NaN
7.5591e-07	NaN
7.5211e-07	NaN
7.4211e-07	NaN
7.2553e-07	NaN
7.02e-07	NaN
6.7114e-07	NaN
6.3276e-07	NaN
5.8791e-07	NaN
5.3813e-07	NaN
4.85e-07	NaN
4.3005e-07	NaN
3.7485e-07	NaN
3.2094e-07	NaN
2.6989e-07	NaN
2.2312e-07	NaN
1.8101e-07	NaN
1.4346e-07	NaN
1.1036e-07	NaN
8.1591e-08	NaN
5.7055e-08	NaN
3.6641e-08	NaN
2.0237e-08	NaN
7.7525e-09	NaN
7.5857e-10	NaN
5.1579e-09	NaN
5.3067e-09	NaN
1.0663e-09	NaN
7.702e-09	NaN
2.1137e-08	NaN
3.9377e-08	NaN
6.2533e-08	NaN
9.0386e-08	NaN
1.225e-07	NaN
1.5846e-07	NaN
1.9781e-07	NaN
2.4012e-07	NaN
2.8497e-07	NaN
3.3192e-07	NaN
3.8052e-07	NaN
4.3022e-07	NaN
4.8036e-07	NaN
5.3029e-07	NaN
5.7937e-07	NaN
6.2693e-07	NaN
6.7233e-07	NaN
7.1492e-07	NaN
7.5412e-07	NaN
7.9088e-07	NaN
8.2745e-07	NaN
8.6611e-07	NaN
9.0914e-07	NaN
9.5884e-07	NaN
1.0175e-06	NaN
1.0874e-06	NaN
1.1707e-06	NaN
1.2679e-06	NaN
1.3778e-06	NaN
1.4991e-06	NaN
1.6306e-06	NaN
1.7708e-06	NaN
1.9185e-06	NaN
2.0725e-06	NaN
2.2312e-06	NaN
2.3922e-06	NaN
2.5511e-06	NaN
2.7035e-06	NaN
2.8453e-06	NaN
2.9719e-06	NaN
3.0791e-06	NaN
3.1626e-06	NaN
3.2182e-06	NaN
3.2467e-06	NaN
3.2562e-06	NaN
3.2548e-06	NaN
3.2509e-06	NaN
3.2527e-06	NaN
3.2687e-06	NaN
3.3069e-06	NaN
3.3759e-06	NaN
3.4821e-06	NaN
3.6301e-06	NaN
3.824e-06	NaN
4.0678e-06	NaN
4.3658e-06	NaN
4.7222e-06	NaN
5.141e-06	NaN
5.6263e-06	NaN
6.1789e-06	NaN
6.7928e-06	NaN
7.4619e-06	NaN
8.1797e-06	NaN
8.9399e-06	NaN
9.7362e-06	NaN
1.0562e-05	NaN
1.1412e-05	NaN
1.2288e-05	NaN
1.3216e-05	NaN
1.4221e-05	NaN
1.5331e-05	NaN
1.6571e-05	NaN
1.7969e-05	NaN
1.9551e-05	NaN
2.1343e-05	NaN
2.3377e-05	NaN
2.5696e-05	NaN
2.8345e-05	NaN
3.1368e-05	NaN
3.4809e-05	NaN
3.8714e-05	NaN
4.3127e-05	NaN
4.8092e-05	NaN
5.3647e-05	NaN
5.9804e-05	NaN
6.6573e-05	NaN
7.3962e-05	NaN
8.1982e-05	NaN
9.064e-05	NaN
9.9948e-05	NaN
0.00010991	NaN
0.00012054	NaN
0.00013182	NaN
0.00014372	NaN
0.00015623	NaN
0.00016934	NaN
0.00018303	NaN
0.00019727	NaN
0.00021205	NaN
0.00022736	NaN
0.00024316	NaN
0.00025944	NaN
0.00027619	NaN
0.00029337	NaN
0.00031097	NaN
0.00032896	NaN
0.00034733	NaN
0.00036606	NaN
0.00038513	NaN
0.00040456	NaN
0.00042432	NaN
0.00044441	NaN
0.00046484	NaN
0.00048559	NaN
0.00050667	NaN
0.00052804	NaN
0.00054954	NaN
0.00057095	NaN
0.00059208	NaN
0.00061271	NaN
0.00063263	NaN
0.00065164	NaN
0.00066952	NaN
0.00068608	NaN
0.0007012	NaN
0.00071483	NaN
0.00072687	NaN
0.00073726	NaN
0.00074592	NaN
0.00075278	NaN
0.00075776	NaN
0.00076081	NaN
0.00076202	NaN
0.00076152	NaN
0.00075948	NaN
0.00075605	NaN
0.00075138	NaN
0.00074562	NaN
0.00073892	NaN
0.00073141	NaN
0.0007231	NaN
0.00071389	NaN
0.0007037	NaN
0.00069245	NaN
0.00068005	NaN
0.00066641	NaN
0.00065145	NaN
0.00063509	NaN
0.00061732	NaN
0.00059817	NaN
0.00057769	NaN
0.00055589	NaN
0.00053282	NaN
0.00050851	NaN
0.000483	NaN
0.00045633	NaN
0.00042876	NaN
0.00040071	NaN
0.00037258	NaN
0.00034478	NaN
0.00031774	NaN
0.00029185	NaN
0.00026754	NaN
0.0002452	NaN
0.00022492	NaN
0.00020652	NaN
0.00018984	NaN
0.0001747	NaN
0.00016093	NaN
0.00014835	NaN
0.00013678	NaN
0.00012606	NaN
0.00011605	NaN
0.00010663	NaN
9.7718e-05	NaN
8.9203e-05	NaN
8.0985e-05	NaN
7.2962e-05	NaN
6.5034e-05	NaN
5.7103e-05	NaN
4.9231e-05	NaN
4.1656e-05	NaN
3.4626e-05	NaN
2.8388e-05	NaN
2.3189e-05	NaN
1.9276e-05	NaN
1.6898e-05	NaN
1.6295e-05	NaN
1.7496e-05	NaN
2.0253e-05	NaN
2.4299e-05	NaN
2.937e-05	NaN
3.5197e-05	NaN
4.1516e-05	NaN
4.8059e-05	NaN
5.4563e-05	NaN
6.0872e-05	NaN
6.6991e-05	NaN
7.2939e-05	NaN
7.8735e-05	NaN
8.4399e-05	NaN
8.995e-05	NaN
9.5407e-05	NaN
0.00010079	NaN
0.00010616	NaN
0.00011165	NaN
0.00011742	NaN
0.00012359	NaN
0.00013032	NaN
0.00013775	NaN
0.00014603	NaN
0.00015529	NaN
0.00016559	NaN
0.00017673	NaN
0.00018852	NaN
0.00020078	NaN
0.00021328	NaN
0.00022585	NaN
0.00023827	NaN
0.00025035	NaN
0.00026194	NaN
0.00027303	NaN
0.00028362	NaN
0.0002937	NaN
0.00030327	NaN
0.00031234	NaN
0.0003209	NaN
0.00032895	NaN
0.00033652	NaN
0.00034374	NaN
0.00035073	NaN
0.00035761	NaN
0.00036453	NaN
0.00037162	NaN
0.00037899	NaN
0.0003868	NaN
0.0003951	NaN
0.00040381	NaN
0.00041279	NaN
0.0004219	NaN
0.00043101	NaN
0.00043998	NaN
0.00044869	NaN
0.00045699	NaN
0.00046479	NaN
0.00047215	NaN
0.00047916	NaN
0.00048592	NaN
0.00049251	NaN
0.00049903	NaN
0.00050557	NaN
0.00051222	NaN
0.00051909	NaN
0.00052628	NaN
0.00053392	NaN
0.00054211	NaN
0.00055098	NaN
0.00056064	NaN
0.00057121	NaN
0.00058281	NaN
0.00059556	NaN
0.00060962	NaN
0.00062516	NaN
0.00064235	NaN
0.00066136	NaN
0.00068236	NaN
0.00070552	NaN
0.00073101	NaN
0.00075893	NaN
0.00078887	NaN
0.00082027	NaN
0.00085253	NaN
0.00088509	NaN
0.00091735	NaN
0.00094875	NaN
0.00097869	NaN
0.0010066	NaN
0.0010317	NaN
0.0010532	NaN
0.0010703	NaN
0.0010822	NaN
0.0010881	NaN
0.0010871	NaN
0.0010786	NaN
0.0010618	NaN
0.0010372	NaN
0.0010062	NaN
0.00096991	NaN
0.00092963	NaN
0.00088658	NaN
0.00084201	NaN
0.00079713	NaN
0.00075316	NaN
0.00071082	NaN
0.00067054	NaN
0.00063278	NaN
0.00059797	NaN
0.00056654	NaN
0.00053893	NaN
0.00051559	NaN
0.00049692	NaN
0.00048279	NaN
0.00047272	NaN
0.00046621	NaN
0.00046277	NaN
0.00046191	NaN
0.00046312	NaN
0.00046592	NaN
0.00046981	NaN
0.00047424	NaN
0.00047859	NaN
0.00048227	NaN
0.00048468	NaN
0.0004852	NaN
0.00048324	NaN
0.0004782	NaN
0.00046949	NaN
0.00045708	NaN
0.00044146	NaN
0.00042313	NaN
0.0004026	NaN
0.00038036	NaN
0.00035694	NaN
0.00033282	NaN
0.00030851	NaN
0.00028435	NaN
0.00026048	NaN
0.00023706	NaN
0.00021424	NaN
0.00019215	NaN
0.00017095	NaN
0.00015078	NaN
0.0001318	NaN
0.00011415	NaN
9.8005e-05	NaN
8.3543e-05	NaN
7.0932e-05	NaN
6.0345e-05	NaN
5.1952e-05	NaN
4.5927e-05	NaN
4.2438e-05	NaN
4.1612e-05	NaN
4.3504e-05	NaN
4.8167e-05	NaN
5.5652e-05	NaN
6.6011e-05	NaN
7.9294e-05	NaN
9.5555e-05	NaN
0.00011484	NaN
0.00013688	NaN
0.00016088	NaN
0.00018598	NaN
0.00021133	NaN
0.00023608	NaN
0.00025938	NaN
0.00028036	NaN
0.00029819	NaN
0.00031228	NaN
0.00032263	NaN
0.00032927	NaN
0.00033226	NaN
0.00033164	NaN
0.00032745	NaN
0.00031974	NaN
0.00030856	NaN
0.00029408	NaN
0.00027673	NaN
0.000257	NaN
0.00023536	NaN
0.0002123	NaN
0.00018829	NaN
0.00016383	NaN
0.00013937	NaN
0.00011553	NaN
9.3207e-05	NaN
7.3359e-05	NaN
5.6943e-05	NaN
4.4916e-05	NaN
3.8237e-05	NaN
3.7862e-05	NaN
4.475e-05	NaN
6.0188e-05	NaN
8.651e-05	NaN
0.00012626	NaN
0.00018197	NaN
0.00025618	NaN
0.00035144	NaN
0.00047029	NaN
0.00061526	NaN
0.00079038	NaN
0.0010052	NaN
0.0012707	NaN
0.0015977	NaN
0.001997	NaN
0.0024796	NaN
0.0030563	NaN
0.003738	NaN
0.0045394	NaN
0.0054923	NaN
0.0066328	NaN
0.0079973	NaN
0.0096221	NaN
0.011544	NaN
0.013798	NaN
0.016422	NaN
0.019451	NaN
0.022923	NaN
0.026876	NaN
0.031346	NaN
0.036372	NaN
0.041991	NaN
0.04824	NaN
0.055157	NaN
0.062777	NaN
0.071125	NaN
0.080222	NaN
0.090089	NaN
0.10074	-0.68453
0.11221	-0.68093
0.12451	-0.67582
0.13766	-0.66915
0.15168	-0.66088
0.16659	-0.65111
0.18244	-0.63997
0.19924	-0.62762
0.21703	-0.61422
0.23583	-0.5999
0.25568	-0.58482
0.27659	-0.56912
0.29859	-0.55296
0.32161	-0.53637
0.34552	-0.51938
0.37018	-0.50199
0.39549	-0.48422
0.42132	-0.46607
0.44753	-0.44757
0.47401	-0.42871
0.50064	-0.40951
0.52734	-0.38998
0.55408	-0.37011
0.58082	-0.34992
0.60752	-0.32939
0.63414	-0.30854
0.66064	-0.28736
0.68699	-0.26585
0.71315	-0.24404
0.73902	-0.22204
0.76451	-0.20008
0.7895	-0.17837
0.81389	-0.15712
0.83756	-0.13656
0.86041	-0.1169
0.88232	-0.098348
0.90319	-0.081126
0.92279	-0.065355
0.94084	-0.051089
0.95704	-0.03838
0.9711	-0.027279
0.98271	-0.017839
0.9916	-0.010111
0.99745	-0.004148
1	0
0.99927	0.0023058
0.99556	0.0027643
0.9892	0.0013717
0.9805	-0.0018763
0.9698	-0.0069838
0.9574	-0.013955
0.94362	-0.022793
0.92879	-0.033505
0.91311	-0.046132
0.89667	-0.060758
0.87954	-0.077468
0.86181	-0.096346
0.84357	-0.11748
0.82489	-0.14095
0.80585	-0.16684
0.78654	-0.19524
0.76694	-0.22609
0.74693	-0.25916
0.72637	-0.29422
0.70515	-0.33103
0.68311	-0.36937
0.66014	-0.40899
0.63611	-0.44966
0.61087	-0.49114
0.58444	-0.53356
0.557	-0.57749
0.52873	-0.62356
0.49984	-0.67239
0.47052	-0.72461
0.44097	-0.78084
0.41139	-0.84171
0.38196	-0.90782
0.35289	-0.97869
0.32438	-1.0521
0.29663	-1.1254
0.26984	-1.1964
0.24421	-1.2625
0.21995	-1.3213
0.19724	-1.3702
0.1763	-1.407
0.15723	-1.4328
0.13999	-1.4562
0.12448	-1.4862
0.11065	-1.5323
0.098401	NaN
0.08767	NaN
0.078379	NaN
0.07045	NaN
0.063807	NaN
0.058371	NaN
0.054064	NaN
0.050807	NaN
0.04852	NaN
0.047125	NaN
0.046542	NaN
0.046693	NaN
0.047496	NaN
0.048864	NaN
0.050708	NaN
0.052937	NaN
0.055465	NaN
0.058201	NaN
0.061056	NaN
0.063942	NaN
0.066775	NaN
0.069484	NaN
0.072003	NaN
0.074266	NaN
0.076204	NaN
0.077751	NaN
0.078841	NaN
0.079406	NaN
0.079399	NaN
0.078845	NaN
0.077783	NaN
0.076255	NaN
0.074301	NaN
0.071962	NaN
0.069277	NaN
0.066288	NaN
0.063037	NaN
0.059576	NaN
0.055959	NaN
0.052241	NaN
0.048474	NaN
0.044715	NaN
0.041016	NaN
0.037432	NaN
0.034011	NaN
0.030768	NaN
0.027706	NaN
0.024831	NaN
0.022146	NaN
0.019656	NaN
0.017366	NaN
0.015279	NaN
0.0134	NaN
0.011732	NaN
0.010276	NaN
0.0090343	NaN
0.0080093	NaN
0.0072027	NaN
0.0066167	NaN
0.0062532	NaN
0.0061122	NaN
0.0061784	NaN
0.00643	NaN
0.0068452	NaN
0.0074021	NaN
0.0080789	NaN
0.0088538	NaN
0.0097049	NaN
0.010611	NaN
0.011553	NaN
0.012517	NaN
0.013484	NaN
0.014439	NaN
0.015365	NaN
0.016246	NaN
0.017067	NaN
0.01781	NaN
0.018471	NaN
0.019047	NaN
0.019539	NaN
0.019946	NaN
0.020266	NaN
0.020499	NaN
0.020644	NaN
0.020701	NaN
0.020673	NaN
0.020568	NaN
0.020392	NaN
0.020152	NaN
0.019855	NaN
0.019508	NaN
0.019118	NaN
0.018691	NaN
0.018235	NaN
0.017754	NaN
0.017253	NaN
0.016738	NaN
0.016215	NaN
0.015688	NaN
0.015164	NaN
0.014647	NaN
0.01414	NaN
0.013643	NaN
0.013157	NaN
0.012682	NaN
0.012219	NaN
0.011766	NaN
0.011326	NaN
0.010898	NaN
0.010481	NaN
0.010078	NaN
0.0096872	NaN
0.0093098	NaN
0.0089461	NaN
0.0085964	NaN
0.0082609	NaN
0.0079401	NaN
0.0076338	NaN
0.0073417	NaN
0.0070632	NaN
0.0067978	NaN
0.0065451	NaN
0.0063046	NaN
0.0060758	NaN
0.0058581	NaN
0.0056509	NaN
0.0054527	NaN
0.0052624	NaN
0.0050786	NaN
0.0049	NaN
0.0047253	NaN
0.0045532	NaN
0.0043824	NaN
0.0042125	NaN
0.0040443	NaN
0.0038789	NaN
0.0037173	NaN
0.0035605	NaN
0.0034094	NaN
0.0032652	NaN
0.0031289	NaN
0.0030012	NaN
0.0028827	NaN
0.0027741	NaN
0.0026759	NaN
0.0025886	NaN
0.0025128	NaN
0.002449	NaN
0.0023977	NaN
0.0023593	NaN
0.0023332	NaN
0.0023189	NaN
0.0023158	NaN
0.0023235	NaN
0.0023413	NaN
0.0023687	NaN
0.0024052	NaN
0.0024502	NaN
0.0025035	NaN
0.0025648	NaN
0.0026337	NaN
0.0027098	NaN
0.002793	NaN
0.0028829	NaN
0.0029792	NaN
0.0030814	NaN
0.0031878	NaN
0.0032971	NaN
0.0034075	NaN
0.0035174	NaN
0.0036254	NaN
0.0037296	NaN
0.0038287	NaN
0.0039212	NaN
0.0040074	NaN
0.0040876	NaN
0.0041621	NaN
0.0042313	NaN
0.0042957	NaN
0.0043555	NaN
0.0044113	NaN
0.0044633	NaN
0.0045122	NaN
0.0045587	NaN
0.0046035	NaN
0.0046472	NaN
0.0046904	NaN
0.0047339	NaN
0.0047783	NaN
0.0048241	NaN
0.0048702	NaN
0.0049154	NaN
0.0049583	NaN
0.0049976	NaN
0.0050319	NaN
0.0050599	NaN
0.0050803	NaN
0.0050917	NaN
0.0050935	NaN
0.0050851	NaN
0.0050658	NaN
0.0050352	NaN
0.0049927	NaN
0.0049376	NaN
0.0048695	NaN
0.0047879	NaN
0.0046936	NaN
0.0045879	NaN
0.0044721	NaN
0.0043474	NaN
0.0042151	NaN
0.0040765	NaN
0.0039329	NaN
0.0037856	NaN
0.0036359	NaN
0.0034852	NaN
0.0033349	NaN
0.0031863	NaN
0.0030409	NaN
0.0029001	NaN
0.0027651	NaN
0.0026373	NaN
0.0025169	NaN
0.0024036	NaN
0.0022968	NaN
0.0021963	NaN
0.0021017	NaN
0.0020125	NaN
0.0019285	NaN
0.0018491	NaN
0.001774	NaN
0.001703	NaN
0.0016358	NaN
0.001572	NaN
0.0015113	NaN
0.0014534	NaN
0.0013981	NaN
0.0013451	NaN
0.0012943	NaN
0.0012461	NaN
0.0012008	NaN
0.0011588	NaN
0.0011202	NaN
0.0010855	NaN
0.0010549	NaN
0.0010288	NaN
0.0010068	NaN
0.0009884	NaN
0.00097285	NaN
0.00095949	NaN
0.00094764	NaN
0.00093662	NaN
0.00092575	NaN
0.00091436	NaN
0.0009021	NaN
0.00088894	NaN
0.00087486	NaN
0.00085983	NaN
0.00084384	NaN
0.00082687	NaN
0.00080889	NaN
0.0007899	NaN
0.00076993	NaN
0.00074914	NaN
0.00072765	NaN
0.00070562	NaN
0.00068319	NaN
0.00066049	NaN
0.00063768	NaN
0.00061488	NaN
0.00059216	NaN
0.00056944	NaN
0.00054665	NaN
0.00052371	NaN
0.00050054	NaN
0.00047708	NaN
0.00045323	NaN
0.00042893	NaN
0.00040419	NaN
0.00037913	NaN
0.0003539	NaN
0.00032865	NaN
0.00030353	NaN
0.00027868	NaN
0.00025424	NaN
0.00023037	NaN
0.00020721	NaN
0.00018489	NaN
0.00016354	NaN
0.0001433	NaN
0.0001243	NaN
0.00010668	NaN
9.0565e-05	NaN
7.6099e-05	NaN
6.3343e-05	NaN
5.2213e-05	NaN
4.261e-05	NaN
3.4431e-05	NaN
2.7574e-05	NaN
2.1938e-05	NaN
1.7423e-05	NaN
1.3925e-05	NaN
1.1353e-05	NaN
9.6374e-06	NaN
8.712e-06	NaN
8.511e-06	NaN
8.9684e-06	NaN
1.0018e-05	NaN
1.1594e-05	NaN
1.3631e-05	NaN
1.6053e-05	NaN
1.8759e-05	NaN
2.1642e-05	NaN
2.4595e-05	NaN
2.7512e-05	NaN
3.0286e-05	NaN
3.281e-05	NaN
3.4978e-05	NaN
3.6707e-05	NaN
3.7995e-05	NaN
3.8859e-05	NaN
3.9316e-05	NaN
3.9382e-05	NaN
3.9074e-05	NaN
3.8408e-05	NaN
3.7402e-05	NaN
3.6078e-05	NaN
3.4488e-05	NaN
3.2689e-05	NaN
3.074e-05	NaN
2.8699e-05	NaN
2.6624e-05	NaN
2.4572e-05	NaN
2.2603e-05	NaN
2.0764e-05	NaN
1.9063e-05	NaN
1.7489e-05	NaN
1.6037e-05	NaN
1.4699e-05	NaN
1.3465e-05	NaN
1.233e-05	NaN
1.1284e-05	NaN
1.0321e-05	NaN
9.4349e-06	NaN
8.6191e-06	NaN
7.8683e-06	NaN
7.1771e-06	NaN
6.5396e-06	NaN
5.9504e-06	NaN
5.4036e-06	NaN
4.8943e-06	NaN
4.4209e-06	NaN
3.9837e-06	NaN
3.5826e-06	NaN
3.2177e-06	NaN
2.8892e-06	NaN
2.5972e-06	NaN
2.3417e-06	NaN
2.1226e-06	NaN
1.9374e-06	NaN
1.7824e-06	NaN
1.6542e-06	NaN
1.5491e-06	NaN
1.4634e-06	NaN
1.3937e-06	NaN
1.3363e-06	NaN
1.2878e-06	NaN
1.2457e-06	NaN
1.2082e-06	NaN
1.1735e-06	NaN
1.1399e-06	NaN
1.1055e-06	NaN
1.0686e-06	NaN
1.0273e-06	NaN
9.8013e-07	NaN
9.2879e-07	NaN
8.7703e-07	NaN
8.2868e-07	NaN
7.8753e-07	NaN
7.5741e-07	NaN
7.4212e-07	NaN
7.4548e-07	NaN
7.7108e-07	NaN
8.1927e-07	NaN
8.8795e-07	NaN
9.7496e-07	NaN
1.0781e-06	NaN
1.1953e-06	NaN
1.3244e-06	NaN
1.4631e-06	NaN
1.6092e-06	NaN
1.7583e-06	NaN
1.9039e-06	NaN
2.0398e-06	NaN
2.1594e-06	NaN
2.2563e-06	NaN
2.3242e-06	NaN
2.3565e-06	NaN
2.3473e-06	NaN
2.2967e-06	NaN
2.2119e-06	NaN
2.1001e-06	NaN
1.9687e-06	NaN
1.8248e-06	NaN
1.6758e-06	NaN
1.529e-06	NaN
1.3916e-06	NaN
1.2679e-06	NaN
1.1595e-06	NaN
1.0672e-06	NaN
9.922e-07	NaN
9.3565e-07	NaN
8.9861e-07	NaN
8.8218e-07	NaN
8.8741e-07	NaN
9.1313e-07	NaN
9.5518e-07	NaN
1.0092e-06	NaN
1.0708e-06	NaN
1.1355e-06	NaN
1.1992e-06	NaN
1.2572e-06	NaN
1.3054e-06	NaN
1.3411e-06	NaN
1.3643e-06	NaN
1.3754e-06	NaN
1.3746e-06	NaN
1.3623e-06	NaN
1.3387e-06	NaN
1.3042e-06	NaN
1.259e-06	NaN
1.2042e-06	NaN
1.1419e-06	NaN
1.0744e-06	NaN
1.0042e-06	NaN
9.3352e-07	NaN
8.647e-07	NaN
8.001e-07	NaN
7.4203e-07	NaN
6.9176e-07	NaN
6.483e-07	NaN
6.1039e-07	NaN
5.7675e-07	NaN
5.4611e-07	NaN
5.1721e-07	NaN
4.8877e-07	NaN
4.5953e-07	NaN
4.2872e-07	NaN
3.9686e-07	NaN
3.6462e-07	NaN
3.327e-07	NaN
3.0179e-07	NaN
2.7257e-07	NaN
2.4575e-07	NaN
2.22e-07	NaN
2.0179e-07	NaN
1.8491e-07	NaN
1.7103e-07	NaN
1.5981e-07	NaN
1.5094e-07	NaN
1.4409e-07	NaN
1.3892e-07	NaN
1.3511e-07	NaN
1.3233e-07	NaN
1.3025e-07	NaN
1.2854e-07	NaN
1.2688e-07	NaN
1.2493e-07	NaN
