2.0248e-07	NaN
1.8692e-07	NaN
1.7131e-07	NaN
1.558e-07	NaN
1.4051e-07	NaN
1.2558e-07	NaN
1.1114e-07	NaN
9.731e-08	NaN
8.4227e-08	NaN
7.2021e-08	NaN
6.0822e-08	NaN
5.0761e-08	NaN
4.1968e-08	NaN
3.4573e-08	NaN
2.8691e-08	NaN
2.4336e-08	NaN
2.1492e-08	NaN
2.0141e-08	NaN
2.0266e-08	NaN
2.185e-08	NaN
2.4876e-08	NaN
2.9325e-08	NaN
3.5152e-08	NaN
4.2115e-08	NaN
4.9894e-08	NaN
5.8167e-08	NaN
6.6615e-08	NaN
7.4916e-08	NaN
8.275e-08	NaN
8.9797e-08	NaN
9.5784e-08	NaN
1.0083e-07	NaN
1.0525e-07	NaN
1.0935e-07	NaN
1.1343e-07	NaN
1.178e-07	NaN
1.2278e-07	NaN
1.2867e-07	NaN
1.3571e-07	NaN
1.4357e-07	NaN
1.516e-07	NaN
1.5915e-07	NaN
1.6554e-07	NaN
1.7014e-07	NaN
1.7227e-07	NaN
1.7128e-07	NaN
1.6657e-07	NaN
1.5827e-07	NaN
1.4694e-07	NaN
1.3316e-07	NaN
1.1751e-07	NaN
1.0058e-07	NaN
8.293e-08	NaN
6.5155e-08	NaN
4.7863e-08	NaN
3.2158e-08	NaN
1.9501e-08	NaN
1.1365e-08	NaN
9.2209e-09	NaN
1.4541e-08	NaN
2.8798e-08	NaN
5.3463e-08	NaN
8.9914e-08	NaN
1.3787e-07	NaN
1.9565e-07	NaN
2.615e-07	NaN
3.3369e-07	NaN
4.1048e-07	NaN
4.9011e-07	NaN
5.7087e-07	NaN
6.5102e-07	NaN
7.293e-07	NaN
8.049e-07	NaN
8.7704e-07	NaN
9.4493e-07	NaN
1.0078e-06	NaN
1.0648e-06	NaN
1.1151e-06	NaN
1.1581e-06	NaN
1.1941e-06	NaN
1.2244e-06	NaN
1.2507e-06	NaN
1.2746e-06	NaN
1.2976e-06	NaN
1.3212e-06	NaN
1.3471e-06	NaN
1.3768e-06	NaN
1.4116e-06	NaN
1.4524e-06	NaN
1.5001e-06	NaN
1.5558e-06	NaN
1.6201e-06	NaN
1.6942e-06	NaN
1.7789e-06	NaN
1.8751e-06	NaN
1.9853e-06	NaN
2.1143e-06	NaN
2.2671e-06	NaN
2.4485e-06	NaN
2.6637e-06	NaN
2.9176e-06	NaN
3.2152e-06	NaN
3.5614e-06	NaN
3.967e-06	NaN
4.4521e-06	NaN
5.0381e-06	NaN
5.7465e-06	NaN
6.5984e-06	NaN
7.6153e-06	NaN
8.8185e-06	NaN
1.0229e-05	NaN
1.1862e-05	NaN
1.3717e-05	NaN
1.5793e-05	NaN
1.8089e-05	NaN
2.0602e-05	NaN
2.3332e-05	NaN
2.6278e-05	NaN
2.9437e-05	NaN
3.2799e-05	NaN
3.6331e-05	NaN
3.9996e-05	NaN
4.3759e-05	NaN
4.7582e-05	NaN
5.1429e-05	NaN
5.5264e-05	NaN
5.905e-05	NaN
6.2746e-05	NaN
6.6291e-05	NaN
6.9624e-05	NaN
7.2684e-05	NaN
7.5407e-05	NaN
7.7733e-05	NaN
7.9599e-05	NaN
8.0944e-05	NaN
8.1737e-05	NaN
8.2061e-05	NaN
8.2018e-05	NaN
8.1712e-05	NaN
8.1244e-05	NaN
8.072e-05	NaN
8.0241e-05	NaN
7.9912e-05	NaN
7.9861e-05	NaN
8.032e-05	NaN
8.1547e-05	NaN
8.3799e-05	NaN
8.7332e-05	NaN
9.2403e-05	NaN
9.9271e-05	NaN
0.00010819	NaN
0.00011937	NaN
0.00013282	NaN
0.00014847	NaN
0.00016625	NaN
0.00018612	NaN
0.00020799	NaN
0.00023182	NaN
0.00025755	NaN
0.00028504	NaN
0.00031392	NaN
0.00034369	NaN
0.00037386	NaN
0.00040393	NaN
0.00043342	NaN
0.00046184	NaN
0.00048868	NaN
0.00051351	NaN
0.00053614	NaN
0.00055646	NaN
0.00057441	NaN
0.00058989	NaN
0.00060282	NaN
0.00061311	NaN
0.00062068	NaN
0.00062546	NaN
0.00062762	NaN
0.00062739	NaN
0.00062503	NaN
0.00062079	NaN
0.00061491	NaN
0.00060765	NaN
0.00059925	NaN
0.00058995	NaN
0.00057972	NaN
0.00056843	NaN
0.00055594	NaN
0.0005421	NaN
0.00052678	NaN
0.00050983	NaN
0.00049111	NaN
0.00047052	NaN
0.00044835	NaN
0.00042515	NaN
0.00040146	NaN
0.00037783	NaN
0.00035482	NaN
0.00033296	NaN
0.00031281	NaN
0.00029491	NaN
0.0002798	NaN
0.00026798	NaN
0.00025996	NaN
0.00025627	NaN
0.0002574	NaN
0.00026388	NaN
0.00027621	NaN
0.00029488	NaN
0.00032	NaN
0.00035131	NaN
0.00038858	NaN
0.00043154	NaN
0.00047997	NaN
0.0005336	NaN
0.0005922	NaN
0.00065551	NaN
0.00072341	NaN
0.00079592	NaN
0.00087303	NaN
0.00095474	NaN
0.0010411	NaN
0.001132	NaN
0.0012276	NaN
0.0013278	NaN
0.0014323	NaN
0.0015408	NaN
0.0016525	NaN
0.0017672	NaN
0.0018841	NaN
0.0020027	NaN
0.0021227	NaN
0.0022434	NaN
0.0023642	NaN
0.0024844	NaN
0.0026034	NaN
0.0027204	NaN
0.0028347	NaN
0.0029456	NaN
0.0030524	NaN
0.0031545	NaN
0.0032513	NaN
0.0033431	NaN
0.00343	NaN
0.0035122	NaN
0.0035897	NaN
0.0036627	NaN
0.0037314	NaN
0.0037959	NaN
0.0038565	NaN
0.0039139	NaN
0.0039687	NaN
0.0040214	NaN
0.0040729	NaN
0.0041236	NaN
0.0041742	NaN
0.0042254	NaN
0.0042775	NaN
0.0043302	NaN
0.0043833	NaN
0.0044364	NaN
0.0044892	NaN
0.0045413	NaN
0.0045926	NaN
0.0046426	NaN
0.0046913	NaN
0.0047389	NaN
0.0047859	NaN
0.0048326	NaN
0.0048793	NaN
0.0049265	NaN
0.0049746	NaN
0.0050238	NaN
0.0050746	NaN
0.0051271	NaN
0.0051812	NaN
0.0052372	NaN
0.005295	NaN
0.0053548	NaN
0.0054167	NaN
0.0054806	NaN
0.0055466	NaN
0.0056135	NaN
0.0056805	NaN
0.0057465	NaN
0.0058104	NaN
0.0058711	NaN
0.0059276	NaN
0.0059788	NaN
0.0060237	NaN
0.006061	NaN
0.0060897	NaN
0.0061084	NaN
0.0061161	NaN
0.0061114	NaN
0.0060932	NaN
0.0060603	NaN
0.0060118	NaN
0.0059482	NaN
0.0058704	NaN
0.0057793	NaN
0.0056757	NaN
0.0055606	NaN
0.0054349	NaN
0.0052994	NaN
0.0051553	NaN
0.0050047	NaN
0.00485	NaN
0.0046939	NaN
0.0045388	NaN
0.0043872	NaN
0.0042417	NaN
0.0041047	NaN
0.0039785	NaN
0.0038641	NaN
0.0037616	NaN
0.0036714	NaN
0.0035939	NaN
0.0035293	NaN
0.0034779	NaN
0.00344	NaN
0.003416	NaN
0.0034053	NaN
0.0034077	NaN
0.0034224	NaN
0.0034491	NaN
0.0034871	NaN
0.0035359	NaN
0.0035951	NaN
0.003664	NaN
0.0037421	NaN
0.0038285	NaN
0.0039226	NaN
0.0040235	NaN
0.0041308	NaN
0.0042434	NaN
0.0043609	NaN
0.0044824	NaN
0.0046079	NaN
0.0047377	NaN
0.004872	NaN
0.0050111	NaN
0.0051554	NaN
0.005305	NaN
0.0054602	NaN
0.0056213	NaN
0.0057877	NaN
0.0059584	NaN
0.0061322	NaN
0.0063081	NaN
0.006485	NaN
0.0066618	NaN
0.0068374	NaN
0.0070107	NaN
0.0071798	NaN
0.0073425	NaN
0.0074963	NaN
0.0076388	NaN
0.0077676	NaN
0.0078804	NaN
0.0079748	NaN
0.0080484	NaN
0.0081005	NaN
0.0081318	NaN
0.0081432	NaN
0.0081354	NaN
0.0081093	NaN
0.0080656	NaN
0.0080051	NaN
0.0079287	NaN
0.0078375	NaN
0.0077328	NaN
0.0076161	NaN
0.0074888	NaN
0.0073523	NaN
0.0072082	NaN
0.0070577	NaN
0.0069024	NaN
0.0067435	NaN
0.0065821	NaN
0.0064194	NaN
0.0062562	NaN
0.0060939	NaN
0.0059334	NaN
0.0057758	NaN
0.0056222	NaN
0.0054732	NaN
0.0053287	NaN
0.0051887	NaN
0.0050529	NaN
0.0049213	NaN
0.0047938	NaN
0.0046701	NaN
0.0045503	NaN
0.0044341	NaN
0.0043219	NaN
0.0042137	NaN
0.0041096	NaN
0.0040098	NaN
0.0039145	NaN
0.0038237	NaN
0.0037376	NaN
0.0036561	NaN
0.0035784	NaN
0.0035037	NaN
0.0034313	NaN
0.0033603	NaN
0.0032899	NaN
0.0032193	NaN
0.0031477	NaN
0.0030747	NaN
0.0030008	NaN
0.0029263	NaN
0.0028519	NaN
0.002778	NaN
0.0027053	NaN
0.0026341	NaN
0.002565	NaN
0.0024988	NaN
0.002437	NaN
0.0023809	NaN
0.0023322	NaN
0.0022924	NaN
0.0022629	NaN
0.0022454	NaN
0.0022413	NaN
0.0022516	NaN
0.0022755	NaN
0.0023121	NaN
0.0023601	NaN
0.0024186	NaN
0.0024863	NaN
0.0025623	NaN
0.0026454	NaN
0.0027355	NaN
0.0028358	NaN
0.0029504	NaN
0.0030832	NaN
0.0032384	NaN
0.0034201	NaN
0.0036321	NaN
0.0038786	NaN
0.0041657	NaN
0.0045081	NaN
0.0049229	NaN
0.0054275	NaN
0.006039	NaN
0.0067746	NaN
0.0076514	NaN
0.0086868	NaN
0.0099005	NaN
0.011326	NaN
0.013003	NaN
0.014968	NaN
0.01726	NaN
0.019917	NaN
0.022978	NaN
0.026482	NaN
0.030464	NaN
0.034958	NaN
0.039994	NaN
0.045603	NaN
0.051814	NaN
0.058658	NaN
0.066165	NaN
0.074366	NaN
0.083289	NaN
0.092953	NaN
0.10337	-0.64523
0.11455	-0.64034
0.12651	-0.63415
0.13926	-0.62673
0.15281	-0.61817
0.16718	-0.60856
0.18238	-0.59798
0.1984	-0.58649
0.21523	-0.57412
0.23286	-0.56093
0.25128	-0.54695
0.27048	-0.53222
0.29043	-0.51678
0.31114	-0.50067
0.3326	-0.48394
0.35479	-0.46664
0.37774	-0.44884
0.40146	-0.43059
0.42596	-0.41197
0.45124	-0.39303
0.47733	-0.37384
0.50423	-0.35447
0.53194	-0.33498
0.56037	-0.31541
0.58931	-0.29583
0.6186	-0.27629
0.64804	-0.25683
0.67746	-0.23752
0.70666	-0.21839
0.73546	-0.1995
0.76368	-0.1809
0.79113	-0.16267
0.81763	-0.14488
0.84301	-0.12762
0.86707	-0.11097
0.88965	-0.09503
0.91056	-0.07987
0.92961	-0.065579
0.94663	-0.052242
0.96149	-0.039979
0.97409	-0.028938
0.98433	-0.019269
0.99212	-0.011123
0.99738	-0.0046502
1	0
0.9999	0.0026772
0.99698	0.0032341
0.99129	0.0016051
0.98301	-0.0021887
0.97235	-0.0081216
0.95948	-0.016168
0.9446	-0.026302
0.92791	-0.038498
0.9096	-0.052731
0.88986	-0.068975
0.86887	-0.087197
0.84685	-0.10736
0.82397	-0.12942
0.80044	-0.15333
0.77645	-0.17907
0.75218	-0.20658
0.72784	-0.23583
0.70361	-0.26677
0.6796	-0.29932
0.65582	-0.33332
0.63224	-0.3686
0.60884	-0.40499
0.58562	-0.44234
0.56255	-0.48047
0.53962	-0.51922
0.51682	-0.55844
0.49412	-0.59828
0.47152	-0.63945
0.44901	-0.68268
0.42657	-0.72872
0.40419	-0.77834
0.38185	-0.83226
0.35955	-0.89124
0.33728	-0.95603
0.31507	-1.0265
0.29309	-1.1008
0.27148	-1.1769
0.25042	-1.2527
0.23006	-1.3264
0.21058	-1.3957
0.19213	-1.4588
0.17487	-1.5136
0.15893	-1.561
0.14433	-1.6084
0.13107	-1.6642
0.11915	-1.7367
0.10858	-1.8341
0.099367	NaN
0.091518	NaN
0.085035	NaN
0.079883	NaN
0.075911	NaN
0.07295	NaN
0.070834	NaN
0.069393	NaN
0.068459	NaN
0.067865	NaN
0.067441	NaN
0.067054	NaN
0.066673	NaN
0.066286	NaN
0.065884	NaN
0.065455	NaN
0.064989	NaN
0.064476	NaN
0.063904	NaN
0.063264	NaN
0.062551	NaN
0.061761	NaN
0.060891	NaN
0.059936	NaN
0.058892	NaN
0.057756	NaN
0.056524	NaN
0.055192	NaN
0.053759	NaN
0.052223	NaN
0.050585	NaN
0.048843	NaN
0.046996	NaN
0.045044	NaN
0.042986	NaN
0.040826	NaN
0.038593	NaN
0.036328	NaN
0.034068	NaN
0.031851	NaN
0.029716	NaN
0.027702	NaN
0.025847	NaN
0.024183	NaN
0.022711	NaN
0.021416	NaN
0.020286	NaN
0.019307	NaN
0.018466	NaN
0.017749	NaN
0.017144	NaN
0.016636	NaN
0.01621	NaN
0.01585	NaN
0.015538	NaN
0.015258	NaN
0.014994	NaN
0.014728	NaN
0.014444	NaN
0.014126	NaN
0.013772	NaN
0.013383	NaN
0.012962	NaN
0.012511	NaN
0.012033	NaN
0.01153	NaN
0.011004	NaN
0.010459	NaN
0.0098999	NaN
0.0093332	NaN
0.0087662	NaN
0.0082059	NaN
0.0076594	NaN
0.0071337	NaN
0.0066358	NaN
0.0061723	NaN
0.005746	NaN
0.0053564	NaN
0.0050035	NaN
0.0046868	NaN
0.0044061	NaN
0.0041611	NaN
0.0039516	NaN
0.0037771	NaN
0.0036351	NaN
0.0035214	NaN
0.0034318	NaN
0.0033621	NaN
0.003308	NaN
0.0032653	NaN
0.0032299	NaN
0.0031975	NaN
0.0031657	NaN
0.0031338	NaN
0.003101	NaN
0.0030665	NaN
0.0030295	NaN
0.0029893	NaN
0.0029451	NaN
0.0028962	NaN
0.002842	NaN
0.0027822	NaN
0.0027164	NaN
0.0026444	NaN
0.0025658	NaN
0.0024804	NaN
0.0023877	NaN
0.0022875	NaN
0.0021802	NaN
0.0020673	NaN
0.0019502	NaN
0.0018302	NaN
0.0017089	NaN
0.0015877	NaN
0.001468	NaN
0.0013512	NaN
0.0012384	NaN
0.0011296	NaN
0.0010253	NaN
0.0009256	NaN
0.00083073	NaN
0.00074092	NaN
0.00065642	NaN
0.00057743	NaN
0.00050407	NaN
0.00043624	NaN
0.00037385	NaN
0.00031679	NaN
0.00026494	NaN
0.00021821	NaN
0.0001765	NaN
0.00013968	NaN
0.00010765	NaN
8.0255e-05	NaN
5.733e-05	NaN
3.8722e-05	NaN
2.4276e-05	NaN
1.3836e-05	NaN
7.2453e-06	NaN
4.3476e-06	NaN
4.888e-06	NaN
8.3952e-06	NaN
1.4369e-05	NaN
2.2311e-05	NaN
3.1719e-05	NaN
4.2094e-05	NaN
5.2936e-05	NaN
6.3746e-05	NaN
7.4106e-05	NaN
8.3817e-05	NaN
9.2709e-05	NaN
0.00010062	NaN
0.00010737	NaN
0.00011281	NaN
0.00011675	NaN
0.00011905	NaN
0.00011961	NaN
0.00011863	NaN
0.00011635	NaN
0.00011301	NaN
0.00010885	NaN
0.00010411	NaN
9.9041e-05	NaN
9.3877e-05	NaN
8.8824e-05	NaN
8.3955e-05	NaN
7.9317e-05	NaN
7.4953e-05	NaN
7.0911e-05	NaN
6.7233e-05	NaN
6.3967e-05	NaN
6.1156e-05	NaN
5.8834e-05	NaN
5.6981e-05	NaN
5.5562e-05	NaN
5.4543e-05	NaN
5.389e-05	NaN
5.3569e-05	NaN
5.3547e-05	NaN
5.3788e-05	NaN
5.4258e-05	NaN
5.4905e-05	NaN
5.5677e-05	NaN
5.652e-05	NaN
5.7382e-05	NaN
5.8209e-05	NaN
5.8948e-05	NaN
5.9544e-05	NaN
5.995e-05	NaN
6.0141e-05	NaN
6.0101e-05	NaN
5.9814e-05	NaN
5.9264e-05	NaN
5.8436e-05	NaN
5.7313e-05	NaN
5.5881e-05	NaN
5.4131e-05	NaN
5.2101e-05	NaN
4.9852e-05	NaN
4.7443e-05	NaN
4.4936e-05	NaN
4.2388e-05	NaN
3.9862e-05	NaN
3.7416e-05	NaN
3.5108e-05	NaN
3.297e-05	NaN
3.1024e-05	NaN
2.9291e-05	NaN
2.779e-05	NaN
2.6544e-05	NaN
2.5572e-05	NaN
2.4896e-05	NaN
2.4532e-05	NaN
2.4452e-05	NaN
2.4602e-05	NaN
2.4929e-05	NaN
2.5377e-05	NaN
2.5893e-05	NaN
2.6422e-05	NaN
2.6912e-05	NaN
2.7308e-05	NaN
2.7578e-05	NaN
2.7698e-05	NaN
2.7648e-05	NaN
2.7406e-05	NaN
2.6949e-05	NaN
2.6257e-05	NaN
2.5308e-05	NaN
2.4084e-05	NaN
2.2614e-05	NaN
2.0968e-05	NaN
1.9216e-05	NaN
1.7427e-05	NaN
1.5671e-05	NaN
1.4017e-05	NaN
1.2535e-05	NaN
1.1292e-05	NaN
1.0314e-05	NaN
9.5864e-06	NaN
9.0942e-06	NaN
8.8226e-06	NaN
8.7568e-06	NaN
8.8817e-06	NaN
9.1825e-06	NaN
9.6437e-06	NaN
1.0237e-05	NaN
1.0922e-05	NaN
1.1657e-05	NaN
1.24e-05	NaN
1.3111e-05	NaN
1.3746e-05	NaN
1.4265e-05	NaN
1.4627e-05	NaN
1.4821e-05	NaN
1.4874e-05	NaN
1.4812e-05	NaN
1.4662e-05	NaN
1.4453e-05	NaN
1.4211e-05	NaN
1.3964e-05	NaN
1.3739e-05	NaN
1.3556e-05	NaN
1.3422e-05	NaN
1.3346e-05	NaN
1.3334e-05	NaN
1.3395e-05	NaN
1.3536e-05	NaN
1.3764e-05	NaN
1.4087e-05	NaN
1.4502e-05	NaN
1.4986e-05	NaN
1.5518e-05	NaN
1.6075e-05	NaN
1.6634e-05	NaN
1.7173e-05	NaN
1.7668e-05	NaN
1.8099e-05	NaN
1.8448e-05	NaN
1.8717e-05	NaN
1.8905e-05	NaN
1.9014e-05	NaN
1.9044e-05	NaN
1.8996e-05	NaN
1.8872e-05	NaN
1.8672e-05	NaN
1.8399e-05	NaN
1.8059e-05	NaN
1.7661e-05	NaN
1.7211e-05	NaN
1.6717e-05	NaN
1.6187e-05	NaN
1.5628e-05	NaN
1.5048e-05	NaN
1.4453e-05	NaN
1.3849e-05	NaN
1.3241e-05	NaN
1.2634e-05	NaN
1.2034e-05	NaN
1.1446e-05	NaN
1.0876e-05	NaN
1.0327e-05	NaN
9.8052e-06	NaN
9.3085e-06	NaN
8.8354e-06	NaN
8.3844e-06	NaN
7.9536e-06	NaN
7.5416e-06	NaN
7.1466e-06	NaN
6.7669e-06	NaN
6.4017e-06	NaN
6.0527e-06	NaN
5.7222e-06	NaN
5.4126e-06	NaN
5.1262e-06	NaN
4.8653e-06	NaN
4.6323e-06	NaN
4.4296e-06	NaN
4.2579e-06	NaN
4.1121e-06	NaN
3.9853e-06	NaN
3.8709e-06	NaN
3.762e-06	NaN
3.6518e-06	NaN
3.5335e-06	NaN
3.4005e-06	NaN
3.2479e-06	NaN
3.0813e-06	NaN
2.909e-06	NaN
2.7394e-06	NaN
2.5811e-06	NaN
2.4424e-06	NaN
2.3318e-06	NaN
2.2577e-06	NaN
2.2274e-06	NaN
2.2419e-06	NaN
2.2997e-06	NaN
2.3993e-06	NaN
2.5394e-06	NaN
2.7185e-06	NaN
2.9352e-06	NaN
3.1882e-06	NaN
3.4747e-06	NaN
3.7841e-06	NaN
4.1024e-06	NaN
4.4154e-06	NaN
4.7092e-06	NaN
4.9697e-06	NaN
5.1828e-06	NaN
5.3345e-06	NaN
5.4123e-06	NaN
5.4162e-06	NaN
5.3524e-06	NaN
5.2273e-06	NaN
5.047e-06	NaN
4.8179e-06	NaN
4.546e-06	NaN
4.2377e-06	NaN
3.8994e-06	NaN
3.5395e-06	NaN
3.1674e-06	NaN
2.7926e-06	NaN
2.4245e-06	NaN
2.0727e-06	NaN
1.7466e-06	NaN
1.4556e-06	NaN
1.2085e-06	NaN
1.0057e-06	NaN
8.4175e-07	NaN
7.1143e-07	NaN
6.0939e-07	NaN
5.3028e-07	NaN
4.6875e-07	NaN
4.1947e-07	NaN
3.7727e-07	NaN
3.3959e-07	NaN
3.0581e-07	NaN
2.7537e-07	NaN
2.4771e-07	NaN
2.2227e-07	NaN
1.9849e-07	NaN
1.7581e-07	NaN
1.5371e-07	NaN
1.3224e-07	NaN
1.1199e-07	NaN
9.3562e-08	NaN
7.7557e-08	NaN
6.4575e-08	NaN
5.5217e-08	NaN
5.0085e-08	NaN
4.9744e-08	NaN
5.3925e-08	NaN
6.1518e-08	NaN
7.1375e-08	NaN
8.2348e-08	NaN
9.3289e-08	NaN
1.0305e-07	NaN
1.1048e-07	NaN
1.1446e-07	NaN
1.1465e-07	NaN
1.1162e-07	NaN
1.06e-07	NaN
9.8406e-08	NaN
8.9466e-08	NaN
7.9803e-08	NaN
7.0042e-08	NaN
6.0801e-08	NaN
5.2422e-08	NaN
4.4879e-08	NaN
3.8118e-08	NaN
3.2088e-08	NaN
2.6734e-08	NaN
2.2004e-08	NaN
1.7845e-08	NaN
1.4204e-08	NaN
1.1073e-08	NaN
8.5131e-09	NaN
6.5892e-09	NaN
5.3677e-09	NaN
4.9147e-09	NaN
5.2964e-09	NaN
6.5787e-09	NaN
8.8268e-09	NaN
1.2005e-08	NaN
1.5895e-08	NaN
2.026e-08	NaN
2.4862e-08	NaN
2.9464e-08	NaN
3.3829e-08	NaN
3.7719e-08	NaN
4.0898e-08	NaN
4.3292e-08	NaN
4.5172e-08	NaN
4.6851e-08	NaN
4.864e-08	NaN
5.0855e-08	NaN
5.3808e-08	NaN
5.7812e-08	NaN
6.318e-08	NaN
7.0194e-08	NaN
7.9053e-08	NaN
8.9949e-08	NaN
1.0307e-07	NaN
1.186e-07	NaN
1.3674e-07	NaN
1.5767e-07	NaN
1.8159e-07	NaN
2.0842e-07	NaN
2.374e-07	NaN
2.676e-07	NaN
2.9812e-07	NaN
3.2804e-07	NaN
3.5646e-07	NaN
3.8246e-07	NaN
4.0513e-07	NaN
4.2356e-07	NaN
4.3684e-07	NaN
4.4405e-07	NaN
4.443e-07	NaN
4.3665e-07	NaN
4.2021e-07	NaN
3.9406e-07	NaN
3.5729e-07	NaN
2.4767e-07	NaN
2.3299e-07	NaN
2.1789e-07	NaN
