-2084.8	3.5071e-08	-2.1348	97.968	1.1345e-07	0.08107	0.0023627
-2052.2	7.1394e-08	-2.4136	96.437	1.8776e-07	0.63825	0.0023627
-2019.6	3.3677e-08	2.7813	94.907	3.3847e-07	0.63893	0.0023627
-1987	9.8728e-08	2.0018	93.376	1.6657e-07	0.23573	0.0023627
-1954.5	2.4356e-07	1.3743	91.845	1.4868e-07	0.41135	0.0023627
-1921.9	2.9666e-07	1.2524	90.314	2.649e-07	0.12101	0.0023627
-1889.3	5.6188e-08	1.2473	88.784	2.7608e-07	-0.28687	0.0023627
-1856.7	7.8001e-08	-1.1506	87.253	3.914e-07	-0.11737	0.0023627
-1824.2	3.331e-07	-1.2076	85.722	6.3639e-07	-0.12877	0.0023627
-1791.6	4.8434e-07	-1.8292	84.191	4.6271e-07	-0.05703	0.0023627
-1759	5.5101e-07	-2.4367	82.661	5.1687e-07	-0.022338	0.0023627
-1726.4	3.5976e-07	-2.7665	81.13	5.2479e-07	0.027196	0.0023627
-1693.9	3.1057e-07	2.5289	79.599	7.2216e-07	0.714	0.0023627
-1661.3	1.171e-06	2.323	78.068	1.0789e-06	1.0813	0.0023627
-1628.7	1.1995e-06	1.9505	76.538	7.2179e-07	1.3228	0.0023627
-1596.2	3.8974e-06	1.6934	75.007	5.4205e-07	1.2778	0.0023627
-1563.6	1.0161e-05	1.903	73.476	3.5235e-07	1.4153	0.0023627
-1531	1.1945e-05	2.0224	71.945	5.0102e-07	1.6075	0.0023627
-1498.4	7.1975e-06	1.9562	70.415	6.9503e-07	1.1094	0.0023627
-1465.9	1.7106e-06	1.6632	68.884	7.3782e-07	1.363	0.0023627
-1433.3	5.5308e-07	0.33131	67.353	2.1172e-06	1.3756	0.0023627
-1400.7	2.2368e-08	-2.0145	65.822	2.2511e-06	0.71733	0.0023627
-1368.1	2.1229e-06	-2.65	64.292	3.3867e-06	-0.066853	0.0023627
-1335.6	2.4495e-06	-2.7211	62.761	1.2202e-05	-0.06557	0.0023627
-1303	1.9957e-07	-2.298	61.23	3.2229e-05	-0.22681	0.0023627
-1270.4	3.1905e-06	0.10842	59.699	7.5218e-05	-0.28464	0.0023627
-1237.8	6.4391e-06	0.47506	58.169	0.00014541	-0.38562	0.0023627
-1205.3	7.942e-07	0.64885	56.638	0.00019865	-0.49003	0.0023627
-1172.7	2.211e-08	-2.9279	55.107	0.0002578	-0.6062	0.0023627
-1140.1	1.7673e-06	2.3702	53.576	0.00034671	-0.79625	0.0023627
-1107.5	2.6194e-06	2.5576	52.046	0.00041108	-0.96526	0.0023627
-1075	6.2787e-06	2.3835	50.515	0.00040422	-1.2037	0.0023627
-1042.4	1.0858e-05	2.7354	48.984	0.00045249	-1.5367	0.0023627
-1009.8	2.2533e-05	-2.7521	47.453	0.00062587	-1.866	0.0023627
-977.24	4.2577e-05	-2.555	45.923	0.00076844	-2.0937	0.0023627
-944.66	2.3033e-05	-2.8091	44.392	0.00079895	-2.3145	0.0023627
-912.09	2.0085e-05	1.4753	42.861	0.00087912	-2.5609	0.0023627
-879.51	0.00014292	1.0312	41.33	0.0010957	-2.7979	0.0023627
-846.94	0.00024969	0.85429	39.8	0.0014102	-3.0454	0.0023627
-814.36	0.00030101	0.66081	38.269	0.0018528	2.9592	0.0023627
-781.79	0.00034836	0.43335	36.738	0.0022811	2.7273	0.0023627
-749.21	0.00044788	0.26079	35.207	0.002821	2.5688	0.0023627
-716.64	0.00058888	0.24109	33.677	0.003134	2.4401	0.0023627
-684.06	0.00066705	0.42702	32.146	0.0031714	2.2419	0.0023627
-651.49	0.00059775	0.60112	30.615	0.0048346	2.0145	0.0023627
-618.92	0.00032238	0.72983	29.084	0.0079874	1.8964	0.0023627
-586.34	0.00010955	1.116	27.554	0.010176	1.7093	0.0023627
-553.77	0.00010036	1.9989	26.023	0.012642	1.4817	0.0023627
-521.19	0.00026273	2.2933	24.492	0.017012	1.376	0.0023627
-488.62	0.0005257	2.2617	22.961	0.027297	1.3194	0.0023627
-456.04	0.00075989	2.2384	21.431	0.040609	1.2144	0.0023627
-423.47	0.0011346	2.2452	19.9	0.053452	1.1308	0.0023627
-390.89	0.0012486	2.1936	18.369	0.076408	1.035	0.0023627
-358.32	0.0006718	2.114	16.838	0.11059	0.90764	0.0023627
-325.75	2.3847e-05	2.7754	15.308	0.13234	0.78274	0.0023627
-293.17	0.0013589	-1.4966	13.777	0.18221	0.60036	0.0023627
-260.6	0.010433	-1.3998	12.246	0.31173	0.25509	0.0023627
-228.02	0.041079	-1.3605	10.715	0.484	-0.14219	0.0023627
-195.45	0.11283	-1.2803	9.1845	0.54415	-0.407	0.0023627
-162.87	0.25469	-1.0843	7.6538	0.51735	-0.5255	0.0023627
-130.3	0.48105	-0.80998	6.123	0.53125	-0.57731	0.0023627
-97.724	0.71139	-0.50859	4.5923	0.55925	-0.57709	0.0023627
-65.149	0.88733	-0.23383	3.0615	0.64229	-0.4935	0.0023627
-32.575	0.99849	-0.043396	1.5308	0.85913	-0.42864	0.0023627
0	1	0.037828	0	1	-0.5175	0.0023627
32.575	0.88065	0.013693	-1.5308	0.75109	-0.66456	0.0023627
65.149	0.70936	-0.12756	-3.0615	0.40724	-0.53614	0.0023627
97.724	0.49244	-0.40407	-4.5923	0.45979	-0.20636	0.0023627
130.3	0.26079	-0.80878	-6.123	0.58211	-0.15832	0.0023627
162.87	0.10848	-1.365	-7.6538	0.48657	-0.013293	0.0023627
195.45	0.060421	-2.0204	-9.1845	0.54193	0.26453	0.0023627
228.02	0.066576	-2.4257	-10.715	0.67342	0.3142	0.0023627
260.6	0.084604	-2.5823	-12.246	0.58989	0.24375	0.0023627
293.17	0.079318	-2.6357	-13.777	0.40557	0.17311	0.0023627
325.75	0.046505	-2.5867	-15.308	0.23033	0.16323	0.0023627
358.32	0.016152	-2.3554	-16.838	0.10629	0.34412	0.0023627
390.89	0.0033475	-1.6015	-18.369	0.066657	0.65244	0.0023627
423.47	0.0053381	-0.29234	-19.9	0.043972	0.86516	0.0023627
456.04	0.014014	0.075866	-21.431	0.030213	1.2806	0.0023627
488.62	0.02065	0.16508	-22.961	0.034665	1.5486	0.0023627
521.19	0.022015	0.16912	-24.492	0.030607	1.6674	0.0023627
553.77	0.018713	0.10847	-26.023	0.027625	1.7499	0.0023627
586.34	0.014181	-0.0221	-27.554	0.022731	1.6752	0.0023627
618.92	0.0098323	-0.19143	-29.084	0.012797	1.6813	0.0023627
651.49	0.0061793	-0.4188	-30.615	0.0075787	1.9719	0.0023627
684.06	0.0041495	-0.7384	-32.146	0.0059907	2.1949	0.0023627
716.64	0.0034769	-1.1383	-33.677	0.0033169	2.3293	0.0023627
749.21	0.004394	-1.5111	-35.207	0.0015265	2.4744	0.0023627
781.79	0.0063909	-1.6968	-36.738	0.0011107	2.6975	0.0023627
814.36	0.0073446	-1.7113	-38.269	0.00097089	2.9842	0.0023627
846.94	0.0061233	-1.6056	-39.8	0.00072777	-3.0253	0.0023627
879.51	0.0041596	-1.3923	-41.33	0.00060247	-2.9514	0.0023627
912.09	0.0028301	-1.0659	-42.861	0.00034224	-2.7862	0.0023627
944.66	0.0023321	-0.68607	-44.392	0.00025059	-2.3502	0.0023627
977.24	0.0023806	-0.39919	-45.923	0.00021908	-2.3165	0.0023627
1009.8	0.0028868	-0.23128	-47.453	0.00011241	-2.1412	0.0023627
1042.4	0.003571	-0.074656	-48.984	9.4551e-05	-1.7365	0.0023627
1075	0.0037581	0.036755	-50.515	7.2248e-05	-1.6777	0.0023627
1107.5	0.0036316	0.070984	-52.046	5.9656e-05	-1.3355	0.0023627
1140.1	0.0034413	0.099459	-53.576	5.5957e-05	-1.0921	0.0023627
1172.7	0.0028212	0.068742	-55.107	6.1058e-05	-0.82752	0.0023627
1205.3	0.002153	-0.054029	-56.638	3.6423e-05	-0.79046	0.0023627
1237.8	0.0016423	-0.17806	-58.169	8.8476e-06	-0.52441	0.0023627
1270.4	0.0012291	-0.20449	-59.699	1.8938e-05	0.031508	0.0023627
1303	0.00072855	-0.033628	-61.23	2.1288e-05	-0.068546	0.0023627
1335.6	0.00035113	0.41588	-62.761	1.1295e-05	-0.3196	0.0023627
1368.1	0.00024146	1.1462	-64.292	2.721e-06	0.035588	0.0023627
1400.7	0.00025792	1.732	-65.822	5.0195e-06	0.82781	0.0023627
1433.3	0.00023619	2.0041	-67.353	4.5309e-06	0.75532	0.0023627
1465.9	0.00017955	2.1686	-68.884	4.2548e-07	1.4241	0.0023627
1498.4	9.6588e-05	2.2702	-70.415	1.2694e-06	1.0362	0.0023627
1531	3.2917e-05	2.1591	-71.945	4.3648e-06	0.80321	0.0023627
1563.6	6.3999e-06	1.5274	-73.476	1.8116e-06	0.96215	0.0023627
1596.2	1.2701e-05	0.94915	-75.007	3.5053e-07	-0.50676	0.0023627
1628.7	1.9575e-05	1.1132	-76.538	7.6459e-08	2.0895	0.0023627
1661.3	1.0402e-05	1.388	-78.068	1.4349e-06	1.9356	0.0023627
1693.9	5.571e-06	1.3934	-79.599	2.23e-07	2.0561	0.0023627
1726.4	3.4039e-06	1.2598	-81.13	2.5533e-07	3.0731	0.0023627
1759	6.8031e-07	1.3446	-82.661	4.2305e-07	2.0692	0.0023627
1791.6	2.4346e-08	-2.7207	-84.191	1.9364e-07	1.1202	0.0023627
1824.2	7.814e-08	-1.8895	-85.722	3.1217e-08	-1.7561	0.0023627
1856.7	2.1241e-07	-1.6877	-87.253	4.4072e-08	3.1067	0.0023627
1889.3	6.6805e-08	-1.7193	-88.784	4.5463e-09	-2.2582	0.0023627
1921.9	1.2318e-09	0.13842	-90.314	3.8014e-08	-2.2035	0.0023627
1954.5	1.2058e-07	0.76457	-91.845	4.2932e-08	-2.5688	0.0023627
1987	1.2788e-07	1.7066	-93.376	4.0625e-08	-2.4699	0.0023627
2019.6	1.6843e-07	2.3276	-94.907	3.4376e-08	-2.5026	0.0023627
2052.2	4.8419e-08	2.8882	-96.437	4.013e-08	-2.158	0.0023627
