-2084.8	3.6196e-08	-2.5421	97.968	1.0531e-07	1.2134	0.0022639
-2052.2	1.8475e-07	-2.2572	96.437	7.949e-08	1.2779	0.0022639
-2019.6	7.4311e-08	-1.5482	94.907	1.2393e-07	1.4031	0.0022639
-1987	2.0584e-07	-0.73099	93.376	1.6387e-07	1.4106	0.0022639
-1954.5	7.4294e-08	-0.9484	91.845	2.2146e-07	0.96355	0.0022639
-1921.9	1.6106e-07	-2.6286	90.314	1.1891e-07	0.21655	0.0022639
-1889.3	4.6516e-07	3.0698	88.784	8.3976e-08	-0.12525	0.0022639
-1856.7	4.3916e-07	3.105	87.253	2.8114e-07	-0.076926	0.0022639
-1824.2	2.3923e-07	-3.006	85.722	4.6816e-07	-0.56529	0.0022639
-1791.6	4.3079e-07	-2.7719	84.191	5.1303e-07	-0.58128	0.0022639
-1759	3.6172e-07	-3.1293	82.661	9.9182e-07	-0.45039	0.0022639
-1726.4	1.6229e-07	2.9389	81.13	7.7114e-07	-0.31375	0.0022639
-1693.9	2.667e-07	2.6337	79.599	7.8153e-07	0.37659	0.0022639
-1661.3	8.1819e-07	-3.0977	78.068	1.5687e-06	0.51827	0.0022639
-1628.7	1.6571e-06	-2.4937	76.538	2.684e-06	0.82896	0.0022639
-1596.2	1.2474e-06	-2.0019	75.007	5.2092e-06	0.90515	0.0022639
-1563.6	4.5213e-08	-1.7561	73.476	6.5741e-06	0.82336	0.0022639
-1531	3.445e-07	1.5677	71.945	7.3355e-06	0.89404	0.0022639
-1498.4	1.6043e-06	1.5884	70.415	9.1738e-06	0.89428	0.0022639
-1465.9	2.1464e-06	1.4911	68.884	1.2673e-05	0.94049	0.0022639
-1433.3	1.9287e-06	0.95708	67.353	1.7949e-05	0.87617	0.0022639
-1400.7	3.3783e-06	0.037617	65.822	1.8227e-05	0.78088	0.0022639
-1368.1	6.9411e-06	-0.18576	64.292	2.2223e-05	0.56935	0.0022639
-1335.6	9.3345e-06	-0.28957	62.761	4.3515e-05	0.30972	0.0022639
-1303	1.3375e-05	-0.097667	61.23	7.3395e-05	0.10903	0.0022639
-1270.4	1.3566e-05	0.34619	59.699	0.00012823	-0.032944	0.0022639
-1237.8	1.1934e-05	0.71125	58.169	0.00022015	-0.216	0.0022639
-1205.3	5.997e-06	1.0167	56.638	0.00027291	-0.37527	0.0022639
-1172.7	5.7718e-07	1.1074	55.107	0.00028772	-0.503	0.0022639
-1140.1	8.7524e-07	-1.5785	53.576	0.0002744	-0.76954	0.0022639
-1107.5	1.7056e-06	-1.9362	52.046	0.00032596	-1.0303	0.0022639
-1075	1.3822e-06	-2.1509	50.515	0.00042884	-1.2302	0.0022639
-1042.4	8.9641e-07	-1.7498	48.984	0.00052487	-1.4434	0.0022639
-1009.8	1.6735e-06	-2.1459	47.453	0.00068194	-1.768	0.0022639
-977.24	4.054e-06	-3.0976	45.923	0.0009238	-2.0179	0.0022639
-944.66	5.6026e-06	2.7908	44.392	0.0010612	-2.1875	0.0022639
-912.09	1.0079e-05	2.5982	42.861	0.0010507	-2.3876	0.0022639
-879.51	6.0616e-05	2.5363	41.33	0.00097136	-2.731	0.0022639
-846.94	0.00016656	2.466	39.8	0.0011189	-3.0275	0.0022639
-814.36	0.0001458	2.2188	38.269	0.0014353	3.0906	0.0022639
-781.79	8.8714e-05	1.3652	36.738	0.0020337	2.9076	0.0022639
-749.21	0.00020035	0.53471	35.207	0.0027036	2.6566	0.0022639
-716.64	0.00055473	0.3347	33.677	0.003559	2.4159	0.0022639
-684.06	0.00093564	0.43449	32.146	0.0045749	2.2162	0.0022639
-651.49	0.0009185	0.59033	30.615	0.0060464	2.0598	0.0022639
-618.92	0.00047037	0.8129	29.084	0.0072745	1.843	0.0022639
-586.34	0.00012619	1.1725	27.554	0.0092302	1.6413	0.0022639
-553.77	4.0003e-05	1.8667	26.023	0.01371	1.5559	0.0022639
-521.19	9.6734e-05	2.1891	24.492	0.020829	1.4853	0.0022639
-488.62	0.00031307	2.057	22.961	0.029659	1.331	0.0022639
-456.04	0.00065952	2.0682	21.431	0.038003	1.185	0.0022639
-423.47	0.0010951	2.1717	19.9	0.052792	1.1049	0.0022639
-390.89	0.0013688	2.179	18.369	0.079403	1.0218	0.0022639
-358.32	0.0007712	2.0521	16.838	0.092364	0.93426	0.0022639
-325.75	1.5913e-05	1.6528	15.308	0.10583	0.87914	0.0022639
-293.17	0.0010288	-1.3587	13.777	0.17902	0.65848	0.0022639
-260.6	0.0079329	-1.3946	12.246	0.32042	0.23925	0.0022639
-228.02	0.035399	-1.3894	10.715	0.44386	-0.12786	0.0022639
-195.45	0.10879	-1.2801	9.1845	0.48693	-0.32518	0.0022639
-162.87	0.25191	-1.0777	7.6538	0.55429	-0.4603	0.0022639
-130.3	0.45091	-0.81731	6.123	0.62065	-0.61461	0.0022639
-97.724	0.66023	-0.53372	4.5923	0.55968	-0.64967	0.0022639
-65.149	0.85355	-0.27137	3.0615	0.56903	-0.48476	0.0022639
-32.575	1	-0.05953	1.5308	0.83336	-0.39211	0.0022639
0	0.99908	0.047739	0	1	-0.51373	0.0022639
32.575	0.85013	0.015514	-1.5308	0.73559	-0.65066	0.0022639
65.149	0.70482	-0.12387	-3.0615	0.45215	-0.53287	0.0022639
97.724	0.49503	-0.3787	-4.5923	0.44998	-0.27958	0.0022639
130.3	0.2618	-0.7941	-6.123	0.49391	-0.12372	0.0022639
162.87	0.10786	-1.3427	-7.6538	0.53018	0.020576	0.0022639
195.45	0.057798	-1.9952	-9.1845	0.55253	0.15168	0.0022639
228.02	0.062293	-2.3911	-10.715	0.57036	0.28738	0.0022639
260.6	0.079097	-2.5566	-12.246	0.60501	0.28578	0.0022639
293.17	0.076266	-2.6055	-13.777	0.45494	0.14116	0.0022639
325.75	0.048173	-2.5605	-15.308	0.20557	0.099375	0.0022639
358.32	0.019434	-2.374	-16.838	0.10613	0.3686	0.0022639
390.89	0.0039825	-1.7992	-18.369	0.080019	0.52032	0.0022639
423.47	0.0035951	-0.25858	-19.9	0.037941	0.79425	0.0022639
456.04	0.010951	0.2039	-21.431	0.035857	1.3333	0.0022639
488.62	0.017235	0.30562	-22.961	0.03252	1.4576	0.0022639
521.19	0.020079	0.30542	-24.492	0.024902	1.6444	0.0022639
553.77	0.018578	0.27233	-26.023	0.029273	1.659	0.0022639
586.34	0.014381	0.18908	-27.554	0.021654	1.538	0.0022639
618.92	0.010831	0.021681	-29.084	0.011906	1.6326	0.0022639
651.49	0.0079927	-0.21646	-30.615	0.008596	1.9121	0.0022639
684.06	0.0056002	-0.5213	-32.146	0.0053364	2.1212	0.0022639
716.64	0.0039389	-0.86385	-33.677	0.0027307	2.2612	0.0022639
749.21	0.0032643	-1.1826	-35.207	0.001038	2.3875	0.0022639
781.79	0.0036159	-1.3789	-36.738	0.00058298	2.663	0.0022639
814.36	0.0041157	-1.3595	-38.269	0.00054814	2.7746	0.0022639
846.94	0.0041739	-1.1622	-39.8	0.00045559	2.8014	0.0022639
879.51	0.0041496	-0.84504	-41.33	0.00030433	2.6079	0.0022639
912.09	0.0041234	-0.50929	-42.861	0.00010956	2.5389	0.0022639
944.66	0.0042449	-0.25899	-44.392	3.0078e-05	2.6429	0.0022639
977.24	0.0045476	-0.11702	-45.923	9.8099e-06	2.1577	0.0022639
1009.8	0.0047075	-0.036014	-47.453	3.6928e-06	2.1518	0.0022639
1042.4	0.0043284	0.012066	-48.984	1.4669e-05	1.4525	0.0022639
1075	0.00351	0.011321	-50.515	1.6689e-05	1.3647	0.0022639
1107.5	0.0024309	-0.033011	-52.046	2.6035e-05	1.941	0.0022639
1140.1	0.0012101	-0.23675	-53.576	4.3852e-05	1.9012	0.0022639
1172.7	0.00058273	-0.87851	-55.107	4.4047e-05	1.65	0.0022639
1205.3	0.00088744	-1.5983	-56.638	6.536e-05	1.3801	0.0022639
1237.8	0.0015559	-1.8297	-58.169	5.3754e-05	1.3217	0.0022639
1270.4	0.0017788	-1.8124	-59.699	4.3427e-05	1.4906	0.0022639
1303	0.0013866	-1.6412	-61.23	3.7894e-05	1.4579	0.0022639
1335.6	0.00080251	-1.3215	-62.761	2.0352e-05	1.477	0.0022639
1368.1	0.00037702	-0.75387	-64.292	2.2211e-05	1.5652	0.0022639
1400.7	0.00028622	0.041865	-65.822	2.7815e-05	1.7471	0.0022639
1433.3	0.00031048	0.599	-67.353	3.2775e-05	1.7483	0.0022639
1465.9	0.00027653	0.93125	-68.884	3.0411e-05	1.5302	0.0022639
1498.4	0.00016198	1.1812	-70.415	2.0612e-05	1.3907	0.0022639
1531	6.1578e-05	1.2155	-71.945	1.5929e-05	1.3816	0.0022639
1563.6	1.3675e-05	0.98309	-73.476	1.8157e-05	1.3041	0.0022639
1596.2	8.9051e-06	0.044303	-75.007	1.4802e-05	1.2484	0.0022639
1628.7	2.4783e-05	-0.066852	-76.538	1.0599e-05	1.2088	0.0022639
1661.3	2.1525e-05	0.26738	-78.068	8.2656e-06	0.93407	0.0022639
1693.9	1.2308e-05	0.80511	-79.599	5.945e-06	0.77272	0.0022639
1726.4	4.5166e-06	1.0494	-81.13	3.9434e-06	0.80976	0.0022639
1759	1.8197e-06	0.87164	-82.661	2.1883e-06	0.57638	0.0022639
1791.6	1.0076e-06	0.97239	-84.191	9.0823e-07	0.52187	0.0022639
1824.2	3.132e-07	1.5827	-85.722	4.5587e-07	0.30005	0.0022639
1856.7	3.0368e-08	-2.4084	-87.253	7.6591e-07	-0.55091	0.0022639
1889.3	5.5068e-08	-1.8271	-88.784	4.6706e-07	-0.71166	0.0022639
1921.9	2.6629e-08	-0.32462	-90.314	3.0112e-07	-0.27249	0.0022639
1954.5	3.7042e-07	0.37479	-91.845	3.9309e-07	-0.33172	0.0022639
1987	4.6241e-07	0.25996	-93.376	2.925e-07	-0.53618	0.0022639
2019.6	9.711e-08	0.45762	-94.907	1.7317e-07	-0.74988	0.0022639
2052.2	1.2044e-09	-0.50244	-96.437	2.0263e-07	-1.1212	0.0022639
