-2084.8	2.441e-07	-3.0072	97.968	3.0057e-08	2.9885	0.0063551
-2052.2	1.2277e-07	-1.982	96.437	8.1853e-08	-3.0149	0.0063551
-2019.6	1.0966e-07	-1.6148	94.907	3.6806e-08	-2.9234	0.0063551
-1987	4.4604e-08	-1.148	93.376	1.4123e-08	-2.4613	0.0063551
-1954.5	7.7064e-08	0.20859	91.845	1.5585e-08	2.6262	0.0063551
-1921.9	1.2251e-07	-0.039462	90.314	1.3125e-08	2.7709	0.0063551
-1889.3	1.592e-07	-0.098525	88.784	8.3961e-08	-1.8094	0.0063551
-1856.7	1.2192e-07	0.721	87.253	1.6041e-07	-1.7334	0.0063551
-1824.2	2.6642e-07	1.4825	85.722	1.5895e-07	-1.5178	0.0063551
-1791.6	1.8489e-07	1.4548	84.191	9.4915e-08	-1.26	0.0063551
-1759	3.0171e-07	0.066056	82.661	1.895e-08	-0.84481	0.0063551
-1726.4	1.0658e-06	-0.38333	81.13	3.3418e-08	-1.6014	0.0063551
-1693.9	9.8863e-07	-0.54274	79.599	2.4283e-08	-1.0952	0.0063551
-1661.3	6.024e-07	-0.84373	78.068	2.6898e-07	-0.4134	0.0063551
-1628.7	2.4476e-07	-0.77077	76.538	7.0526e-07	-0.28085	0.0063551
-1596.2	6.8724e-08	0.49734	75.007	2.0584e-06	0.035523	0.0063551
-1563.6	1.5472e-07	1.1027	73.476	2.9663e-06	0.0032891	0.0063551
-1531	1.0609e-07	1.4487	71.945	2.3978e-06	0.37237	0.0063551
-1498.4	8.7922e-08	2.6033	70.415	4.686e-06	0.59118	0.0063551
-1465.9	1.8293e-07	3.0637	68.884	6.1666e-06	0.63343	0.0063551
-1433.3	6.8973e-07	-2.6941	67.353	1.1725e-05	0.61088	0.0063551
-1400.7	5.0518e-07	-2.6206	65.822	2.1302e-05	0.51401	0.0063551
-1368.1	4.3825e-07	-2.1468	64.292	2.8035e-05	0.49675	0.0063551
-1335.6	2.2189e-06	-1.4397	62.761	4.9691e-05	0.32857	0.0063551
-1303	3.5292e-06	-1.1579	61.23	7.9454e-05	0.13067	0.0063551
-1270.4	5.5379e-06	-0.95599	59.699	0.00010267	-0.02414	0.0063551
-1237.8	7.4754e-06	-0.50034	58.169	0.00014753	-0.23923	0.0063551
-1205.3	3.5845e-06	0.051569	56.638	0.00019925	-0.45802	0.0063551
-1172.7	3.0509e-07	0.59103	55.107	0.00024769	-0.59657	0.0063551
-1140.1	1.1999e-06	-3.0043	53.576	0.00030035	-0.79003	0.0063551
-1107.5	5.1819e-06	-2.807	52.046	0.00032692	-1.0493	0.0063551
-1075	7.3618e-07	-2.0942	50.515	0.00039172	-1.3283	0.0063551
-1042.4	1.8751e-06	0.52569	48.984	0.00050788	-1.579	0.0063551
-1009.8	2.0363e-06	0.97912	47.453	0.00062981	-1.8054	0.0063551
-977.24	1.2984e-06	1.8202	45.923	0.00072898	-2.0553	0.0063551
-944.66	3.4748e-06	2.9077	44.392	0.00079214	-2.369	0.0063551
-912.09	8.5721e-06	2.8966	42.861	0.00084587	-2.7143	0.0063551
-879.51	6.4391e-06	2.7179	41.33	0.0010533	-2.9739	0.0063551
-846.94	3.1268e-06	1.2331	39.8	0.0012402	3.0892	0.0063551
-814.36	2.0856e-05	0.7034	38.269	0.0014893	2.8991	0.0063551
-781.79	5.8172e-05	0.79286	36.738	0.0020665	2.6925	0.0063551
-749.21	5.6953e-05	0.89587	35.207	0.0029772	2.5177	0.0063551
-716.64	8.8951e-07	0.066088	33.677	0.0036958	2.2969	0.0063551
-684.06	0.00022813	-1.7813	32.146	0.0046424	2.0822	0.0063551
-651.49	0.0011717	-1.5993	30.615	0.0056555	1.8676	0.0063551
-618.92	0.0027522	-1.283	29.084	0.0068646	1.6616	0.0063551
-586.34	0.004865	-0.90706	27.554	0.0089306	1.501	0.0063551
-553.77	0.0067478	-0.45112	26.023	0.013561	1.3723	0.0063551
-521.19	0.0081215	0.087594	24.492	0.021242	1.2785	0.0063551
-488.62	0.0096043	0.64849	22.961	0.02863	1.1713	0.0063551
-456.04	0.011525	1.1664	21.431	0.037833	1.0824	0.0063551
-423.47	0.012963	1.633	19.9	0.052385	0.99701	0.0063551
-390.89	0.013019	2.028	18.369	0.069885	0.92298	0.0063551
-358.32	0.0098312	2.4111	16.838	0.088057	0.88634	0.0063551
-325.75	0.0054224	3.0512	15.308	0.13591	0.77671	0.0063551
-293.17	0.0073789	-2.1826	13.777	0.22086	0.44053	0.0063551
-260.6	0.026183	-1.602	12.246	0.3011	0.02436	0.0063551
-228.02	0.071114	-1.341	10.715	0.37601	-0.24972	0.0063551
-195.45	0.14687	-1.1506	9.1845	0.49534	-0.41316	0.0063551
-162.87	0.25638	-0.96896	7.6538	0.59456	-0.60834	0.0063551
-130.3	0.40203	-0.7715	6.123	0.51757	-0.74751	0.0063551
-97.724	0.59347	-0.5557	4.5923	0.45705	-0.6152	0.0063551
-65.149	0.80855	-0.32682	3.0615	0.7052	-0.46621	0.0063551
-32.575	0.99521	-0.11372	1.5308	1	-0.54705	0.0063551
0	1	0.015339	0	0.88918	-0.65375	0.0063551
32.575	0.78216	0.0095393	-1.5308	0.58011	-0.57853	0.0063551
65.149	0.55481	-0.17209	-3.0615	0.50726	-0.37483	0.0063551
97.724	0.3781	-0.51391	-4.5923	0.52065	-0.30804	0.0063551
130.3	0.22079	-0.99153	-6.123	0.47676	-0.24699	0.0063551
162.87	0.11807	-1.5374	-7.6538	0.48784	-0.11435	0.0063551
195.45	0.070158	-1.9814	-9.1845	0.54931	0.023899	0.0063551
228.02	0.051581	-2.2395	-10.715	0.62618	0.17466	0.0063551
260.6	0.043592	-2.458	-12.246	0.61659	0.26995	0.0063551
293.17	0.031392	-2.6963	-13.777	0.39208	0.38311	0.0063551
325.75	0.016108	-2.9307	-15.308	0.21413	0.73976	0.0063551
358.32	0.0053601	3.0627	-16.838	0.17435	1.0231	0.0063551
390.89	0.0013978	2.2854	-18.369	0.090607	0.9752	0.0063551
423.47	0.0017183	1.1383	-19.9	0.025246	0.83912	0.0063551
456.04	0.0033923	0.5543	-21.431	0.012665	0.75461	0.0063551
488.62	0.0053111	0.13368	-22.961	0.015873	0.54935	0.0063551
521.19	0.0081455	-0.20502	-24.492	0.015768	0.67703	0.0063551
553.77	0.011303	-0.3739	-26.023	0.019879	1.013	0.0063551
586.34	0.012045	-0.44265	-27.554	0.01762	1.1553	0.0063551
618.92	0.010161	-0.52897	-29.084	0.0096906	1.3183	0.0063551
651.49	0.0070083	-0.678	-30.615	0.0060991	1.3267	0.0063551
684.06	0.0038682	-0.97321	-32.146	0.0030627	1.1316	0.0063551
716.64	0.002397	-1.477	-33.677	0.0015306	1.1197	0.0063551
749.21	0.0024577	-1.9545	-35.207	0.0015309	1.0772	0.0063551
781.79	0.0032793	-2.1648	-36.738	0.0013383	1.073	0.0063551
814.36	0.004084	-2.149	-38.269	0.0012727	1.2817	0.0063551
846.94	0.0045121	-2.0232	-39.8	0.001067	1.3033	0.0063551
879.51	0.0047959	-1.8739	-41.33	0.00075359	1.3166	0.0063551
912.09	0.0051007	-1.6962	-42.861	0.00072779	1.3175	0.0063551
944.66	0.0051797	-1.5075	-44.392	0.0004857	1.1346	0.0063551
977.24	0.0047327	-1.3814	-45.923	0.00025015	1.1287	0.0063551
1009.8	0.0038458	-1.3144	-47.453	0.00021286	1.0712	0.0063551
1042.4	0.0025833	-1.3317	-48.984	0.00017675	1.1283	0.0063551
1075	0.001574	-1.5272	-50.515	0.00015779	1.2051	0.0063551
1107.5	0.0010707	-1.8898	-52.046	0.00011514	1.1519	0.0063551
1140.1	0.0010671	-2.3861	-53.576	7.1727e-05	1.1293	0.0063551
1172.7	0.0015866	-2.6947	-55.107	4.7965e-05	1.0514	0.0063551
1205.3	0.0019914	-2.817	-56.638	2.9915e-05	0.97958	0.0063551
1237.8	0.0020293	-2.8346	-58.169	1.8457e-05	0.82693	0.0063551
1270.4	0.0014843	-2.7741	-59.699	1.4607e-05	0.72207	0.0063551
1303	0.00074079	-2.6279	-61.23	9.8076e-06	0.8216	0.0063551
1335.6	0.0002162	-2.2619	-62.761	8.5931e-06	0.97547	0.0063551
1368.1	5.9632e-05	-1.2186	-64.292	4.4774e-06	1.2613	0.0063551
1400.7	0.00010734	-0.16239	-65.822	6.7568e-06	1.0129	0.0063551
1433.3	0.00015104	0.33141	-67.353	9.9918e-06	0.38873	0.0063551
1465.9	9.6867e-05	0.61207	-68.884	4.9161e-06	0.059997	0.0063551
1498.4	2.5632e-05	0.74131	-70.415	8.2693e-07	-0.13103	0.0063551
1531	5.1596e-06	-0.387	-71.945	1.1629e-06	0.70992	0.0063551
1563.6	2.0886e-05	-0.93142	-73.476	2.475e-06	0.90392	0.0063551
1596.2	1.8481e-05	-0.72267	-75.007	6.6193e-07	0.8109	0.0063551
1628.7	8.063e-06	-0.15152	-76.538	3.172e-08	-0.4359	0.0063551
1661.3	7.4555e-07	-0.0098954	-78.068	7.1258e-07	0.69106	0.0063551
1693.9	1.4682e-08	-1.8408	-79.599	8.423e-07	0.30879	0.0063551
1726.4	5.616e-08	1.6276	-81.13	9.3565e-07	-0.59319	0.0063551
1759	2.2027e-07	1.6795	-82.661	6.2139e-07	-0.49637	0.0063551
1791.6	1.83e-07	1.8261	-84.191	4.481e-07	0.63726	0.0063551
1824.2	1.3602e-08	0.79097	-85.722	4.8161e-07	0.21161	0.0063551
1856.7	2.4759e-07	-0.22214	-87.253	2.6766e-07	-0.83275	0.0063551
1889.3	7.0432e-07	-0.20141	-88.784	6.0571e-08	-0.89528	0.0063551
1921.9	7.1695e-07	-0.33466	-90.314	2.2988e-07	-0.60275	0.0063551
1954.5	4.8597e-07	-0.68727	-91.845	1.4367e-07	-1.688	0.0063551
1987	3.8845e-07	-1.1098	-93.376	1.3232e-07	-2.5062	0.0063551
2019.6	2.8777e-08	-1.9805	-94.907	6.9437e-08	-1.6745	0.0063551
2052.2	3.213e-07	2.8613	-96.437	5.2756e-08	-1.9021	0.0063551
