-2084.8	9.0043e-08	-2.0675	97.968	2.7551e-08	2.0555	0.0023639
-2052.2	2.3735e-07	-2.234	96.437	6.392e-08	2.3183	0.0023639
-2019.6	3.3101e-07	-2.6468	94.907	5.8186e-08	2.0013	0.0023639
-1987	3.7485e-07	-2.6719	93.376	3.1092e-08	2.5469	0.0023639
-1954.5	2.5817e-07	-2.6891	91.845	2.1655e-08	-2.1522	0.0023639
-1921.9	1.7158e-07	-3.088	90.314	6.5371e-08	-1.8585	0.0023639
-1889.3	8.8833e-08	2.9386	88.784	1.1108e-07	-2.0559	0.0023639
-1856.7	2.7206e-08	-0.23282	87.253	1.7186e-07	-1.7964	0.0023639
-1824.2	2.5466e-07	-0.43125	85.722	4.4668e-07	-1.5995	0.0023639
-1791.6	3.7505e-07	-0.4491	84.191	7.622e-07	-1.5947	0.0023639
-1759	8.6578e-07	-0.69143	82.661	7.912e-07	-1.5324	0.0023639
-1726.4	2.5075e-06	-0.96756	81.13	1.3145e-06	-1.321	0.0023639
-1693.9	2.6279e-06	-1.0333	79.599	9.2265e-07	-0.99868	0.0023639
-1661.3	2.712e-06	-1.1773	78.068	5.2469e-07	0.1144	0.0023639
-1628.7	3.5623e-06	-1.1872	76.538	7.7083e-07	0.39358	0.0023639
-1596.2	3.2026e-06	-1.2729	75.007	7.5862e-07	0.36944	0.0023639
-1563.6	2.0701e-06	-1.708	73.476	2.6532e-06	0.26495	0.0023639
-1531	1.7797e-06	-2.1271	71.945	3.9438e-06	0.29415	0.0023639
-1498.4	3.6322e-07	-2.8379	70.415	5.7354e-06	0.28395	0.0023639
-1465.9	1.2446e-06	0.83973	68.884	1.043e-05	0.2917	0.0023639
-1433.3	1.2871e-05	0.56387	67.353	1.6701e-05	0.35979	0.0023639
-1400.7	2.4881e-05	0.57594	65.822	2.6484e-05	0.28866	0.0023639
-1368.1	2.4827e-05	0.60466	64.292	4.1291e-05	0.053311	0.0023639
-1335.6	1.836e-05	0.45897	62.761	7.1091e-05	-0.12613	0.0023639
-1303	1.2165e-05	-0.30768	61.23	0.00011599	-0.3284	0.0023639
-1270.4	3.8534e-05	-1.0857	59.699	0.00017198	-0.47098	0.0023639
-1237.8	0.00013362	-1.2608	58.169	0.00021998	-0.50248	0.0023639
-1205.3	0.00041785	-1.3754	56.638	0.00023187	-0.68941	0.0023639
-1172.7	0.0010033	-1.4118	55.107	0.00029122	-0.91704	0.0023639
-1140.1	0.001809	-1.3175	53.576	0.00034529	-1.1528	0.0023639
-1107.5	0.0027739	-1.116	52.046	0.00036979	-1.4106	0.0023639
-1075	0.0038725	-0.87965	50.515	0.00043747	-1.657	0.0023639
-1042.4	0.0050004	-0.69674	48.984	0.00054263	-1.816	0.0023639
-1009.8	0.0055754	-0.58171	47.453	0.00069006	-2.0338	0.0023639
-977.24	0.005389	-0.52053	45.923	0.00089619	-2.2765	0.0023639
-944.66	0.0042696	-0.45632	44.392	0.00093539	-2.5061	0.0023639
-912.09	0.0024982	-0.30872	42.861	0.00087458	-2.7504	0.0023639
-879.51	0.0010254	0.01132	41.33	0.0010379	-2.9676	0.0023639
-846.94	0.00037794	0.70452	39.8	0.0014221	3.0914	0.0023639
-814.36	0.00031857	1.4407	38.269	0.0017233	2.869	0.0023639
-781.79	0.00023519	1.678	36.738	0.0018074	2.6226	0.0023639
-749.21	5.7477e-05	1.292	35.207	0.0018208	2.4848	0.0023639
-716.64	0.00012787	0.020851	33.677	0.0018466	2.3887	0.0023639
-684.06	0.00041519	0.044949	32.146	0.0025494	2.1409	0.0023639
-651.49	0.0006234	0.23348	30.615	0.0046152	1.9549	0.0023639
-618.92	0.00047408	0.51309	29.084	0.0060916	1.7769	0.0023639
-586.34	0.00024112	0.95367	27.554	0.0070964	1.5255	0.0023639
-553.77	0.0001287	1.4855	26.023	0.010086	1.4591	0.0023639
-521.19	0.00019484	1.8833	24.492	0.018399	1.5677	0.0023639
-488.62	0.00044062	1.8937	22.961	0.030874	1.5219	0.0023639
-456.04	0.00069659	1.9742	21.431	0.03933	1.2983	0.0023639
-423.47	0.00082084	2.1898	19.9	0.051954	1.0996	0.0023639
-390.89	0.00075986	2.3796	18.369	0.071473	1.0872	0.0023639
-358.32	0.00033922	2.3384	16.838	0.094017	1.1145	0.0023639
-325.75	2.8638e-06	1.8609	15.308	0.13096	0.95922	0.0023639
-293.17	0.00074478	-1.26	13.777	0.21045	0.63307	0.0023639
-260.6	0.007051	-1.3394	12.246	0.34812	0.2515	0.0023639
-228.02	0.034281	-1.345	10.715	0.47647	-0.055521	0.0023639
-195.45	0.10806	-1.245	9.1845	0.48235	-0.33261	0.0023639
-162.87	0.24548	-1.0523	7.6538	0.50631	-0.54061	0.0023639
-130.3	0.43049	-0.7913	6.123	0.57132	-0.54586	0.0023639
-97.724	0.63977	-0.50966	4.5923	0.57444	-0.43903	0.0023639
-65.149	0.84509	-0.24037	3.0615	0.62531	-0.4178	0.0023639
-32.575	1	-0.020147	1.5308	0.87066	-0.51131	0.0023639
0	0.98049	0.081971	0	1	-0.53298	0.0023639
32.575	0.8475	0.053709	-1.5308	0.70596	-0.4593	0.0023639
65.149	0.70451	-0.086682	-3.0615	0.45455	-0.43588	0.0023639
97.724	0.48992	-0.35214	-4.5923	0.42614	-0.42183	0.0023639
130.3	0.24955	-0.74351	-6.123	0.48939	-0.13728	0.0023639
162.87	0.09904	-1.258	-7.6538	0.63742	0.18061	0.0023639
195.45	0.056076	-1.869	-9.1845	0.60437	0.24788	0.0023639
228.02	0.067635	-2.3022	-10.715	0.51184	0.20073	0.0023639
260.6	0.087475	-2.5338	-12.246	0.58241	0.22133	0.0023639
293.17	0.080552	-2.631	-13.777	0.49218	0.23534	0.0023639
325.75	0.048467	-2.5952	-15.308	0.20617	0.26054	0.0023639
358.32	0.017513	-2.3933	-16.838	0.09276	0.34861	0.0023639
390.89	0.003076	-1.6996	-18.369	0.071714	0.39516	0.0023639
423.47	0.004298	-0.27634	-19.9	0.040158	0.76879	0.0023639
456.04	0.0117	0.089203	-21.431	0.043473	1.3286	0.0023639
488.62	0.018066	0.17846	-22.961	0.039484	1.4561	0.0023639
521.19	0.020327	0.16656	-24.492	0.028398	1.6368	0.0023639
553.77	0.018268	0.086547	-26.023	0.027198	1.7068	0.0023639
586.34	0.014601	-0.043336	-27.554	0.019811	1.6426	0.0023639
618.92	0.010847	-0.23513	-29.084	0.013032	1.6877	0.0023639
651.49	0.0079147	-0.49699	-30.615	0.0089259	1.8166	0.0023639
684.06	0.0060923	-0.80601	-32.146	0.0058701	2.0861	0.0023639
716.64	0.0047143	-1.1368	-33.677	0.0030149	2.3062	0.0023639
749.21	0.0034053	-1.4911	-35.207	0.00091675	2.5016	0.0023639
781.79	0.0024397	-1.8486	-36.738	0.0006194	2.5845	0.0023639
814.36	0.0014464	-2.1375	-38.269	0.00058237	2.585	0.0023639
846.94	0.00048491	-2.4382	-39.8	0.00038917	2.661	0.0023639
879.51	4.1492e-05	-3.0224	-41.33	0.00030058	2.4732	0.0023639
912.09	3.1288e-05	0.95861	-42.861	0.00024323	2.2496	0.0023639
944.66	4.0264e-05	0.49057	-44.392	0.00014494	2.3663	0.0023639
977.24	1.6002e-05	0.14826	-45.923	8.8282e-05	2.373	0.0023639
1009.8	2.7832e-06	0.5863	-47.453	4.2505e-05	2.1456	0.0023639
1042.4	2.1997e-06	1.7794	-48.984	4.3302e-05	1.8938	0.0023639
1075	1.2926e-05	2.2611	-50.515	3.9696e-05	1.764	0.0023639
1107.5	6.1101e-05	2.723	-52.046	2.5949e-05	1.8495	0.0023639
1140.1	0.00014944	3.1384	-53.576	2.5839e-05	1.8739	0.0023639
1172.7	0.00029965	-2.7507	-55.107	2.1212e-05	1.9932	0.0023639
1205.3	0.00061811	-2.3777	-56.638	3.498e-05	2.0366	0.0023639
1237.8	0.00097495	-2.0688	-58.169	4.2065e-05	2.0166	0.0023639
1270.4	0.0011426	-1.8171	-59.699	3.7858e-05	2.0289	0.0023639
1303	0.00098495	-1.5511	-61.23	3.1925e-05	2.0462	0.0023639
1335.6	0.00069551	-1.2353	-62.761	2.4554e-05	2.0515	0.0023639
1368.1	0.00044655	-0.84412	-64.292	2.6013e-05	2.0818	0.0023639
1400.7	0.00027479	-0.38321	-65.822	1.492e-05	2.1668	0.0023639
1433.3	0.00017346	0.083457	-67.353	1.5084e-05	2.3541	0.0023639
1465.9	0.00010028	0.6209	-68.884	1.4444e-05	2.2039	0.0023639
1498.4	4.5704e-05	1.2954	-70.415	5.3634e-06	2.2199	0.0023639
1531	2.5782e-05	2.1903	-71.945	4.2806e-06	2.1765	0.0023639
1563.6	1.823e-05	3.0134	-73.476	4.6161e-06	2.2642	0.0023639
1596.2	1.2602e-05	-2.5806	-75.007	4.5613e-06	2.1467	0.0023639
1628.7	3.8249e-06	-1.6975	-76.538	3.5678e-06	1.892	0.0023639
1661.3	1.1597e-06	-0.25354	-78.068	9.7497e-07	2.2487	0.0023639
1693.9	3.106e-07	1.2506	-79.599	1.1556e-06	2.7229	0.0023639
1726.4	5.0425e-07	1.7813	-81.13	1.2585e-06	2.2893	0.0023639
1759	4.0896e-07	2.1703	-82.661	1.0058e-06	2.049	0.0023639
1791.6	5.0963e-07	3.0848	-84.191	4.928e-07	2.5028	0.0023639
1824.2	3.2668e-07	-2.3569	-85.722	3.7635e-07	3.0648	0.0023639
1856.7	6.9922e-08	-1.1828	-87.253	1.1632e-07	-3.0848	0.0023639
1889.3	7.7287e-08	0.39499	-88.784	2.5361e-08	-2.1368	0.0023639
1921.9	3.0354e-07	0.95051	-90.314	8.9162e-08	-2.8281	0.0023639
1954.5	2.3928e-07	0.88985	-91.845	3.1588e-08	2.8492	0.0023639
1987	9.9923e-08	-0.50203	-93.376	5.5573e-10	1.59	0.0023639
2019.6	1.7461e-07	-1.1744	-94.907	1.3938e-07	2.8319	0.0023639
2052.2	3.0158e-08	-1.5476	-96.437	7.8104e-08	2.1721	0.0023639
