-2084.8	1.3022e-07	2.0781	97.968	7.9113e-08	-1.303	0.0029267
-2052.2	2.6421e-08	1.003	96.437	6.7512e-08	-1.0056	0.0029267
-2019.6	3.3528e-07	-0.12792	94.907	1.0573e-07	-1.7183	0.0029267
-1987	9.4389e-07	-0.24493	93.376	2.3711e-07	-1.6842	0.0029267
-1954.5	2.7554e-07	-0.22836	91.845	3.4696e-08	-1.3247	0.0029267
-1921.9	1.1578e-07	2.2946	90.314	4.5799e-08	-2.7569	0.0029267
-1889.3	8.1298e-07	2.2339	88.784	4.4014e-08	-3.0265	0.0029267
-1856.7	1.101e-06	2.2694	87.253	5.3593e-08	1.9338	0.0029267
-1824.2	4.59e-07	2.9008	85.722	1.5067e-07	1.9109	0.0029267
-1791.6	5.7064e-07	-2.162	84.191	3.1409e-07	1.142	0.0029267
-1759	1.4442e-06	-1.7188	82.661	5.0178e-07	0.92242	0.0029267
-1726.4	1.8359e-06	-1.3702	81.13	4.524e-07	0.93961	0.0029267
-1693.9	2.7246e-06	-1.3826	79.599	4.5005e-07	0.53806	0.0029267
-1661.3	6.0531e-06	-1.5145	78.068	4.0517e-07	0.65349	0.0029267
-1628.7	1.0334e-05	-1.5781	76.538	1.0885e-06	0.37154	0.0029267
-1596.2	2.236e-05	-1.411	75.007	1.5466e-06	0.10926	0.0029267
-1563.6	4.972e-05	-1.0972	73.476	2.1563e-06	0.25728	0.0029267
-1531	7.7448e-05	-0.68148	71.945	3.1809e-06	0.15376	0.0029267
-1498.4	9.3247e-05	-0.14238	70.415	5.0391e-06	0.075144	0.0029267
-1465.9	0.00014178	0.55973	68.884	1.2303e-05	-0.03024	0.0029267
-1433.3	0.00028534	1.1421	67.353	2.3791e-05	-0.057326	0.0029267
-1400.7	0.00054174	1.5446	65.822	3.2889e-05	0.0070331	0.0029267
-1368.1	0.00069702	1.8777	64.292	4.6191e-05	-0.030358	0.0029267
-1335.6	0.00065208	2.2522	62.761	6.4546e-05	-0.17832	0.0029267
-1303	0.00047339	2.729	61.23	0.00010248	-0.25953	0.0029267
-1270.4	0.00032798	-2.8076	59.699	0.0001257	-0.41006	0.0029267
-1237.8	0.00047395	-1.82	58.169	0.00016821	-0.61465	0.0029267
-1205.3	0.0010338	-1.205	56.638	0.00022994	-0.83884	0.0029267
-1172.7	0.0019842	-0.8666	55.107	0.00024758	-1.0719	0.0029267
-1140.1	0.003219	-0.64696	53.576	0.00030312	-1.2834	0.0029267
-1107.5	0.0041616	-0.48387	52.046	0.00037956	-1.5045	0.0029267
-1075	0.0047142	-0.32675	50.515	0.00042833	-1.7784	0.0029267
-1042.4	0.0048825	-0.13979	48.984	0.00043411	-2.0714	0.0029267
-1009.8	0.0048084	0.054148	47.453	0.00038863	-2.3359	0.0029267
-977.24	0.0051399	0.24679	45.923	0.00035472	-2.5878	0.0029267
-944.66	0.0053358	0.40881	44.392	0.00034302	-2.9303	0.0029267
-912.09	0.0049186	0.48921	42.861	0.00040453	3.0677	0.0029267
-879.51	0.0042785	0.47712	41.33	0.0006286	2.7446	0.0029267
-846.94	0.003652	0.34463	39.8	0.0010156	2.5807	0.0029267
-814.36	0.0036921	0.088533	38.269	0.0013106	2.4689	0.0029267
-781.79	0.0050078	-0.17108	36.738	0.0015577	2.344	0.0029267
-749.21	0.00718	-0.34302	35.207	0.0016739	2.1561	0.0029267
-716.64	0.0087118	-0.42858	33.677	0.0023067	1.9749	0.0029267
-684.06	0.0086295	-0.47103	32.146	0.0035537	1.8759	0.0029267
-651.49	0.0069211	-0.51679	30.615	0.005054	1.7882	0.0029267
-618.92	0.0048065	-0.6065	29.084	0.0071733	1.6046	0.0029267
-586.34	0.0030757	-0.76039	27.554	0.01008	1.4402	0.0029267
-553.77	0.0016261	-0.94806	26.023	0.010435	1.3066	0.0029267
-521.19	0.00044408	-1.1568	24.492	0.010933	1.2782	0.0029267
-488.62	1.2945e-05	-2.5767	22.961	0.014913	1.3306	0.0029267
-456.04	0.00025541	2.307	21.431	0.026127	1.3332	0.0029267
-423.47	0.00044661	2.3112	19.9	0.046857	1.2457	0.0029267
-390.89	0.00025599	2.4425	18.369	0.082267	1.0762	0.0029267
-358.32	4.5524e-05	2.7953	16.838	0.14083	0.88665	0.0029267
-325.75	0.00016994	-1.4673	15.308	0.19852	0.71955	0.0029267
-293.17	0.0023271	-1.39	13.777	0.20133	0.43461	0.0029267
-260.6	0.011838	-1.4471	12.246	0.2381	-0.012518	0.0029267
-228.02	0.040342	-1.4104	10.715	0.35104	-0.29804	0.0029267
-195.45	0.10998	-1.2942	9.1845	0.45397	-0.41828	0.0029267
-162.87	0.25289	-1.1027	7.6538	0.52921	-0.43727	0.0029267
-130.3	0.47988	-0.83704	6.123	0.51509	-0.4079	0.0029267
-97.724	0.71063	-0.54078	4.5923	0.46073	-0.51214	0.0029267
-65.149	0.86588	-0.26402	3.0615	0.60784	-0.70839	0.0029267
-32.575	0.98134	-0.063898	1.5308	0.94276	-0.7002	0.0029267
0	1	0.014874	0	1	-0.55672	0.0029267
32.575	0.87666	-0.024187	-1.5308	0.66447	-0.43668	0.0029267
65.149	0.6974	-0.17616	-3.0615	0.41051	-0.44411	0.0029267
97.724	0.46718	-0.45161	-4.5923	0.39174	-0.41307	0.0029267
130.3	0.23068	-0.83782	-6.123	0.48288	-0.16468	0.0029267
162.87	0.088763	-1.3493	-7.6538	0.57199	0.10556	0.0029267
195.45	0.053522	-1.9781	-9.1845	0.53507	0.19975	0.0029267
228.02	0.070199	-2.4302	-10.715	0.55422	0.138	0.0029267
260.6	0.094067	-2.649	-12.246	0.62559	0.1898	0.0029267
293.17	0.082775	-2.7332	-13.777	0.39875	0.30253	0.0029267
325.75	0.045819	-2.6771	-15.308	0.16539	0.20383	0.0029267
358.32	0.015423	-2.4453	-16.838	0.11468	0.11804	0.0029267
390.89	0.0029475	-1.5765	-18.369	0.06612	0.47492	0.0029267
423.47	0.0070113	-0.41279	-19.9	0.035519	1.0356	0.0029267
456.04	0.015895	-0.22607	-21.431	0.033738	1.2658	0.0029267
488.62	0.018419	-0.23803	-22.961	0.037394	1.4612	0.0029267
521.19	0.014119	-0.31443	-24.492	0.029625	1.6572	0.0029267
553.77	0.0080021	-0.43339	-26.023	0.022973	1.6066	0.0029267
586.34	0.0030029	-0.62713	-27.554	0.020488	1.6812	0.0029267
618.92	0.00072056	-1.0804	-29.084	0.016484	1.8828	0.0029267
651.49	0.00026842	-1.9614	-30.615	0.010064	1.9381	0.0029267
684.06	0.00022786	-2.4214	-32.146	0.0047666	2.0799	0.0029267
716.64	0.00015161	-2.2752	-33.677	0.00255	2.3147	0.0029267
749.21	0.00010626	-1.8107	-35.207	0.0014758	2.5972	0.0029267
781.79	4.9818e-05	-1.5547	-36.738	0.0011372	2.7471	0.0029267
814.36	1.4811e-06	-1.427	-38.269	0.00075646	2.8407	0.0029267
846.94	1.479e-05	1.5441	-39.8	0.00063187	3.0706	0.0029267
879.51	3.3505e-05	1.6089	-41.33	0.00052793	-3.0229	0.0029267
912.09	3.203e-05	1.369	-42.861	0.00036493	-2.9291	0.0029267
944.66	3.2174e-05	0.79275	-44.392	0.00025239	-2.6869	0.0029267
977.24	3.8328e-05	0.40192	-45.923	0.00019509	-2.4232	0.0029267
1009.8	1.7895e-05	0.22615	-47.453	0.00010891	-2.1669	0.0029267
1042.4	4.4737e-07	-0.68208	-48.984	8.0001e-05	-1.9767	0.0029267
1075	4.2458e-06	-2.4287	-50.515	6.2636e-05	-1.7195	0.0029267
1107.5	7.8871e-06	-2.253	-52.046	6.0666e-05	-1.3514	0.0029267
1140.1	3.8572e-06	-2.0448	-53.576	4.1564e-05	-1.084	0.0029267
1172.7	3.4957e-07	2.5484	-55.107	3.176e-05	-0.76985	0.0029267
1205.3	2.3273e-06	2.3118	-56.638	3.1069e-05	-0.89386	0.0029267
1237.8	5.4077e-06	3.0106	-58.169	2.8255e-05	-0.50032	0.0029267
1270.4	1.4374e-05	-2.8012	-59.699	2.1985e-05	-0.33406	0.0029267
1303	1.9982e-05	-2.4945	-61.23	1.063e-05	-0.15946	0.0029267
1335.6	2.5051e-05	-2.0693	-62.761	1.1729e-05	0.036481	0.0029267
1368.1	2.843e-05	-1.5708	-64.292	1.032e-05	0.24472	0.0029267
1400.7	2.603e-05	-1.0056	-65.822	1.317e-05	0.16921	0.0029267
1433.3	2.9037e-05	-0.47107	-67.353	1.1194e-05	0.28687	0.0029267
1465.9	2.6584e-05	-0.087515	-68.884	7.5763e-06	0.63038	0.0029267
1498.4	1.2557e-05	0.25998	-70.415	2.3634e-06	0.85955	0.0029267
1531	1.8925e-06	0.80025	-71.945	2.3724e-06	0.98964	0.0029267
1563.6	2.9416e-08	2.2775	-73.476	4.0999e-06	1.1403	0.0029267
1596.2	4.6177e-07	-0.81204	-75.007	5.8622e-06	1.6669	0.0029267
1628.7	8.4194e-07	-0.22096	-76.538	2.6738e-06	1.8892	0.0029267
1661.3	8.4498e-07	0.51247	-78.068	1.2411e-06	1.3485	0.0029267
1693.9	4.7627e-08	0.70185	-79.599	2.0743e-06	1.5154	0.0029267
1726.4	1.1906e-07	2.5141	-81.13	1.6264e-06	1.7526	0.0029267
1759	2.1446e-07	3.0837	-82.661	4.976e-07	1.6981	0.0029267
1791.6	1.5263e-06	-2.0128	-84.191	2.2837e-07	0.84609	0.0029267
1824.2	1.5532e-06	-1.3071	-85.722	3.8339e-07	1.4193	0.0029267
1856.7	5.2649e-07	-0.037581	-87.253	5.1697e-07	1.6182	0.0029267
1889.3	3.7157e-07	0.9363	-88.784	1.9028e-07	1.2202	0.0029267
1921.9	3.6635e-08	1.6644	-90.314	1.5687e-07	0.9748	0.0029267
1954.5	7.5658e-08	2.9542	-91.845	9.3506e-08	0.70245	0.0029267
1987	1.0928e-07	-3.0721	-93.376	9.7995e-08	0.040248	0.0029267
2019.6	6.2326e-08	-2.2402	-94.907	5.7772e-08	-0.37849	0.0029267
2052.2	4.0992e-08	2.2697	-96.437	9.0119e-09	-0.74469	0.0029267
