-2084.8	3.9204e-07	-3.0425	97.968	1.2483e-07	0.75215	0.014606
-2052.2	6.5016e-08	-2.5934	96.437	4.3566e-08	0.87294	0.014606
-2019.6	5.7345e-08	0.71625	94.907	4.6451e-08	-0.18222	0.014606
-1987	5.8423e-09	0.40834	93.376	1.0433e-08	-0.59942	0.014606
-1954.5	1.5411e-07	-2.1032	91.845	1.2296e-08	-2.0737	0.014606
-1921.9	6.9704e-07	-1.9179	90.314	2.5053e-08	-1.4079	0.014606
-1889.3	1.0147e-06	-1.5943	88.784	2.8134e-09	-1.5177	0.014606
-1856.7	3.4313e-07	-1.7785	87.253	1.6307e-07	-0.3325	0.014606
-1824.2	1.9034e-07	2.832	85.722	2.1373e-07	-0.13295	0.014606
-1791.6	6.0856e-07	2.7787	84.191	1.3982e-08	-0.33656	0.014606
-1759	9.5177e-07	2.8331	82.661	1.8809e-07	-0.43494	0.014606
-1726.4	5.2916e-07	1.9555	81.13	1.3569e-07	-0.29284	0.014606
-1693.9	1.2004e-06	1.138	79.599	1.8063e-07	-1.5068	0.014606
-1661.3	7.8834e-07	0.56474	78.068	4.8845e-07	-1.5015	0.014606
-1628.7	4.8566e-06	-0.20301	76.538	9.6668e-07	-1.6326	0.014606
-1596.2	1.1288e-05	-0.43476	75.007	3.1862e-06	-1.6272	0.014606
-1563.6	1.7875e-05	-0.75892	73.476	3.479e-06	-1.5839	0.014606
-1531	1.9881e-05	-1.2026	71.945	1.8719e-06	-1.3443	0.014606
-1498.4	1.7782e-05	-1.6593	70.415	8.3334e-07	-0.97239	0.014606
-1465.9	1.213e-05	-2.1234	68.884	1.7992e-07	-0.21903	0.014606
-1433.3	6.1303e-06	2.7647	67.353	1.6412e-06	0.59032	0.014606
-1400.7	2.5862e-05	2.0019	65.822	3.4783e-06	0.72435	0.014606
-1368.1	5.2035e-05	1.8251	64.292	1.3432e-05	0.7696	0.014606
-1335.6	6.7098e-05	1.7885	62.761	3.556e-05	0.81034	0.014606
-1303	6.8287e-05	1.6918	61.23	5.7108e-05	0.77858	0.014606
-1270.4	9.0801e-05	1.2824	59.699	7.3508e-05	0.92166	0.014606
-1237.8	0.00022263	0.84772	58.169	9.3555e-05	0.96221	0.014606
-1205.3	0.00063972	0.70742	56.638	0.00010005	0.90843	0.014606
-1172.7	0.001438	0.78353	55.107	8.2478e-05	1.0313	0.014606
-1140.1	0.0022386	0.92252	53.576	7.1905e-05	1.0865	0.014606
-1107.5	0.0028751	1.0795	52.046	5.4881e-05	1.1252	0.014606
-1075	0.0034138	1.2571	50.515	1.8478e-05	1.2758	0.014606
-1042.4	0.004025	1.4019	48.984	4.8139e-06	-2.4557	0.014606
-1009.8	0.0045335	1.4991	47.453	7.453e-05	-2.1401	0.014606
-977.24	0.0044411	1.5735	45.923	0.00015331	-2.1777	0.014606
-944.66	0.0034315	1.6693	44.392	0.00023476	-2.3304	0.014606
-912.09	0.0017972	1.8623	42.861	0.00032887	-2.4797	0.014606
-879.51	0.00051873	2.4271	41.33	0.00046208	-2.661	0.014606
-846.94	0.00051552	-2.6255	39.8	0.00062337	-2.8534	0.014606
-814.36	0.0015223	-2.1425	38.269	0.00058632	-3.0474	0.014606
-781.79	0.0029971	-1.9741	36.738	0.00055944	2.7698	0.014606
-749.21	0.0046516	-1.8751	35.207	0.0010037	2.2917	0.014606
-716.64	0.0066561	-1.8453	33.677	0.0024332	2.0397	0.014606
-684.06	0.0087331	-1.8734	32.146	0.0049776	1.9892	0.014606
-651.49	0.0095913	-1.8717	30.615	0.0075992	1.9969	0.014606
-618.92	0.0093961	-1.7804	29.084	0.011375	1.8043	0.014606
-586.34	0.0091291	-1.5873	27.554	0.019292	1.6034	0.014606
-553.77	0.0094198	-1.3462	26.023	0.026406	1.4869	0.014606
-521.19	0.010314	-1.1274	24.492	0.033902	1.3598	0.014606
-488.62	0.010748	-0.95524	22.961	0.04682	1.2367	0.014606
-456.04	0.011291	-0.84147	21.431	0.062191	1.1118	0.014606
-423.47	0.013088	-0.81116	19.9	0.076205	0.99747	0.014606
-390.89	0.017405	-0.80683	18.369	0.089458	0.88326	0.014606
-358.32	0.024288	-0.79084	16.838	0.1362	0.65126	0.014606
-325.75	0.029419	-0.80508	15.308	0.20654	0.48189	0.014606
-293.17	0.033834	-0.90786	13.777	0.22654	0.33677	0.014606
-260.6	0.044677	-0.96744	12.246	0.2087	0.13668	0.014606
-228.02	0.070579	-0.94014	10.715	0.17966	-0.16955	0.014606
-195.45	0.11803	-0.93699	9.1845	0.22628	-0.45048	0.014606
-162.87	0.16983	-0.93935	7.6538	0.33555	-0.4426	0.014606
-130.3	0.23969	-0.86272	6.123	0.38143	-0.43705	0.014606
-97.724	0.38979	-0.68264	4.5923	0.40068	-0.65077	0.014606
-65.149	0.61182	-0.42442	3.0615	0.59331	-0.78442	0.014606
-32.575	0.83943	-0.16377	1.5308	0.85006	-0.69748	0.014606
0	1	-0.015313	0	0.90893	-0.58387	0.014606
32.575	0.95979	0.00042357	-1.5308	0.88839	-0.45254	0.014606
65.149	0.70239	-0.09797	-3.0615	1	-0.27156	0.014606
97.724	0.38223	-0.3201	-4.5923	0.86585	-0.053215	0.014606
130.3	0.14482	-0.73942	-6.123	0.48989	0.18628	0.014606
162.87	0.055215	-1.5907	-7.6538	0.28916	0.12923	0.014606
195.45	0.056053	-2.3672	-9.1845	0.2982	-0.12529	0.014606
228.02	0.051868	-2.6048	-10.715	0.33767	-0.0048561	0.014606
260.6	0.031176	-2.5348	-12.246	0.34308	0.21989	0.014606
293.17	0.010024	-2.267	-13.777	0.25229	0.22486	0.014606
325.75	0.0010128	-1.285	-15.308	0.18235	0.18358	0.014606
358.32	0.0025277	0.39251	-16.838	0.20314	0.21189	0.014606
390.89	0.0050597	0.8476	-18.369	0.16163	0.097093	0.014606
423.47	0.0041735	1.2347	-19.9	0.075729	-0.069131	0.014606
456.04	0.0016575	1.8075	-21.431	0.051989	-0.12324	0.014606
488.62	0.00036613	-3.0873	-22.961	0.036719	-0.29399	0.014606
521.19	0.0012071	-1.7905	-24.492	0.010196	-0.48304	0.014606
553.77	0.0020348	-1.513	-26.023	0.0017424	0.19271	0.014606
586.34	0.0015088	-1.5022	-27.554	0.0030651	1.0784	0.014606
618.92	0.00058119	-1.8135	-29.084	0.0048416	1.4612	0.014606
651.49	0.00043381	-2.645	-30.615	0.0055815	1.25	0.014606
684.06	0.00065383	-3.0288	-32.146	0.0055142	0.88541	0.014606
716.64	0.00054709	3.0682	-33.677	0.004405	0.79899	0.014606
749.21	0.0002506	2.8134	-35.207	0.002702	0.74143	0.014606
781.79	0.00015139	2.2403	-36.738	0.0015764	0.80198	0.014606
814.36	0.00021401	1.8857	-38.269	0.0016975	0.98049	0.014606
846.94	0.00025431	1.794	-39.8	0.0014547	1.1393	0.014606
879.51	0.00019016	1.6995	-41.33	0.0011875	1.337	0.014606
912.09	7.3404e-05	1.5737	-42.861	0.00087016	1.4946	0.014606
944.66	9.1374e-06	1.0109	-44.392	0.0006185	1.5726	0.014606
977.24	4.9041e-06	-0.48924	-45.923	0.00040295	1.8059	0.014606
1009.8	2.1123e-05	-1.1165	-47.453	0.00022529	2.0103	0.014606
1042.4	2.9362e-05	-1.0263	-48.984	0.00014272	2.2337	0.014606
1075	5.1076e-06	-0.14665	-50.515	9.782e-05	2.6401	0.014606
1107.5	1.6695e-05	1.3187	-52.046	8.9274e-05	2.7929	0.014606
1140.1	5.3032e-05	1.6476	-53.576	6.3639e-05	2.5599	0.014606
1172.7	8.7212e-05	2.3238	-55.107	5.1226e-05	2.5373	0.014606
1205.3	0.00015471	-3.1039	-56.638	5.1716e-05	2.5245	0.014606
1237.8	0.00036727	-2.5335	-58.169	2.3232e-05	2.5102	0.014606
1270.4	0.00072451	-2.1653	-59.699	8.8292e-06	2.5962	0.014606
1303	0.0008958	-1.8867	-61.23	7.6385e-06	-3.1082	0.014606
1335.6	0.00088426	-1.6013	-62.761	1.8955e-05	-2.6671	0.014606
1368.1	0.00072184	-1.2805	-64.292	3.0052e-05	-2.6842	0.014606
1400.7	0.00044699	-0.88538	-65.822	3.0036e-05	-2.5616	0.014606
1433.3	0.0002324	-0.38252	-67.353	2.9541e-05	-2.4759	0.014606
1465.9	9.9591e-05	0.21939	-68.884	2.5533e-05	-2.4858	0.014606
1498.4	4.2264e-05	0.96704	-70.415	1.1634e-05	-2.586	0.014606
1531	1.9865e-05	1.6386	-71.945	4.4227e-06	-2.4554	0.014606
1563.6	4.7726e-06	2.509	-73.476	8.3297e-06	-1.8793	0.014606
1596.2	3.71e-06	-2.1515	-75.007	6.8321e-06	-1.7793	0.014606
1628.7	7.4689e-06	-1.2987	-76.538	1.6071e-06	-2.332	0.014606
1661.3	5.5377e-06	-0.95709	-78.068	3.85e-07	-1.8496	0.014606
1693.9	2.5031e-06	-1.0315	-79.599	4.088e-07	-1.8846	0.014606
1726.4	1.1853e-06	-1.289	-81.13	3.4809e-07	3.0937	0.014606
1759	5.3684e-07	-0.45794	-82.661	2.4519e-07	2.2882	0.014606
1791.6	1.1634e-06	0.36771	-84.191	9.146e-08	-1.9858	0.014606
1824.2	1.309e-06	0.80423	-85.722	3.9877e-07	-1.9198	0.014606
1856.7	1.2033e-06	1.228	-87.253	1.0584e-07	-2.3228	0.014606
1889.3	9.7187e-07	1.7025	-88.784	7.4122e-08	-1.5723	0.014606
1921.9	2.1604e-07	2.6458	-90.314	2.2789e-07	-1.7233	0.014606
1954.5	1.4265e-07	-1.8495	-91.845	5.8054e-08	-1.8394	0.014606
1987	3.4958e-07	-1.2567	-93.376	6.823e-08	-0.96197	0.014606
2019.6	1.2581e-07	-1.6527	-94.907	1.1613e-07	-1.3209	0.014606
2052.2	2.8346e-07	-2.9756	-96.437	9.0853e-08	-1.4715	0.014606
