-2084.8	1.4199e-08	1.1612	97.968	1.4773e-07	2.8637	0.0026473
-2052.2	2.76e-08	0.76434	96.437	1.6211e-07	-3.0114	0.0026473
-2019.6	3.3857e-08	0.65602	94.907	1.2737e-07	-2.8504	0.0026473
-1987	3.1423e-09	0.18995	93.376	3.046e-08	-2.7952	0.0026473
-1954.5	1.0085e-09	2.5974	91.845	3.9324e-08	-2.1738	0.0026473
-1921.9	3.1299e-08	-0.25639	90.314	8.74e-08	-2.6903	0.0026473
-1889.3	1.9344e-07	-0.32512	88.784	1.0999e-08	-2.3897	0.0026473
-1856.7	3.7593e-07	0.114	87.253	1.6364e-08	-1.1133	0.0026473
-1824.2	6.271e-07	0.39642	85.722	5.1429e-08	-2.8491	0.0026473
-1791.6	2.9923e-07	-0.12539	84.191	8.4082e-08	-2.9223	0.0026473
-1759	5.9671e-07	-0.95337	82.661	4.3167e-08	-2.6615	0.0026473
-1726.4	1.8902e-06	-1.104	81.13	8.2477e-08	2.0018	0.0026473
-1693.9	3.406e-06	-1.4329	79.599	6.4655e-07	1.9022	0.0026473
-1661.3	6.3575e-06	-1.6596	78.068	8.5523e-07	2.0448	0.0026473
-1628.7	7.0799e-06	-1.2546	76.538	7.0139e-07	1.7084	0.0026473
-1596.2	1.2809e-05	-0.5314	75.007	1.6784e-06	1.3916	0.0026473
-1563.6	3.0953e-05	-0.036143	73.476	2.3785e-06	1.3351	0.0026473
-1531	5.1361e-05	0.40646	71.945	1.8562e-06	0.79325	0.0026473
-1498.4	7.1396e-05	1.0147	70.415	4.1066e-06	0.6241	0.0026473
-1465.9	0.00012762	1.7035	68.884	7.3923e-06	0.82419	0.0026473
-1433.3	0.00028057	2.2891	67.353	1.2592e-05	0.78682	0.0026473
-1400.7	0.000586	2.6942	65.822	2.0812e-05	0.78385	0.0026473
-1368.1	0.00083007	3.0403	64.292	2.4107e-05	0.64149	0.0026473
-1335.6	0.00077057	-2.8645	62.761	3.2564e-05	0.3411	0.0026473
-1303	0.00046087	-2.3939	61.23	6.1456e-05	0.075289	0.0026473
-1270.4	0.000252	-1.5386	59.699	0.00011459	-0.043605	0.0026473
-1237.8	0.00037004	-0.62834	58.169	0.00017464	-0.22238	0.0026473
-1205.3	0.00076102	-0.092489	56.638	0.00022528	-0.36971	0.0026473
-1172.7	0.0016	0.22698	55.107	0.00025299	-0.58644	0.0026473
-1140.1	0.0027695	0.47748	53.576	0.00035271	-0.81551	0.0026473
-1107.5	0.0037196	0.68522	52.046	0.00045559	-1.0019	0.0026473
-1075	0.004278	0.88976	50.515	0.00049679	-1.2238	0.0026473
-1042.4	0.0050294	1.1059	48.984	0.00054748	-1.4832	0.0026473
-1009.8	0.0059717	1.2739	47.453	0.00059357	-1.7782	0.0026473
-977.24	0.0064848	1.3913	45.923	0.000631	-2.0846	0.0026473
-944.66	0.0058769	1.4609	44.392	0.00069773	-2.4221	0.0026473
-912.09	0.0043165	1.513	42.861	0.00081671	-2.6802	0.0026473
-879.51	0.0025138	1.5304	41.33	0.00087908	-2.9395	0.0026473
-846.94	0.001118	1.4939	39.8	0.0011993	3.0101	0.0026473
-814.36	0.00033639	1.1948	38.269	0.0017811	2.8229	0.0026473
-781.79	0.0002939	0.19215	36.738	0.0021031	2.6795	0.0026473
-749.21	0.00080797	-0.2166	35.207	0.0025218	2.4751	0.0026473
-716.64	0.0012816	-0.23762	33.677	0.0035257	2.2701	0.0026473
-684.06	0.0013708	-0.11756	32.146	0.0042623	2.1354	0.0026473
-651.49	0.00099861	0.0252	30.615	0.0039925	1.9456	0.0026473
-618.92	0.0003865	0.17505	29.084	0.004807	1.7124	0.0026473
-586.34	0.00010089	0.50973	27.554	0.0072943	1.6091	0.0026473
-553.77	5.2596e-05	1.0205	26.023	0.011681	1.5237	0.0026473
-521.19	9.7502e-05	1.5617	24.492	0.018534	1.4007	0.0026473
-488.62	0.0003094	1.8176	22.961	0.025988	1.2314	0.0026473
-456.04	0.00057016	2.0746	21.431	0.036799	1.119	0.0026473
-423.47	0.00073213	2.2563	19.9	0.045719	1.1193	0.0026473
-390.89	0.00070932	2.2377	18.369	0.057979	1.0733	0.0026473
-358.32	0.0003448	2.119	16.838	0.097802	0.97028	0.0026473
-325.75	6.9068e-07	3.1105	15.308	0.16683	0.81692	0.0026473
-293.17	0.0014442	-1.3668	13.777	0.23388	0.52479	0.0026473
-260.6	0.011166	-1.4144	12.246	0.30886	0.13585	0.0026473
-228.02	0.041702	-1.4019	10.715	0.3997	-0.2306	0.0026473
-195.45	0.11164	-1.3096	9.1845	0.4959	-0.47846	0.0026473
-162.87	0.25113	-1.1158	7.6538	0.52073	-0.53247	0.0026473
-130.3	0.47227	-0.84613	6.123	0.43619	-0.49666	0.0026473
-97.724	0.70776	-0.54819	4.5923	0.47245	-0.55264	0.0026473
-65.149	0.87839	-0.27468	3.0615	0.76704	-0.59441	0.0026473
-32.575	0.98862	-0.078904	1.5308	1	-0.54313	0.0026473
0	1	0.001654	0	0.84999	-0.51893	0.0026473
32.575	0.88621	-0.02676	-1.5308	0.60261	-0.60528	0.0026473
65.149	0.7057	-0.16283	-3.0615	0.52006	-0.62336	0.0026473
97.724	0.49172	-0.42751	-4.5923	0.49951	-0.39378	0.0026473
130.3	0.25886	-0.82639	-6.123	0.48779	-0.061823	0.0026473
162.87	0.10524	-1.375	-7.6538	0.46662	0.12775	0.0026473
195.45	0.056858	-2.0061	-9.1845	0.51713	0.10237	0.0026473
228.02	0.064474	-2.4186	-10.715	0.68874	0.12313	0.0026473
260.6	0.085286	-2.5886	-12.246	0.62031	0.26303	0.0026473
293.17	0.07995	-2.6635	-13.777	0.31779	0.28336	0.0026473
325.75	0.046141	-2.6282	-15.308	0.19672	0.079096	0.0026473
358.32	0.015418	-2.3812	-16.838	0.14521	0.18401	0.0026473
390.89	0.0034999	-1.528	-18.369	0.066161	0.57079	0.0026473
423.47	0.0067369	-0.3488	-19.9	0.033355	0.89482	0.0026473
456.04	0.015673	-0.050116	-21.431	0.033908	1.2312	0.0026473
488.62	0.021271	0.0043211	-22.961	0.03468	1.5579	0.0026473
521.19	0.021431	-0.043972	-24.492	0.026634	1.6077	0.0026473
553.77	0.018274	-0.1625	-26.023	0.02519	1.5715	0.0026473
586.34	0.013966	-0.33442	-27.554	0.021288	1.69	0.0026473
618.92	0.0098553	-0.58791	-29.084	0.013185	1.7841	0.0026473
651.49	0.006823	-0.91635	-30.615	0.0085265	1.8817	0.0026473
684.06	0.0046992	-1.2722	-32.146	0.0051916	2.1057	0.0026473
716.64	0.0031644	-1.6125	-33.677	0.0022655	2.355	0.0026473
749.21	0.0018675	-1.9065	-35.207	0.0012635	2.5466	0.0026473
781.79	0.0009123	-2.2191	-36.738	0.0011477	2.7449	0.0026473
814.36	0.00042802	-2.5571	-38.269	0.0009384	2.8882	0.0026473
846.94	0.00018319	-2.8531	-39.8	0.00060873	2.9183	0.0026473
879.51	5.9701e-05	-2.9743	-41.33	0.00046886	3.0969	0.0026473
912.09	9.9643e-06	-3.0536	-42.861	0.00047746	-2.7888	0.0026473
944.66	5.0641e-06	1.9611	-44.392	0.00031263	-2.5898	0.0026473
977.24	1.2565e-05	1.7708	-45.923	0.00014728	-2.5169	0.0026473
1009.8	1.0977e-05	2.0528	-47.453	0.0001702	-2.1407	0.0026473
1042.4	1.7591e-06	2.6562	-48.984	0.00014222	-1.9575	0.0026473
1075	7.4351e-07	-0.76551	-50.515	6.1187e-05	-1.6679	0.0026473
1107.5	3.6339e-07	3.0796	-52.046	3.8995e-05	-1.5721	0.0026473
1140.1	5.6983e-06	-2.8214	-53.576	3.5282e-05	-1.3779	0.0026473
1172.7	2.5091e-06	-2.7462	-55.107	3.6621e-05	-1.0944	0.0026473
1205.3	1.1421e-06	-2.8869	-56.638	2.0473e-05	-0.8725	0.0026473
1237.8	5.7636e-07	1.1485	-58.169	1.8173e-05	-0.69145	0.0026473
1270.4	6.4413e-06	1.6709	-59.699	1.9328e-05	-0.46334	0.0026473
1303	8.945e-06	1.6465	-61.23	1.3869e-05	-0.42296	0.0026473
1335.6	8.9383e-06	1.6788	-62.761	6.5002e-06	-0.042866	0.0026473
1368.1	6.1625e-06	1.5971	-64.292	9.0753e-06	0.13755	0.0026473
1400.7	5.9471e-06	1.7268	-65.822	1.0266e-05	-0.17183	0.0026473
1433.3	1.9787e-06	2.7201	-67.353	5.3496e-06	0.21883	0.0026473
1465.9	9.5061e-07	-1.911	-68.884	2.6588e-06	0.5226	0.0026473
1498.4	6.6065e-07	-0.93298	-70.415	2.8782e-07	-0.13735	0.0026473
1531	8.9382e-07	-0.30662	-71.945	2.6179e-07	0.013739	0.0026473
1563.6	8.7645e-07	-0.031564	-73.476	2.0232e-09	-2.0583	0.0026473
1596.2	1.3854e-06	0.17425	-75.007	1.6213e-07	2.1733	0.0026473
1628.7	1.2814e-06	0.26226	-76.538	2.4796e-07	0.080626	0.0026473
1661.3	2.104e-06	0.38501	-78.068	4.516e-08	-2.0094	0.0026473
1693.9	1.0102e-06	0.77532	-79.599	1.1026e-06	2.9375	0.0026473
1726.4	2.2865e-07	0.31317	-81.13	7.6765e-07	2.3502	0.0026473
1759	5.9322e-07	0.35669	-82.661	2.7511e-07	1.8206	0.0026473
1791.6	2.4719e-07	0.89079	-84.191	8.3877e-07	2.9087	0.0026473
1824.2	2.4388e-08	-1.8279	-85.722	1.1275e-06	2.6643	0.0026473
1856.7	3.0544e-07	-1.5124	-87.253	1.0948e-07	1.7645	0.0026473
1889.3	2.6121e-07	-1.3895	-88.784	3.3863e-08	-2.402	0.0026473
1921.9	1.3684e-07	-1.3348	-90.314	2.4542e-07	2.2676	0.0026473
1954.5	1.2035e-07	-1.697	-91.845	9.2111e-08	1.786	0.0026473
1987	9.5682e-08	-1.8922	-93.376	4.2332e-08	-2.5656	0.0026473
2019.6	5.7262e-09	0.86453	-94.907	1.0496e-07	2.8648	0.0026473
2052.2	6.4074e-08	1.2465	-96.437	9.6535e-08	2.6358	0.0026473
