-2084.8	3.3814e-07	-1.7567	97.968	3.3409e-08	0.66733	0.0024696
-2052.2	5.2321e-07	-1.9045	96.437	4.3838e-09	2.4014	0.0024696
-2019.6	7.3865e-07	-1.7258	94.907	9.9712e-08	0.12467	0.0024696
-1987	1.12e-06	-1.32	93.376	2.3974e-07	-0.081313	0.0024696
-1954.5	1.0311e-06	-1.2155	91.845	2.5499e-08	-0.069315	0.0024696
-1921.9	1.0031e-06	-1.8876	90.314	6.4888e-08	-0.49407	0.0024696
-1889.3	1.9192e-06	-2.27	88.784	8.4238e-08	-0.42365	0.0024696
-1856.7	2.0396e-06	-2.5569	87.253	2.5276e-09	0.93413	0.0024696
-1824.2	2.0939e-06	-2.89	85.722	2.833e-08	2.7403	0.0024696
-1791.6	1.0883e-06	-2.6266	84.191	2.8338e-08	2.1017	0.0024696
-1759	8.8987e-07	-1.3149	82.661	4.433e-08	1.2833	0.0024696
-1726.4	1.0203e-06	-0.85612	81.13	2.6522e-08	0.5924	0.0024696
-1693.9	1.0668e-06	-1.3427	79.599	1.3537e-07	-0.23707	0.0024696
-1661.3	4.3714e-06	-1.53	78.068	1.5111e-07	-0.22038	0.0024696
-1628.7	7.0301e-06	-1.2971	76.538	1.9636e-07	0.059849	0.0024696
-1596.2	5.1913e-06	-1.0797	75.007	7.0203e-07	0.081253	0.0024696
-1563.6	3.5166e-06	-0.80993	73.476	1.4628e-06	0.3851	0.0024696
-1531	2.4473e-06	-0.13215	71.945	2.9419e-06	0.44505	0.0024696
-1498.4	7.7345e-06	0.57736	70.415	4.0807e-06	0.34904	0.0024696
-1465.9	3.0632e-05	0.91564	68.884	7.4788e-06	0.40911	0.0024696
-1433.3	8.8336e-05	1.0962	67.353	8.4705e-06	0.43573	0.0024696
-1400.7	0.00019388	1.243	65.822	1.1202e-05	0.27261	0.0024696
-1368.1	0.00030079	1.4578	64.292	2.3825e-05	0.14817	0.0024696
-1335.6	0.00032641	1.7663	62.761	3.55e-05	-0.033557	0.0024696
-1303	0.00023031	2.2359	61.23	5.1337e-05	-0.22218	0.0024696
-1270.4	0.00015838	-3.0867	59.699	8.2165e-05	-0.40838	0.0024696
-1237.8	0.00032656	-2.064	58.169	0.00012882	-0.50329	0.0024696
-1205.3	0.0008659	-1.4673	56.638	0.00020417	-0.59896	0.0024696
-1172.7	0.0016866	-1.1133	55.107	0.00027604	-0.77509	0.0024696
-1140.1	0.0027228	-0.84259	53.576	0.00032618	-0.95005	0.0024696
-1107.5	0.003802	-0.60941	52.046	0.00041393	-1.1843	0.0024696
-1075	0.0048335	-0.41506	50.515	0.00054859	-1.3809	0.0024696
-1042.4	0.0059588	-0.23298	48.984	0.0006858	-1.5912	0.0024696
-1009.8	0.0069625	-0.070417	47.453	0.00066711	-1.8332	0.0024696
-977.24	0.0070802	0.052414	45.923	0.00065494	-2.1313	0.0024696
-944.66	0.0061088	0.13838	44.392	0.00078504	-2.4666	0.0024696
-912.09	0.004311	0.21865	42.861	0.00095906	-2.7143	0.0024696
-879.51	0.0026487	0.33137	41.33	0.0011215	-2.9766	0.0024696
-846.94	0.0014795	0.48963	39.8	0.0012898	2.9514	0.0024696
-814.36	0.00064701	0.53603	38.269	0.0017166	2.6712	0.0024696
-781.79	0.00019584	0.24003	36.738	0.0021799	2.5365	0.0024696
-749.21	0.00014543	-0.55141	35.207	0.0024536	2.4218	0.0024696
-716.64	0.00038043	-0.68292	33.677	0.0028796	2.2865	0.0024696
-684.06	0.00065435	-0.49618	32.146	0.0042797	2.1079	0.0024696
-651.49	0.00065349	-0.28696	30.615	0.0057829	1.9456	0.0024696
-618.92	0.00035838	0.0070926	29.084	0.0071911	1.7109	0.0024696
-586.34	0.00012291	0.53514	27.554	0.0081678	1.5024	0.0024696
-553.77	6.9225e-05	1.4385	26.023	0.010905	1.4487	0.0024696
-521.19	0.00013424	1.9955	24.492	0.01837	1.444	0.0024696
-488.62	0.0003049	2.0719	22.961	0.028181	1.3047	0.0024696
-456.04	0.00056035	2.1115	21.431	0.038401	1.1136	0.0024696
-423.47	0.00076453	2.2235	19.9	0.050053	0.99562	0.0024696
-390.89	0.00065607	2.3142	18.369	0.063713	1.0227	0.0024696
-358.32	0.0002102	2.281	16.838	0.089875	1.0091	0.0024696
-325.75	4.72e-05	-1.7696	15.308	0.15475	0.81118	0.0024696
-293.17	0.0020587	-1.4283	13.777	0.24727	0.50258	0.0024696
-260.6	0.012543	-1.4154	12.246	0.34614	0.13185	0.0024696
-228.02	0.042027	-1.4007	10.715	0.41977	-0.20525	0.0024696
-195.45	0.11298	-1.3067	9.1845	0.45797	-0.48896	0.0024696
-162.87	0.25875	-1.1054	7.6538	0.50813	-0.61536	0.0024696
-130.3	0.47854	-0.83979	6.123	0.52624	-0.53456	0.0024696
-97.724	0.71023	-0.55032	4.5923	0.5178	-0.46179	0.0024696
-65.149	0.88775	-0.27212	3.0615	0.64972	-0.56413	0.0024696
-32.575	0.99549	-0.073878	1.5308	0.94919	-0.62208	0.0024696
0	1	0.0014505	0	1	-0.57385	0.0024696
32.575	0.88681	-0.024433	-1.5308	0.66385	-0.52711	0.0024696
65.149	0.70707	-0.16415	-3.0615	0.42772	-0.53841	0.0024696
97.724	0.48905	-0.44524	-4.5923	0.45445	-0.44087	0.0024696
130.3	0.25265	-0.84216	-6.123	0.55245	-0.17738	0.0024696
162.87	0.099534	-1.3947	-7.6538	0.58735	0.14252	0.0024696
195.45	0.055649	-2.0361	-9.1845	0.55092	0.24744	0.0024696
228.02	0.065044	-2.4474	-10.715	0.56243	0.11632	0.0024696
260.6	0.085735	-2.6093	-12.246	0.60701	0.14788	0.0024696
293.17	0.079307	-2.6781	-13.777	0.44221	0.29324	0.0024696
325.75	0.045293	-2.6439	-15.308	0.19417	0.23904	0.0024696
358.32	0.014857	-2.421	-16.838	0.094033	0.14539	0.0024696
390.89	0.0031366	-1.6243	-18.369	0.071053	0.4665	0.0024696
423.47	0.0056713	-0.39867	-19.9	0.042596	0.84832	0.0024696
456.04	0.014547	-0.052459	-21.431	0.030089	1.3179	0.0024696
488.62	0.021278	0.0052615	-22.961	0.041052	1.4589	0.0024696
521.19	0.02218	-0.040601	-24.492	0.031906	1.576	0.0024696
553.77	0.018441	-0.14745	-26.023	0.02189	1.7545	0.0024696
586.34	0.013338	-0.33041	-27.554	0.019354	1.6649	0.0024696
618.92	0.0093828	-0.58629	-29.084	0.013153	1.7065	0.0024696
651.49	0.0069142	-0.91346	-30.615	0.0093055	1.9601	0.0024696
684.06	0.0054871	-1.2515	-32.146	0.0055146	2.0048	0.0024696
716.64	0.0043689	-1.6059	-33.677	0.0033278	2.2826	0.0024696
749.21	0.003416	-1.9733	-35.207	0.002333	2.5551	0.0024696
781.79	0.0022943	-2.3247	-36.738	0.0008362	2.7288	0.0024696
814.36	0.0012191	-2.7019	-38.269	0.00060218	2.967	0.0024696
846.94	0.00054517	3.1368	-39.8	0.00060414	2.9807	0.0024696
879.51	0.00018249	2.7194	-41.33	0.00040971	-3.0682	0.0024696
912.09	2.483e-05	2.2715	-42.861	0.00035653	-2.766	0.0024696
944.66	2.8187e-07	-0.17785	-44.392	0.00025587	-2.6694	0.0024696
977.24	1.8226e-05	-1.3539	-45.923	0.00017707	-2.4694	0.0024696
1009.8	4.3145e-05	-1.4138	-47.453	0.00013466	-2.1188	0.0024696
1042.4	4.2041e-05	-1.5919	-48.984	0.0001094	-1.9985	0.0024696
1075	2.4057e-05	-1.8652	-50.515	8.0312e-05	-1.7769	0.0024696
1107.5	2.3384e-05	-2.1446	-52.046	4.0193e-05	-1.4612	0.0024696
1140.1	5.3513e-05	-1.9541	-53.576	2.3712e-05	-1.1778	0.0024696
1172.7	0.00010129	-1.6646	-55.107	3.7588e-05	-0.9254	0.0024696
1205.3	0.00012648	-1.4074	-56.638	2.0249e-05	-1.0126	0.0024696
1237.8	0.00013245	-1.1051	-58.169	1.2791e-05	-0.71982	0.0024696
1270.4	0.00014157	-0.68271	-59.699	4.9779e-06	-0.8828	0.0024696
1303	0.00017572	-0.14197	-61.23	3.2674e-06	-1.5887	0.0024696
1335.6	0.000225	0.34787	-62.761	3.2269e-06	-1.2881	0.0024696
1368.1	0.00025835	0.76182	-64.292	4.0796e-06	-1.7194	0.0024696
1400.7	0.00021716	1.2798	-65.822	3.8469e-06	-1.9813	0.0024696
1433.3	0.00013608	1.9234	-67.353	4.1484e-06	-2.0406	0.0024696
1465.9	8.384e-05	2.6793	-68.884	2.1198e-06	-1.7199	0.0024696
1498.4	4.8798e-05	-2.784	-70.415	4.3319e-06	-1.6045	0.0024696
1531	2.3701e-05	-2.0017	-71.945	6.1294e-06	-1.7912	0.0024696
1563.6	7.5568e-06	-1.0772	-73.476	4.4509e-06	-1.5802	0.0024696
1596.2	6.8063e-06	0.067681	-75.007	2.9234e-06	-1.7201	0.0024696
1628.7	8.2144e-06	0.75278	-76.538	3.3207e-06	-2.2902	0.0024696
1661.3	3.2965e-06	1.4148	-78.068	2.7095e-06	-2.4407	0.0024696
1693.9	2.8699e-07	2.8703	-79.599	1.4482e-06	-2.5425	0.0024696
1726.4	4.0498e-07	-2.5927	-81.13	3.863e-07	2.9519	0.0024696
1759	3.6011e-07	2.0421	-82.661	3.3959e-07	1.7872	0.0024696
1791.6	3.4789e-07	1.959	-84.191	1.01e-07	2.6293	0.0024696
1824.2	3.9723e-08	2.6762	-85.722	9.5509e-08	2.5932	0.0024696
1856.7	1.9606e-07	-2.9249	-87.253	1.6048e-07	1.0692	0.0024696
1889.3	2.9105e-07	-2.4184	-88.784	1.2778e-07	0.74803	0.0024696
1921.9	3.9854e-07	-1.6888	-90.314	2.2526e-07	0.98623	0.0024696
1954.5	4.5062e-07	-1.2806	-91.845	3.353e-07	1.2183	0.0024696
1987	2.5457e-07	-0.66007	-93.376	9.7535e-08	1.1522	0.0024696
2019.6	2.5735e-07	0.0034176	-94.907	1.3123e-08	0.54668	0.0024696
2052.2	9.2211e-08	-0.77717	-96.437	3.2605e-08	1.0532	0.0024696
