-2084.8	3.6847e-08	-1.2296	97.968	1.5375e-07	-0.13322	0.0056075
-2052.2	3.6838e-07	-0.91265	96.437	2.1468e-07	0.038051	0.0056075
-2019.6	9.9978e-07	-0.72151	94.907	3.1668e-07	0.0072254	0.0056075
-1987	1.43e-06	-0.58153	93.376	2.4539e-07	0.31477	0.0056075
-1954.5	1.9237e-06	-0.26288	91.845	2.2693e-07	0.22606	0.0056075
-1921.9	1.2985e-06	-0.14584	90.314	1.1006e-07	0.077243	0.0056075
-1889.3	6.448e-07	-0.56548	88.784	1.1731e-07	1.0902	0.0056075
-1856.7	9.1015e-07	-1.1512	87.253	6.1931e-08	1.8539	0.0056075
-1824.2	1.6176e-06	-1.0391	85.722	6.3388e-08	2.7449	0.0056075
-1791.6	1.1553e-06	-0.44896	84.191	6.1417e-08	-3.0187	0.0056075
-1759	7.4967e-07	0.030042	82.661	3.4417e-08	2.8927	0.0056075
-1726.4	4.3376e-07	-0.42653	81.13	3.2257e-07	2.2222	0.0056075
-1693.9	8.174e-07	-0.58416	79.599	6.7504e-07	2.4963	0.0056075
-1661.3	9.7318e-07	-1.0157	78.068	4.7689e-07	2.5343	0.0056075
-1628.7	2.9398e-06	-1.3418	76.538	4.8892e-07	1.5811	0.0056075
-1596.2	3.364e-06	-1.3654	75.007	9.9126e-07	1.3691	0.0056075
-1563.6	2.1614e-06	-1.204	73.476	7.3589e-07	0.99505	0.0056075
-1531	9.3087e-07	-1.3162	71.945	1.8016e-06	0.86428	0.0056075
-1498.4	4.7454e-07	-2.017	70.415	5.398e-06	0.63747	0.0056075
-1465.9	1.6388e-06	2.7653	68.884	8.3744e-06	0.36649	0.0056075
-1433.3	9.2361e-06	2.1002	67.353	1.0677e-05	0.29604	0.0056075
-1400.7	2.3609e-05	1.8799	65.822	2.4135e-05	0.15775	0.0056075
-1368.1	3.8697e-05	1.6302	64.292	4.7298e-05	-0.022265	0.0056075
-1335.6	4.275e-05	1.3319	62.761	8.2161e-05	-0.058165	0.0056075
-1303	3.8901e-05	0.77977	61.23	0.0001044	-0.1869	0.0056075
-1270.4	7.3034e-05	0.094988	59.699	0.00012368	-0.40258	0.0056075
-1237.8	0.00025526	-0.34993	58.169	0.00018349	-0.6209	0.0056075
-1205.3	0.00077059	-0.40059	56.638	0.00023322	-0.81232	0.0056075
-1172.7	0.0014753	-0.2992	55.107	0.00028477	-0.92955	0.0056075
-1140.1	0.0021611	-0.21422	53.576	0.00033421	-1.1201	0.0056075
-1107.5	0.0028716	-0.10256	52.046	0.00042013	-1.3652	0.0056075
-1075	0.0034122	0.026333	50.515	0.00054936	-1.6258	0.0056075
-1042.4	0.0040792	0.15378	48.984	0.00068885	-1.8637	0.0056075
-1009.8	0.0047612	0.27712	47.453	0.00080704	-2.0651	0.0056075
-977.24	0.0049883	0.37542	45.923	0.00073394	-2.3363	0.0056075
-944.66	0.0047134	0.46757	44.392	0.00066211	-2.6079	0.0056075
-912.09	0.0036217	0.52023	42.861	0.0007366	-2.82	0.0056075
-879.51	0.002105	0.53415	41.33	0.00098645	-3.0336	0.0056075
-846.94	0.00080456	0.36169	39.8	0.0011937	3.0051	0.0056075
-814.36	0.00028004	-0.50244	38.269	0.0013904	2.7334	0.0056075
-781.79	0.00080616	-1.3937	36.738	0.0017909	2.4934	0.0056075
-749.21	0.0022454	-1.5413	35.207	0.0022561	2.3335	0.0056075
-716.64	0.0044641	-1.4947	33.677	0.002945	2.1415	0.0056075
-684.06	0.0072085	-1.405	32.146	0.0036269	1.9799	0.0056075
-651.49	0.0092332	-1.2519	30.615	0.0042698	1.8495	0.0056075
-618.92	0.0099179	-0.98931	29.084	0.0065352	1.7003	0.0056075
-586.34	0.0096863	-0.62533	27.554	0.01025	1.5108	0.0056075
-553.77	0.0093105	-0.15709	26.023	0.01383	1.3568	0.0056075
-521.19	0.0097126	0.36641	24.492	0.016425	1.2966	0.0056075
-488.62	0.010852	0.85539	22.961	0.019763	1.2809	0.0056075
-456.04	0.011673	1.2854	21.431	0.02906	1.2834	0.0056075
-423.47	0.011072	1.6999	19.9	0.050894	1.2975	0.0056075
-390.89	0.0086557	2.1209	18.369	0.088599	1.2045	0.0056075
-358.32	0.0055341	2.5856	16.838	0.15187	0.94761	0.0056075
-325.75	0.0034415	-2.9572	15.308	0.24551	0.69267	0.0056075
-293.17	0.0066691	-2.0909	13.777	0.30637	0.42582	0.0056075
-260.6	0.021178	-1.6577	12.246	0.34161	0.077216	0.0056075
-228.02	0.055479	-1.4255	10.715	0.36956	-0.25709	0.0056075
-195.45	0.12534	-1.234	9.1845	0.41102	-0.49033	0.0056075
-162.87	0.23747	-1.0261	7.6538	0.5113	-0.5098	0.0056075
-130.3	0.39055	-0.79088	6.123	0.59505	-0.38835	0.0056075
-97.724	0.57481	-0.54288	4.5923	0.58977	-0.43431	0.0056075
-65.149	0.79151	-0.28854	3.0615	0.69977	-0.64448	0.0056075
-32.575	0.98814	-0.071482	1.5308	0.97739	-0.66669	0.0056075
0	1	0.04876	0	1	-0.53864	0.0056075
32.575	0.82764	0.037613	-1.5308	0.62637	-0.41797	0.0056075
65.149	0.62623	-0.1136	-3.0615	0.45901	-0.33746	0.0056075
97.724	0.40454	-0.417	-4.5923	0.57799	-0.31053	0.0056075
130.3	0.21091	-0.8837	-6.123	0.57091	-0.22224	0.0056075
162.87	0.1028	-1.4391	-7.6538	0.49947	-0.048895	0.0056075
195.45	0.069552	-1.9202	-9.1845	0.60462	-0.022435	0.0056075
228.02	0.064507	-2.2127	-10.715	0.73718	0.0387	0.0056075
260.6	0.057192	-2.486	-12.246	0.72017	0.30443	0.0056075
293.17	0.040154	-2.7498	-13.777	0.54261	0.55492	0.0056075
325.75	0.019564	-2.9954	-15.308	0.23289	0.68399	0.0056075
358.32	0.0055958	2.962	-16.838	0.096516	0.81095	0.0056075
390.89	0.0011831	1.9368	-18.369	0.067388	0.74641	0.0056075
423.47	0.0023398	0.70193	-19.9	0.037072	0.56072	0.0056075
456.04	0.0048609	0.14325	-21.431	0.025111	0.7062	0.0056075
488.62	0.0074221	-0.26157	-22.961	0.034213	0.8212	0.0056075
521.19	0.008355	-0.56509	-24.492	0.024396	0.88116	0.0056075
553.77	0.0070941	-0.88632	-26.023	0.015816	1.1999	0.0056075
586.34	0.0053767	-1.2689	-27.554	0.013889	1.4031	0.0056075
618.92	0.0045571	-1.7171	-29.084	0.0089786	1.5437	0.0056075
651.49	0.0041781	-2.1176	-30.615	0.0047274	1.7345	0.0056075
684.06	0.0033304	-2.4352	-32.146	0.0025571	1.671	0.0056075
716.64	0.002281	-2.7076	-33.677	0.0017201	1.5607	0.0056075
749.21	0.0015872	-2.8805	-35.207	0.0010397	1.5964	0.0056075
781.79	0.0010468	-2.9716	-36.738	0.00068877	1.6543	0.0056075
814.36	0.00062902	-3.0834	-38.269	0.00045813	1.5903	0.0056075
846.94	0.00037903	3.096	-39.8	0.00036316	1.7027	0.0056075
879.51	0.00023139	3.1098	-41.33	0.00036369	1.7907	0.0056075
912.09	0.00012409	-3.0244	-42.861	0.00038704	1.5568	0.0056075
944.66	4.5944e-05	-2.661	-44.392	0.00036301	1.3906	0.0056075
977.24	1.0042e-05	-1.6269	-45.923	0.00026579	1.3765	0.0056075
1009.8	2.5864e-05	-0.77011	-47.453	0.00018603	1.3106	0.0056075
1042.4	4.1994e-05	-0.68763	-48.984	0.0001085	1.2248	0.0056075
1075	2.2821e-05	-0.86241	-50.515	8.8454e-05	1.4958	0.0056075
1107.5	2.6146e-05	-1.5333	-52.046	4.6905e-05	1.3842	0.0056075
1140.1	7.1736e-05	-1.5774	-53.576	4.0767e-05	1.3629	0.0056075
1172.7	0.0001845	-1.4203	-55.107	3.6101e-05	1.4378	0.0056075
1205.3	0.00047231	-1.2776	-56.638	2.374e-05	1.7316	0.0056075
1237.8	0.00076955	-1.0921	-58.169	3.7656e-05	1.8432	0.0056075
1270.4	0.00093395	-0.82793	-59.699	3.8266e-05	1.7267	0.0056075
1303	0.000907	-0.48325	-61.23	3.4995e-05	1.875	0.0056075
1335.6	0.00074302	-0.10427	-62.761	2.5831e-05	2.006	0.0056075
1368.1	0.0005759	0.30315	-64.292	2.284e-05	1.9033	0.0056075
1400.7	0.00039861	0.69191	-65.822	1.7511e-05	2.0643	0.0056075
1433.3	0.00023904	1.0144	-67.353	1.1138e-05	2.3455	0.0056075
1465.9	0.00010505	1.2722	-68.884	8.4181e-06	1.9967	0.0056075
1498.4	3.4409e-05	1.6309	-70.415	1.0622e-05	1.742	0.0056075
1531	4.5855e-06	2.1497	-71.945	1.0655e-05	1.6186	0.0056075
1563.6	1.4387e-06	-0.75529	-73.476	3.5157e-06	1.3656	0.0056075
1596.2	8.237e-06	-0.36304	-75.007	3.7747e-06	1.3526	0.0056075
1628.7	1.153e-05	-0.083542	-76.538	5.5063e-06	1.4628	0.0056075
1661.3	7.04e-06	0.13765	-78.068	1.3513e-06	0.96885	0.0056075
1693.9	2.9131e-06	0.54265	-79.599	1.0944e-06	0.41661	0.0056075
1726.4	2.6092e-06	1.1295	-81.13	1.2791e-06	0.80593	0.0056075
1759	1.3481e-06	1.6998	-82.661	9.507e-07	0.93602	0.0056075
1791.6	8.0487e-07	2.6992	-84.191	6.6655e-07	0.19199	0.0056075
1824.2	4.4336e-08	2.0337	-85.722	8.4162e-07	-0.022067	0.0056075
1856.7	1.9159e-07	1.3159	-87.253	3.7266e-07	0.42786	0.0056075
1889.3	1.4146e-07	2.0347	-88.784	6.8304e-08	-0.36381	0.0056075
1921.9	1.633e-07	2.2025	-90.314	5.4199e-07	-1.5543	0.0056075
1954.5	2.1163e-07	1.3084	-91.845	6.0277e-07	-1.8151	0.0056075
1987	2.9037e-07	1.7887	-93.376	1.9658e-07	-2.0633	0.0056075
2019.6	3.1011e-07	2.2881	-94.907	3.5685e-07	-2.4134	0.0056075
2052.2	1.942e-07	2.611	-96.437	4.1434e-07	-2.8496	0.0056075
