-2084.8	3.5679e-07	0.87608	97.968	2.2809e-07	-1.5502	0.0030981
-2052.2	4.0015e-07	0.69457	96.437	2.1621e-07	-1.8497	0.0030981
-2019.6	2.2097e-08	0.88291	94.907	2.2393e-07	-1.2404	0.0030981
-1987	1.3916e-07	3.116	93.376	3.246e-08	-1.0066	0.0030981
-1954.5	5.0674e-07	-2.8138	91.845	1.4273e-07	-0.87647	0.0030981
-1921.9	3.1181e-07	-2.9615	90.314	3.8556e-07	-0.39379	0.0030981
-1889.3	1.5942e-07	-2.5986	88.784	2.4829e-07	-0.8193	0.0030981
-1856.7	2.5234e-07	-2.5303	87.253	1.1422e-06	-1.3268	0.0030981
-1824.2	4.7284e-07	-2.2674	85.722	1.7662e-06	-1.2378	0.0030981
-1791.6	3.2363e-07	-1.6118	84.191	2.8589e-06	-1.0026	0.0030981
-1759	7.744e-07	-1.1112	82.661	3.3614e-06	-0.74295	0.0030981
-1726.4	1.5332e-06	-1.4903	81.13	3.2254e-06	-0.29603	0.0030981
-1693.9	7.4255e-06	-1.7749	79.599	4.8107e-06	0.11068	0.0030981
-1661.3	8.7069e-06	-1.9327	78.068	6.821e-06	0.61672	0.0030981
-1628.7	5.2431e-06	-2.1193	76.538	7.6509e-06	1.0744	0.0030981
-1596.2	7.3184e-06	-2.0163	75.007	7.4426e-06	1.4454	0.0030981
-1563.6	1.3555e-05	-1.7942	73.476	1.0298e-05	1.7504	0.0030981
-1531	1.6289e-05	-1.6605	71.945	1.0775e-05	1.9042	0.0030981
-1498.4	1.4249e-05	-1.4314	70.415	9.5923e-06	2.2438	0.0030981
-1465.9	1.2502e-05	-0.72917	68.884	7.7451e-06	2.5128	0.0030981
-1433.3	2.4869e-05	0.32776	67.353	8.3817e-06	2.7119	0.0030981
-1400.7	7.0964e-05	0.70446	65.822	1.3745e-05	3.0863	0.0030981
-1368.1	0.00011115	0.84348	64.292	2.1189e-05	-2.7504	0.0030981
-1335.6	8.5356e-05	1.0251	62.761	5.0009e-05	-2.5029	0.0030981
-1303	2.2056e-05	1.5692	61.23	0.00011995	-2.3398	0.0030981
-1270.4	2.0972e-05	-2.7306	59.699	0.000213	-2.2306	0.0030981
-1237.8	0.00021711	-1.861	58.169	0.00032325	-2.1083	0.0030981
-1205.3	0.00088039	-1.4791	56.638	0.00041356	-2.0427	0.0030981
-1172.7	0.0018669	-1.2734	55.107	0.00048298	-2.0126	0.0030981
-1140.1	0.0030471	-1.0999	53.576	0.00055829	-1.9309	0.0030981
-1107.5	0.0041314	-0.94116	52.046	0.00051261	-1.8853	0.0030981
-1075	0.0047032	-0.80783	50.515	0.00040297	-1.9693	0.0030981
-1042.4	0.0047272	-0.70299	48.984	0.00031931	-2.0168	0.0030981
-1009.8	0.0040704	-0.60014	47.453	0.00019869	-2.1644	0.0030981
-977.24	0.0029639	-0.4538	45.923	0.00014896	-2.5337	0.0030981
-944.66	0.0018144	-0.14974	44.392	0.00011651	-3.0539	0.0030981
-912.09	0.001294	0.39688	42.861	0.00019375	2.543	0.0030981
-879.51	0.0016807	0.9997	41.33	0.00050828	2.3334	0.0030981
-846.94	0.0028801	1.3718	39.8	0.0010322	2.3099	0.0030981
-814.36	0.0046092	1.5254	38.269	0.0013674	2.2441	0.0030981
-781.79	0.0060904	1.5739	36.738	0.0019508	2.0919	0.0030981
-749.21	0.0069736	1.577	35.207	0.0028585	2.0621	0.0030981
-716.64	0.0076989	1.6006	33.677	0.0038616	1.9413	0.0030981
-684.06	0.0083937	1.6636	32.146	0.0059161	1.8422	0.0030981
-651.49	0.0088884	1.7636	30.615	0.0081383	1.7416	0.0030981
-618.92	0.0083936	1.9035	29.084	0.010061	1.5434	0.0030981
-586.34	0.0066572	2.0862	27.554	0.012104	1.3235	0.0030981
-553.77	0.0046488	2.3111	26.023	0.012667	1.1199	0.0030981
-521.19	0.0033107	2.5223	24.492	0.012648	1.1018	0.0030981
-488.62	0.0021615	2.6071	22.961	0.016794	1.3868	0.0030981
-456.04	0.0017994	2.6214	21.431	0.03694	1.4797	0.0030981
-423.47	0.0016876	2.5174	19.9	0.078514	1.3273	0.0030981
-390.89	0.0013096	2.5622	18.369	0.14788	1.1055	0.0030981
-358.32	0.00085585	2.8958	16.838	0.2112	0.8819	0.0030981
-325.75	0.00057935	-2.4299	15.308	0.24082	0.62128	0.0030981
-293.17	0.0032431	-1.5935	13.777	0.27266	0.2818	0.0030981
-260.6	0.016513	-1.4355	12.246	0.39153	-0.021569	0.0030981
-228.02	0.049544	-1.4061	10.715	0.51098	-0.15699	0.0030981
-195.45	0.10607	-1.2702	9.1845	0.48729	-0.30521	0.0030981
-162.87	0.24771	-1.0494	7.6538	0.53807	-0.54858	0.0030981
-130.3	0.48575	-0.83371	6.123	0.78908	-0.61555	0.0030981
-97.724	0.68815	-0.53915	4.5923	1	-0.57003	0.0030981
-65.149	0.8637	-0.24353	3.0615	0.98936	-0.55137	0.0030981
-32.575	0.98822	-0.059606	1.5308	0.97626	-0.53737	0.0030981
0	1	0.021248	0	0.96309	-0.51702	0.0030981
32.575	0.89975	-0.0094867	-1.5308	0.69832	-0.53964	0.0030981
65.149	0.70123	-0.17783	-3.0615	0.57382	-0.59187	0.0030981
97.724	0.43358	-0.46748	-4.5923	0.80818	-0.49682	0.0030981
130.3	0.20737	-0.84835	-6.123	0.95615	-0.21721	0.0030981
162.87	0.088932	-1.3758	-7.6538	0.8884	0.16784	0.0030981
195.45	0.06634	-2.011	-9.1845	0.72591	0.35652	0.0030981
228.02	0.085807	-2.4242	-10.715	0.54195	0.25941	0.0030981
260.6	0.096327	-2.6011	-12.246	0.591	0.24096	0.0030981
293.17	0.073918	-2.6555	-13.777	0.60748	0.30522	0.0030981
325.75	0.035977	-2.6377	-15.308	0.35	0.2576	0.0030981
358.32	0.0069211	-2.4825	-16.838	0.17816	0.24018	0.0030981
390.89	0.0013674	-0.4537	-18.369	0.12374	0.41526	0.0030981
423.47	0.011486	0.043238	-19.9	0.045688	0.73079	0.0030981
456.04	0.018842	0.092828	-21.431	0.024556	1.4673	0.0030981
488.62	0.014068	0.064744	-22.961	0.036353	1.6049	0.0030981
521.19	0.0049356	-0.10935	-24.492	0.034926	1.6682	0.0030981
553.77	0.00076149	-0.92447	-26.023	0.029926	1.7112	0.0030981
586.34	0.0011482	-2.0944	-27.554	0.024631	1.54	0.0030981
618.92	0.0011106	-2.3643	-29.084	0.015902	1.5524	0.0030981
651.49	0.00024615	-2.6246	-30.615	0.0099585	1.8785	0.0030981
684.06	3.7782e-05	1.8381	-32.146	0.0068625	2.1515	0.0030981
716.64	9.9151e-05	0.91813	-33.677	0.0050221	2.3582	0.0030981
749.21	6.3014e-05	0.096782	-35.207	0.0039924	2.4113	0.0030981
781.79	0.00012059	-0.8479	-36.738	0.0021963	2.4672	0.0030981
814.36	0.00016642	-1.1497	-38.269	0.00092394	2.6361	0.0030981
846.94	8.3824e-05	-1.4585	-39.8	0.00043394	3.032	0.0030981
879.51	2.5443e-05	-2.097	-41.33	0.00055128	-2.8093	0.0030981
912.09	5.1717e-06	-2.9324	-42.861	0.00058208	-2.7075	0.0030981
944.66	8.025e-06	1.6328	-44.392	0.00039917	-2.6668	0.0030981
977.24	2.6315e-05	1.1222	-45.923	0.00033204	-2.41	0.0030981
1009.8	3.5622e-05	0.9934	-47.453	0.00025795	-2.1609	0.0030981
1042.4	1.6088e-05	0.93359	-48.984	0.00022855	-2.0128	0.0030981
1075	2.9241e-06	0.048008	-50.515	0.00014491	-1.9563	0.0030981
1107.5	4.9334e-06	-1.4182	-52.046	0.0001404	-1.6575	0.0030981
1140.1	2.3778e-05	-1.7946	-53.576	0.00012634	-1.4802	0.0030981
1172.7	8.6252e-05	-1.582	-55.107	6.2797e-05	-1.2777	0.0030981
1205.3	0.00023646	-1.2672	-56.638	8.2092e-05	-1.0875	0.0030981
1237.8	0.0004349	-0.95958	-58.169	6.9902e-05	-0.92857	0.0030981
1270.4	0.00058821	-0.66814	-59.699	4.4997e-05	-0.69768	0.0030981
1303	0.00070509	-0.36127	-61.23	4.0501e-05	-0.62024	0.0030981
1335.6	0.00069756	-0.034245	-62.761	2.7822e-05	-0.42575	0.0030981
1368.1	0.00057397	0.32407	-64.292	2.073e-05	-0.31793	0.0030981
1400.7	0.00039965	0.73071	-65.822	1.3508e-05	0.20576	0.0030981
1433.3	0.00023471	1.1097	-67.353	1.1868e-05	0.4113	0.0030981
1465.9	0.00011689	1.5017	-68.884	1.3317e-05	0.31785	0.0030981
1498.4	3.6161e-05	1.9129	-70.415	1.3201e-05	0.47753	0.0030981
1531	2.7818e-06	2.8764	-71.945	2.9793e-06	0.78741	0.0030981
1563.6	5.8322e-06	-1.4215	-73.476	1.0071e-06	0.87453	0.0030981
1596.2	7.235e-06	-0.90665	-75.007	1.3108e-06	1.0084	0.0030981
1628.7	2.8025e-06	-0.78743	-76.538	1.2945e-06	1.4034	0.0030981
1661.3	1.0073e-06	-0.93924	-78.068	6.7658e-07	1.3293	0.0030981
1693.9	1.2641e-06	-0.6876	-79.599	1.5185e-06	1.3093	0.0030981
1726.4	7.5e-07	0.39459	-81.13	4.0923e-06	1.5654	0.0030981
1759	3.1339e-07	0.79765	-82.661	1.967e-06	1.6128	0.0030981
1791.6	1.1625e-07	0.58978	-84.191	6.2658e-07	1.317	0.0030981
1824.2	1.6198e-08	0.54479	-85.722	9.1153e-07	1.1443	0.0030981
1856.7	3.9129e-08	-2.5761	-87.253	1.0564e-06	0.98313	0.0030981
1889.3	2.7603e-07	-1.7791	-88.784	4.639e-07	0.67882	0.0030981
1921.9	1.7719e-07	-1.488	-90.314	1.61e-07	0.57607	0.0030981
1954.5	1.2931e-07	-1.0779	-91.845	5.6701e-07	0.7027	0.0030981
1987	5.7011e-08	1.1621	-93.376	7.283e-07	0.79274	0.0030981
2019.6	5.0365e-07	1.6942	-94.907	2.7241e-07	0.85983	0.0030981
2052.2	6.7055e-07	1.5835	-96.437	3.4602e-07	1.0685	0.0030981
