-1667.8	2.0053e-06	0.35174
-1661.3	1.413e-06	0.50785
-1654.8	1.1625e-06	0.34478
-1648.3	1.269e-06	0.24573
-1641.8	1.0262e-06	0.24723
-1635.2	1.6028e-06	0.18572
-1628.7	1.1825e-06	0.21282
-1622.2	1.7278e-06	0.56268
-1615.7	1.226e-06	0.4576
-1609.2	8.2931e-07	0.61429
-1602.7	1.9599e-06	0.39755
-1596.2	2.7688e-06	1.0067
-1589.6	1.2229e-06	1.3571
-1583.1	8.142e-07	0.56484
-1576.6	1.7318e-07	0.17486
-1570.1	9.6045e-07	0.37942
-1563.6	4.2681e-06	-0.20091
-1557.1	6.0725e-06	0.27536
-1550.5	3.8328e-06	0.13446
-1544	1.5126e-05	-0.19327
-1537.5	3.0835e-05	0.29698
-1531	5.9991e-05	0.5968
-1524.5	4.7095e-05	1.2015
-1518	4.9727e-05	1.5238
-1511.5	1.1625e-05	0.76162
-1504.9	7.897e-06	-0.34096
-1498.4	7.2669e-06	1.0755
-1491.9	3.9357e-05	0.34771
-1485.4	9.2585e-05	-0.063075
-1478.9	0.00014993	-0.33619
-1472.4	0.00013653	-0.64425
-1465.9	0.00016672	-0.69671
-1459.3	0.00016715	-0.93415
-1452.8	0.00018469	-0.68579
-1446.3	0.00019054	-0.71511
-1439.8	0.00018047	-0.62617
-1433.3	0.00024745	-0.56952
-1426.8	0.0002361	-0.44817
-1420.2	0.00024734	-0.42059
-1413.7	0.00029289	-0.33887
-1407.2	0.00029141	-0.22631
-1400.7	0.00031402	-0.1284
-1394.2	0.00032891	-0.039544
-1387.7	0.00035325	0.05393
-1381.2	0.00038159	0.1433
-1374.6	0.00041287	0.24553
-1368.1	0.00044835	0.3328
-1361.6	0.00049836	0.40796
-1355.1	0.00054732	0.51297
-1348.6	0.00058948	0.58904
-1342.1	0.00064689	0.65424
-1335.6	0.00071938	0.71447
-1329	0.00079871	0.77786
-1322.5	0.0008631	0.85289
-1316	0.00090027	0.91165
-1309.5	0.00093852	0.96208
-1303	0.00097936	1.0073
-1296.5	0.001011	1.0395
-1290	0.0010148	1.0844
-1283.4	0.0010127	1.1159
-1276.9	0.0010244	1.1482
-1270.4	0.00098944	1.168
-1263.9	0.00097723	1.174
-1257.4	0.00094452	1.193
-1250.9	0.00092089	1.2095
-1244.3	0.00087053	1.2555
-1237.8	0.00077863	1.2652
-1231.3	0.00072703	1.2797
-1224.8	0.0006442	1.3182
-1218.3	0.00057987	1.3414
-1211.8	0.00044024	1.4191
-1205.3	0.00031678	1.422
-1198.7	0.0002796	1.2997
-1192.2	0.00021418	1.2029
-1185.7	0.00015886	1.2838
-1179.2	0.00016646	1.3288
-1172.7	0.00015628	1.1963
-1166.2	0.0001085	1.0886
-1159.7	4.0926e-05	0.77948
-1153.1	3.7364e-05	0.51796
-1146.6	2.857e-05	-0.18226
-1140.1	1.9836e-05	0.38487
-1133.6	9.9914e-06	0.20207
-1127.1	1.6034e-06	-0.16055
-1120.6	1.2901e-05	0.46491
-1114	6.3561e-06	1.1046
-1107.5	1.9237e-06	1.0095
-1101	1.333e-05	0.72775
-1094.5	4.9211e-06	0.39272
-1088	1.9385e-05	0.41321
-1081.5	2.5199e-05	0.34189
-1075	3.9025e-05	0.2795
-1068.4	4.5377e-05	0.45418
-1061.9	5.7172e-05	0.15964
-1055.4	9.0311e-05	0.60527
-1048.9	0.00011506	0.86528
-1042.4	3.1157e-05	0.5656
-1035.9	9.7735e-06	0.73345
-1029.4	4.3095e-05	1.3242
-1022.8	2.7328e-05	0.39167
-1016.3	2.2116e-05	-0.3285
-1009.8	9.14e-06	-1.2243
-1003.3	4.6554e-05	3.0654
-996.78	0.00014059	-2.9745
-990.26	0.00033826	3.0861
-983.75	0.00026289	-3.0448
-977.24	0.00028764	-3.1342
-970.72	0.00031792	2.9737
-964.21	0.00039474	3.1229
-957.69	0.00038543	3.0126
-951.18	0.00043775	2.936
-944.66	0.00051296	2.9065
-938.15	0.00060711	2.7911
-931.63	0.00070691	2.7661
-925.12	0.00086982	2.694
-918.6	0.0010052	2.666
-912.09	0.001111	2.6241
-905.57	0.0013181	2.5599
-899.06	0.0014521	2.5326
-892.54	0.0016061	2.4923
-886.03	0.0017518	2.4377
-879.51	0.0018973	2.3901
-873	0.0020686	2.3437
-866.48	0.0021724	2.2903
-859.97	0.0023599	2.2364
-853.45	0.0025391	2.19
-846.94	0.0026337	2.1374
-840.42	0.0028079	2.084
-833.91	0.0029469	2.0289
-827.39	0.0031038	1.9793
-820.88	0.0032175	1.9297
-814.36	0.0033234	1.867
-807.85	0.0034901	1.8216
-801.33	0.0035658	1.7633
-794.82	0.0037159	1.7055
-788.3	0.0038275	1.652
-781.79	0.0039755	1.5912
-775.27	0.0041033	1.5415
-768.76	0.004237	1.4766
-762.24	0.0044283	1.423
-755.73	0.004552	1.3682
-749.21	0.0047676	1.3072
-742.7	0.0049362	1.2554
-736.18	0.0051362	1.1932
-729.67	0.0053784	1.1411
-723.15	0.00557	1.0843
-716.64	0.0058885	1.0264
-710.12	0.0061145	0.97414
-703.61	0.0064111	0.91457
-697.09	0.0067495	0.86458
-690.58	0.007039	0.80862
-684.06	0.0074409	0.75526
-677.55	0.007783	0.70438
-671.03	0.0081726	0.64975
-664.52	0.0086301	0.60387
-658	0.0089693	0.55058
-651.49	0.0094999	0.50317
-644.98	0.0099247	0.4565
-638.46	0.010437	0.40796
-631.95	0.01094	0.36568
-625.43	0.011399	0.31806
-618.92	0.012044	0.27834
-612.4	0.012522	0.2387
-605.89	0.013089	0.19651
-599.37	0.013631	0.16212
-592.86	0.014169	0.12461
-586.34	0.01477	0.0951
-579.83	0.015214	0.061854
-573.31	0.015772	0.033314
-566.8	0.016239	0.010875
-560.28	0.016662	-0.012174
-553.77	0.016971	-0.029762
-547.25	0.017293	-0.047857
-540.74	0.017449	-0.055406
-534.22	0.017509	-0.063776
-527.71	0.017337	-0.067458
-521.19	0.017124	-0.067589
-514.68	0.016721	-0.063967
-508.16	0.016103	-0.050961
-501.65	0.015208	-0.039085
-495.13	0.014271	-0.018714
-488.62	0.013108	0.0073408
-482.1	0.011845	0.039025
-475.59	0.010426	0.08509
-469.07	0.0089534	0.13702
-462.56	0.0075161	0.20442
-456.04	0.0060788	0.29103
-449.53	0.0047657	0.40598
-443.01	0.0036881	0.5621
-436.5	0.0028169	0.77827
-429.98	0.0022568	1.0623
-423.47	0.0021669	1.4023
-416.95	0.0025738	1.7376
-410.44	0.0035118	2.0091
-403.92	0.0051552	2.2181
-397.41	0.0074172	2.3726
-390.89	0.010222	2.4769
-384.38	0.013848	2.5575
-377.86	0.01818	2.622
-371.35	0.0231	2.6703
-364.83	0.028505	2.7121
-358.32	0.034069	2.7434
-351.8	0.040444	2.7641
-345.29	0.047063	2.7812
-338.77	0.052841	2.7925
-332.26	0.059229	2.8023
-325.75	0.065351	2.8057
-319.23	0.069852	2.7962
-312.72	0.07472	2.7886
-306.2	0.077994	2.7762
-299.69	0.079955	2.765
-293.17	0.082916	2.7389
-286.66	0.079942	2.6975
-280.14	0.082685	2.6734
-273.63	0.077719	2.6341
-267.11	0.076388	2.5854
-260.6	0.072772	2.5234
-254.08	0.069994	2.456
-247.57	0.0657	2.3952
-241.05	0.062239	2.3058
-234.54	0.060526	2.2077
-228.02	0.059067	2.109
-221.51	0.058673	1.9943
-214.99	0.060085	1.8702
-208.48	0.063665	1.7454
-201.96	0.069803	1.6167
-195.45	0.078685	1.4881
-188.93	0.091072	1.3647
-182.42	0.1073	1.2447
-175.9	0.12754	1.1293
-169.39	0.15294	1.0219
-162.87	0.18314	0.91959
-156.36	0.2178	0.81973
-149.84	0.25753	0.72493
-143.33	0.30115	0.63446
-136.81	0.34751	0.54679
-130.3	0.39664	0.46309
-123.78	0.44678	0.3833
-117.27	0.49641	0.30698
-110.75	0.54505	0.23514
-104.24	0.5916	0.16819
-97.724	0.63492	0.10644
-91.209	0.67518	0.050272
-84.694	0.71261	-0.00034591
-78.179	0.74699	-0.044974
-71.664	0.7791	-0.083706
-65.149	0.80997	-0.11689
-58.634	0.83978	-0.14471
-52.119	0.86882	-0.16762
-45.604	0.89726	-0.18614
-39.089	0.92437	-0.2004
-32.575	0.949	-0.2106
-26.06	0.97007	-0.21682
-19.545	0.98636	-0.21881
-13.03	0.99657	-0.21615
-6.5149	1	-0.20859
0	0.99647	-0.19561
6.5149	0.9863	-0.17691
13.03	0.97023	-0.1524
19.545	0.94937	-0.12228
26.06	0.92479	-0.086858
32.575	0.89731	-0.046741
39.089	0.86755	-0.0027168
45.604	0.83591	0.044376
52.119	0.80229	0.093885
58.634	0.7667	0.145
65.149	0.72913	0.19717
71.664	0.68971	0.25015
78.179	0.64841	0.30362
84.694	0.60583	0.35705
91.209	0.56275	0.41055
97.724	0.51934	0.4636
104.24	0.47593	0.5158
110.75	0.43347	0.56718
117.27	0.392	0.61736
123.78	0.35163	0.66576
130.3	0.31324	0.71256
136.81	0.27682	0.75741
143.33	0.24198	0.80051
149.84	0.2097	0.84153
156.36	0.18012	0.88076
162.87	0.1529	0.9183
169.39	0.12839	0.95352
175.9	0.10665	0.98562
182.42	0.087312	1.0176
188.93	0.070487	1.0473
195.45	0.056107	1.0727
201.96	0.043991	1.0969
208.48	0.033849	1.1196
214.99	0.025254	1.1332
221.51	0.018435	1.1501
228.02	0.013128	1.1702
234.54	0.0087916	1.1666
241.05	0.0057328	1.1589
247.57	0.0036133	1.1786
254.08	0.0018849	1.1549
260.6	0.00080896	1.1291
267.11	0.00026789	1.2485
273.63	2.164e-05	0.95616
280.14	3.7127e-05	-1.2244
286.66	0.00013303	-1.8074
293.17	0.00037648	-1.9283
299.69	0.00070743	-1.9609
306.2	0.0011372	-2.1175
312.72	0.0015231	-2.1359
319.23	0.0016429	-2.1031
325.75	0.0017793	-2.1621
332.26	0.0019538	-2.1888
338.77	0.0019427	-2.1984
345.29	0.0019852	-2.2343
351.8	0.0019748	-2.2569
358.32	0.0018225	-2.2909
364.83	0.0017267	-2.3337
371.35	0.0016421	-2.3545
377.86	0.0015568	-2.3867
384.38	0.001434	-2.4084
390.89	0.0012483	-2.421
397.41	0.0011333	-2.4469
403.92	0.0010364	-2.4617
410.44	0.00088652	-2.4643
416.95	0.00078229	-2.469
423.47	0.00067927	-2.4558
429.98	0.00056099	-2.4569
436.5	0.00048107	-2.4433
443.01	0.0004248	-2.3988
449.53	0.00035723	-2.3476
456.04	0.00030448	-2.2978
462.56	0.00026015	-2.2118
469.07	0.00023842	-2.1334
475.59	0.0002281	-2.0312
482.1	0.00021913	-1.9286
488.62	0.00022293	-1.826
495.13	0.00024182	-1.7452
501.65	0.00026386	-1.6579
508.16	0.00028847	-1.6068
514.68	0.00034501	-1.554
521.19	0.00038507	-1.5152
527.71	0.00044258	-1.4837
534.22	0.00050285	-1.4536
540.74	0.0005656	-1.441
547.25	0.00064132	-1.4294
553.77	0.00071609	-1.4194
560.28	0.00079225	-1.3972
566.8	0.00086337	-1.3913
573.31	0.00094847	-1.3805
579.83	0.0010074	-1.3677
586.34	0.0010927	-1.3563
592.86	0.0011432	-1.3367
599.37	0.0012028	-1.3253
605.89	0.0012538	-1.3037
612.4	0.0012718	-1.293
618.92	0.0013117	-1.2668
625.43	0.0013083	-1.2511
631.95	0.0013203	-1.2248
638.46	0.0012846	-1.2043
644.98	0.0012779	-1.1851
651.49	0.0012241	-1.1491
658	0.0011613	-1.1313
664.52	0.0010994	-1.1048
671.03	0.0010452	-1.0688
677.55	0.00094755	-1.0391
684.06	0.00082608	-1.0135
690.58	0.00075735	-0.96656
697.09	0.00065525	-0.91335
703.61	0.00056657	-0.86645
710.12	0.00039332	-0.83951
716.64	0.00029966	-0.74528
723.15	0.00029726	-0.63248
729.67	0.00018581	-0.77242
736.18	0.0001164	-0.58582
742.7	0.00011743	-0.15054
749.21	0.00010322	0.2205
755.73	6.5048e-05	0.76239
762.24	0.00014964	1.0268
768.76	4.3046e-05	1.3481
775.27	1.7933e-05	1.5133
781.79	2.2151e-05	1.6548
788.3	0.0001315	1.9068
794.82	0.00020728	2.1388
801.33	0.0004206	2.1407
807.85	0.00047079	2.2966
814.36	0.00055465	2.3144
820.88	0.00072876	2.3193
827.39	0.00092546	2.4441
833.91	0.0010517	2.4988
840.42	0.0012092	2.5744
846.94	0.0013473	2.6253
853.45	0.0015376	2.6624
859.97	0.0017316	2.7305
866.48	0.0018893	2.776
873	0.0020872	2.8265
879.51	0.0022578	2.8769
886.03	0.0024331	2.9214
892.54	0.0026628	2.9679
899.06	0.0028836	3.025
905.57	0.0030196	3.0724
912.09	0.0032649	3.118
918.6	0.0034546	-3.1095
925.12	0.0036515	-3.0722
931.63	0.0038617	-3.0135
938.15	0.0039395	-2.9761
944.66	0.0041901	-2.9354
951.18	0.0042701	-2.8886
957.69	0.0044205	-2.8604
964.21	0.0045475	-2.8103
970.72	0.0045855	-2.7814
977.24	0.0047151	-2.7451
983.75	0.004702	-2.7104
990.26	0.0048014	-2.6763
996.78	0.0047174	-2.6328
1003.3	0.0046464	-2.6047
1009.8	0.0045156	-2.5687
1016.3	0.0044023	-2.5418
1022.8	0.0043041	-2.4998
1029.4	0.0040068	-2.4698
1035.9	0.0038486	-2.4375
1042.4	0.0035543	-2.4074
1048.9	0.0034284	-2.3825
1055.4	0.0031979	-2.3344
1061.9	0.0029163	-2.3107
1068.4	0.0027328	-2.2619
1075	0.0024751	-2.238
1081.5	0.0023495	-2.1966
1088	0.0021323	-2.1384
1094.5	0.0019492	-2.0923
1101	0.001721	-2.0213
1107.5	0.0015348	-1.9908
1114	0.0013752	-1.9239
1120.6	0.0012374	-1.8647
1127.1	0.0010711	-1.7866
1133.6	0.00085109	-1.7448
1140.1	0.00078055	-1.7192
1146.6	0.0006579	-1.6803
1153.1	0.00064629	-1.643
1159.7	0.00055821	-1.5483
1166.2	0.00046963	-1.5233
1172.7	0.0004554	-1.453
1179.2	0.00040554	-1.4336
1185.7	0.00044618	-1.2506
1192.2	0.00038	-1.0598
1198.7	0.0002129	-0.96044
1205.3	0.00013717	-0.75357
1211.8	0.00014783	-0.72731
1218.3	8.1217e-05	-0.78398
1224.8	2.3993e-05	-0.73809
1231.3	1.0224e-05	-0.16709
1237.8	2.6201e-05	0.37693
1244.3	2.2149e-05	0.5537
1250.9	5.5513e-05	0.6136
1257.4	1.126e-05	0.47425
1263.9	1.4422e-05	0.41481
1270.4	1.6161e-05	0.0668
1276.9	4.8878e-06	0.75585
1283.4	3.0527e-06	0.1787
1290	8.4513e-06	0.47522
1296.5	5.5688e-06	1.112
1303	9.3741e-06	0.54072
1309.5	1.2467e-05	0.66976
1316	2.0131e-05	0.64595
1322.5	2.353e-05	0.65868
1329	2.1886e-05	0.55431
1335.6	3.5235e-05	0.56871
1342.1	3.2813e-05	0.56543
1348.6	3.2113e-05	0.53732
1355.1	4.3061e-05	0.47219
1361.6	4.2362e-05	0.59383
1368.1	3.4067e-05	0.54754
1374.6	4.1661e-05	0.44929
1381.2	3.4351e-05	0.53284
1387.7	3.7581e-05	0.49615
1394.2	3.2536e-05	0.55262
1400.7	2.706e-05	0.45395
1407.2	3.227e-05	0.52445
1413.7	2.0862e-05	0.54844
1420.2	2.3547e-05	0.48115
1426.8	2.081e-05	0.54697
1433.3	1.6167e-05	0.51873
1439.8	1.5937e-05	0.61155
1446.3	9.8973e-06	0.56307
1452.8	1.0111e-05	0.49454
1459.3	8.5375e-06	0.7972
1465.9	2.4428e-06	0.59734
1472.4	6.1831e-06	0.54548
1478.9	2.1685e-06	1.0141
1485.4	1.0394e-06	0.11747
1491.9	1.4721e-06	0.66107
1498.4	1.039e-06	0.13147
1504.9	2.8855e-07	1.0777
1511.5	7.3888e-07	-1.1228
1518	1.7043e-06	0.5206
1524.5	4.7958e-07	2.5024
1531	1.0277e-06	-0.71912
1537.5	8.6717e-07	0.37223
1544	1.1743e-06	1.0532
1550.5	1.1266e-07	0.77712
1557.1	1.3765e-06	0.11583
1563.6	1.3305e-06	1.1592
1570.1	1.3641e-07	0.97494
1576.6	7.8991e-07	0.52665
1583.1	9.1996e-07	0.30664
1589.6	2.7635e-08	1.458
1596.2	3.9275e-07	-0.13998
1602.7	2.2191e-06	-0.41346
1609.2	2.9985e-06	-0.20206
1615.7	5.4983e-06	0.66923
1622.2	4.0348e-06	0.59467
1628.7	1.4746e-06	0.60905
1635.2	1.9785e-06	0.8507
1641.8	4.2885e-06	1.0424
1648.3	4.9459e-06	0.66236
1654.8	4.3676e-06	0.49115
1661.3	2.8739e-06	0.24702
