-1667.8	1.4672e-05	-0.67349
-1661.3	1.6091e-05	-0.10672
-1654.8	3.531e-05	0.042585
-1648.3	5.9353e-05	-0.54845
-1641.8	5.1968e-05	-0.73951
-1635.2	2.4805e-05	-0.24805
-1628.7	1.1656e-05	-0.094513
-1622.2	2.7627e-05	-0.86252
-1615.7	3.7676e-05	-0.9961
-1609.2	3.6537e-05	-1.2116
-1602.7	3.644e-05	-1.4188
-1596.2	4.8745e-05	-1.2626
-1589.6	4.7658e-05	-1.3795
-1583.1	7.2088e-05	-1.3563
-1576.6	7.7075e-05	-1.2184
-1570.1	4.4114e-05	-1.1005
-1563.6	3.9144e-05	-0.99575
-1557.1	3.6864e-05	-0.89724
-1550.5	5.7836e-05	-0.98827
-1544	5.5687e-05	-0.81304
-1537.5	7.9602e-05	-0.94141
-1531	0.0001136	-0.98269
-1524.5	0.00014994	-1.0138
-1518	0.00016549	-0.95378
-1511.5	0.00017378	-0.91305
-1504.9	0.00020672	-0.78189
-1498.4	0.00020922	-0.64328
-1491.9	0.00022582	-0.58073
-1485.4	0.00023528	-0.40202
-1478.9	0.00023578	-0.18351
-1472.4	0.0002918	-0.089179
-1465.9	0.00031773	0.0096188
-1459.3	0.00033892	0.086841
-1452.8	0.00036178	0.12008
-1446.3	0.0002973	0.20973
-1439.8	0.00033597	0.30844
-1433.3	0.0003169	0.34849
-1426.8	0.00031856	0.49524
-1420.2	0.00033011	0.55397
-1413.7	0.00032503	0.53056
-1407.2	0.00031428	0.60419
-1400.7	0.00026893	0.68777
-1394.2	0.00025247	0.70114
-1387.7	0.00021546	0.73418
-1381.2	0.00018884	0.72584
-1374.6	0.00016494	0.73882
-1368.1	0.00014411	0.77722
-1361.6	0.00010918	0.88477
-1355.1	9.3027e-05	0.8344
-1348.6	7.4285e-05	0.74318
-1342.1	6.7141e-05	0.81383
-1335.6	5.0513e-05	0.64741
-1329	4.4156e-05	0.59145
-1322.5	2.1093e-05	0.37154
-1316	1.7413e-05	-0.10471
-1309.5	2.964e-05	-0.29082
-1303	2.434e-05	-0.40256
-1296.5	1.9776e-05	-0.24874
-1290	2.2457e-05	0.11159
-1283.4	1.9081e-05	-0.068086
-1276.9	2.6853e-05	0.37393
-1270.4	3.3925e-05	0.94248
-1263.9	5.9299e-05	1.1178
-1257.4	4.4895e-05	1.3079
-1250.9	4.7949e-05	1.4483
-1244.3	4.2169e-05	2.0069
-1237.8	6.8454e-05	2.0269
-1231.3	0.00012493	2.0363
-1224.8	0.00015518	2.1663
-1218.3	0.00014032	2.0917
-1211.8	0.00017716	2.0282
-1205.3	0.00021062	2.0528
-1198.7	0.00019609	2.1574
-1192.2	0.00025224	2.1336
-1185.7	0.00030093	2.1166
-1179.2	0.00044085	2.2638
-1172.7	0.00054394	2.2805
-1166.2	0.0005179	2.2309
-1159.7	0.00063303	2.2171
-1153.1	0.00078296	2.1746
-1146.6	0.00086994	2.116
-1140.1	0.0010596	2.0773
-1133.6	0.0010947	2.0192
-1127.1	0.0013161	2.0504
-1120.6	0.0013444	1.9915
-1114	0.0014485	1.9754
-1107.5	0.0015006	1.9593
-1101	0.0015874	1.9228
-1094.5	0.0015355	1.9171
-1088	0.0018508	1.8352
-1081.5	0.001978	1.8193
-1075	0.0020725	1.7979
-1068.4	0.002382	1.8455
-1061.9	0.0026493	1.8184
-1055.4	0.0026443	1.8087
-1048.9	0.0026444	1.8218
-1042.4	0.0025372	1.8013
-1035.9	0.0024305	1.8041
-1029.4	0.0023842	1.7482
-1022.8	0.0022143	1.7285
-1016.3	0.002117	1.6977
-1009.8	0.0019778	1.7254
-1003.3	0.0018509	1.7154
-996.78	0.0015833	1.6503
-990.26	0.0013704	1.6773
-983.75	0.00129	1.5784
-977.24	0.0012283	1.5265
-970.72	0.0010963	1.4059
-964.21	0.0010236	1.3807
-957.69	0.0010594	1.2639
-951.18	0.00087299	1.1899
-944.66	0.00094603	1.102
-938.15	0.0010013	0.9772
-931.63	0.00093702	0.88007
-925.12	0.00111	0.84336
-918.6	0.0011632	0.72976
-912.09	0.0012004	0.65712
-905.57	0.0013782	0.64686
-899.06	0.001457	0.60814
-892.54	0.0015668	0.52242
-886.03	0.0016895	0.45321
-879.51	0.0017261	0.35317
-873	0.00174	0.35764
-866.48	0.0017926	0.2981
-859.97	0.0017952	0.28678
-853.45	0.0018476	0.24083
-846.94	0.0019111	0.20797
-840.42	0.0021694	0.1471
-833.91	0.0020183	0.092131
-827.39	0.002121	-0.007462
-820.88	0.0022711	-0.040956
-814.36	0.0023504	-0.11592
-807.85	0.0023426	-0.20137
-801.33	0.002586	-0.22726
-794.82	0.0027398	-0.29268
-788.3	0.0031711	-0.37632
-781.79	0.0033801	-0.43104
-775.27	0.0036956	-0.48402
-768.76	0.0040896	-0.54578
-762.24	0.0043573	-0.58154
-755.73	0.0046125	-0.63457
-749.21	0.0048936	-0.66396
-742.7	0.0052426	-0.72406
-736.18	0.0055287	-0.77568
-729.67	0.0055793	-0.82173
-723.15	0.0056741	-0.8777
-716.64	0.0060472	-0.93463
-710.12	0.0059484	-0.99033
-703.61	0.0060743	-1.0337
-697.09	0.0060531	-1.0883
-690.58	0.0058045	-1.1573
-684.06	0.0057457	-1.2374
-677.55	0.0055229	-1.2902
-671.03	0.0053941	-1.3511
-664.52	0.0050536	-1.4052
-658	0.0048682	-1.4756
-651.49	0.0046994	-1.5685
-644.98	0.0044537	-1.6418
-638.46	0.0041075	-1.7285
-631.95	0.0037486	-1.8148
-625.43	0.0033539	-1.9273
-618.92	0.0029666	-2.0321
-612.4	0.002584	-2.1395
-605.89	0.0022775	-2.2683
-599.37	0.0019933	-2.4177
-592.86	0.001764	-2.5958
-586.34	0.0016303	-2.7639
-579.83	0.0015564	-2.9747
-573.31	0.0015937	3.1094
-566.8	0.0017617	2.9072
-560.28	0.0020605	2.7382
-553.77	0.0024805	2.5833
-547.25	0.0029423	2.4572
-540.74	0.0035324	2.3506
-534.22	0.0040831	2.2645
-527.71	0.0047512	2.1961
-521.19	0.0052929	2.1334
-514.68	0.0058086	2.084
-508.16	0.006173	2.0388
-501.65	0.0065749	1.9989
-495.13	0.0066396	1.9671
-488.62	0.0066606	1.937
-482.1	0.006512	1.8945
-475.59	0.0061544	1.8578
-469.07	0.0058445	1.8113
-462.56	0.0051089	1.7471
-456.04	0.0047874	1.671
-449.53	0.00419	1.6015
-443.01	0.0036766	1.481
-436.5	0.0032468	1.3685
-429.98	0.0030489	1.2043
-423.47	0.0027949	1.0821
-416.95	0.0027874	0.90194
-410.44	0.0030614	0.75635
-403.92	0.0031289	0.66217
-397.41	0.0033255	0.53994
-390.89	0.0039539	0.44644
-384.38	0.0041463	0.38209
-377.86	0.0045247	0.3307
-371.35	0.0045297	0.294
-364.83	0.0048641	0.22066
-358.32	0.0050768	0.15807
-351.8	0.0049034	0.085465
-345.29	0.0048125	0.016514
-338.77	0.0048546	-0.059636
-332.26	0.0046722	-0.18276
-325.75	0.0049461	-0.31093
-319.23	0.0050876	-0.44458
-312.72	0.0054922	-0.57045
-306.2	0.0065694	-0.69236
-299.69	0.0073968	-0.80261
-293.17	0.0091613	-0.91894
-286.66	0.01134	-0.97742
-280.14	0.013964	-1.0461
-273.63	0.017191	-1.0994
-267.11	0.021171	-1.1518
-260.6	0.025565	-1.175
-254.08	0.031085	-1.1933
-247.57	0.036624	-1.2037
-241.05	0.043458	-1.213
-234.54	0.05075	-1.2108
-228.02	0.059615	-1.2165
-221.51	0.069572	-1.2137
-214.99	0.080786	-1.2046
-208.48	0.093301	-1.1927
-201.96	0.10706	-1.1811
-195.45	0.12311	-1.1698
-188.93	0.13998	-1.1532
-182.42	0.15979	-1.1304
-175.9	0.18016	-1.1087
-169.39	0.20238	-1.0801
-162.87	0.22636	-1.0474
-156.36	0.25167	-1.0123
-149.84	0.28044	-0.97465
-143.33	0.31035	-0.93269
-136.81	0.34177	-0.88804
-130.3	0.37465	-0.84101
-123.78	0.40799	-0.79254
-117.27	0.441	-0.74096
-110.75	0.47421	-0.68658
-104.24	0.50599	-0.62975
-97.724	0.53767	-0.57
-91.209	0.56936	-0.50788
-84.694	0.60261	-0.44403
-78.179	0.63784	-0.38065
-71.664	0.67596	-0.31917
-65.149	0.71602	-0.2613
-58.634	0.75718	-0.20827
-52.119	0.79735	-0.16103
-45.604	0.83522	-0.11962
-39.089	0.86911	-0.083577
-32.575	0.89893	-0.052753
-26.06	0.92428	-0.026727
-19.545	0.94557	-0.0055962
-13.03	0.96402	0.01039
-6.5149	0.97926	0.020999
0	0.99104	0.025728
6.5149	0.99829	0.024269
13.03	1	0.016473
19.545	0.99441	0.0023957
26.06	0.9804	-0.017649
32.575	0.9564	-0.043369
39.089	0.92348	-0.074453
45.604	0.88104	-0.10996
52.119	0.83018	-0.14983
58.634	0.77277	-0.19387
65.149	0.71037	-0.24213
71.664	0.64513	-0.29377
78.179	0.57818	-0.34969
84.694	0.51205	-0.41023
91.209	0.44743	-0.47518
97.724	0.38598	-0.54575
104.24	0.32886	-0.62182
110.75	0.27685	-0.705
117.27	0.22975	-0.79608
123.78	0.18847	-0.89389
130.3	0.15282	-1.0044
136.81	0.12346	-1.1241
143.33	0.098859	-1.2559
149.84	0.079887	-1.4
156.36	0.065257	-1.5569
162.87	0.054178	-1.7317
169.39	0.047091	-1.9129
175.9	0.041575	-2.0902
182.42	0.03976	-2.2747
188.93	0.038795	-2.4288
195.45	0.039776	-2.5778
201.96	0.041443	-2.6924
208.48	0.042971	-2.808
214.99	0.04483	-2.8963
221.51	0.047546	-2.9704
228.02	0.050171	-3.0138
234.54	0.050513	-3.0688
241.05	0.051816	-3.1139
247.57	0.052489	-3.1327
254.08	0.05155	3.1156
260.6	0.049617	3.1019
267.11	0.049453	3.087
273.63	0.046163	3.0684
280.14	0.044035	3.0737
286.66	0.040519	3.08
293.17	0.036764	3.0955
299.69	0.033224	3.1044
306.2	0.030033	3.1396
312.72	0.027117	-3.1189
319.23	0.024189	-3.0682
325.75	0.021898	-3.0184
332.26	0.019916	-2.9577
338.77	0.018162	-2.8856
345.29	0.017076	-2.809
351.8	0.015974	-2.723
358.32	0.015244	-2.6491
364.83	0.014961	-2.5656
371.35	0.014322	-2.4838
377.86	0.014157	-2.389
384.38	0.013961	-2.3079
390.89	0.013933	-2.2168
397.41	0.013782	-2.1318
403.92	0.013731	-2.0516
410.44	0.013679	-1.9662
416.95	0.013541	-1.8872
423.47	0.013368	-1.8059
429.98	0.013264	-1.7301
436.5	0.012926	-1.6569
443.01	0.012455	-1.5878
449.53	0.011884	-1.5198
456.04	0.011149	-1.4574
462.56	0.010315	-1.3973
469.07	0.0094734	-1.3314
475.59	0.0086402	-1.2662
482.1	0.0077069	-1.2071
488.62	0.006803	-1.1445
495.13	0.0059449	-1.0936
501.65	0.0051078	-1.0331
508.16	0.0043554	-0.97446
514.68	0.0036294	-0.92593
521.19	0.0029706	-0.87666
527.71	0.0024108	-0.82828
534.22	0.0018953	-0.781
540.74	0.0014493	-0.72985
547.25	0.0010464	-0.65513
553.77	0.00071121	-0.59662
560.28	0.00044239	-0.51208
566.8	0.00026302	-0.35564
573.31	0.00014391	-0.10896
579.83	8.189e-05	0.28503
586.34	7.2914e-05	0.83264
592.86	0.00011307	1.2955
599.37	0.00018768	1.5933
605.89	0.0003424	1.7067
612.4	0.00051715	1.7748
618.92	0.00070403	1.8528
625.43	0.00094089	1.9039
631.95	0.001172	1.958
638.46	0.0012986	1.9896
644.98	0.0015305	1.99
651.49	0.0017565	1.991
658	0.0019914	1.9769
664.52	0.0022376	1.9946
671.03	0.0025036	2.0285
677.55	0.002627	2.06
684.06	0.0027735	2.0748
690.58	0.0028727	2.103
697.09	0.0028317	2.1094
703.61	0.0028692	2.1019
710.12	0.0029853	2.1209
716.64	0.0029761	2.1442
723.15	0.0028561	2.1532
729.67	0.0028258	2.196
736.18	0.002921	2.1781
742.7	0.0030217	2.215
749.21	0.0030944	2.2605
755.73	0.0029206	2.2863
762.24	0.0027369	2.2952
768.76	0.0027462	2.2938
775.27	0.0026829	2.3082
781.79	0.002705	2.3004
788.3	0.0025949	2.3744
794.82	0.002514	2.3797
801.33	0.0023786	2.3741
807.85	0.0022997	2.3894
814.36	0.0024361	2.3906
820.88	0.0024841	2.4219
827.39	0.002283	2.477
833.91	0.0021423	2.5092
840.42	0.0021442	2.5247
846.94	0.0021235	2.5313
853.45	0.0021408	2.5613
859.97	0.002085	2.5731
866.48	0.002183	2.619
873	0.0020128	2.6896
879.51	0.0018627	2.7203
886.03	0.001739	2.7748
892.54	0.0016215	2.7585
899.06	0.0017117	2.8322
905.57	0.0016056	2.938
912.09	0.001573	2.9802
918.6	0.0015614	2.9556
925.12	0.0014128	3.0396
931.63	0.0012992	3.0916
938.15	0.0011784	-3.1314
944.66	0.0010663	-3.0543
951.18	0.0009833	-2.9258
957.69	0.0010216	-2.8488
964.21	0.0010148	-2.7465
970.72	0.00083029	-2.5913
977.24	0.00071808	-2.4781
983.75	0.0007775	-2.5203
990.26	0.00073789	-2.4988
996.78	0.00058528	-2.5049
1003.3	0.00046	-2.408
1009.8	0.00043307	-2.2425
1016.3	0.00034087	-2.0113
1022.8	0.00040538	-1.8946
1029.4	0.0004009	-1.8763
1035.9	0.00035957	-1.8549
1042.4	0.00031016	-1.7473
1048.9	0.00036254	-1.5548
1055.4	0.00035967	-1.3301
1061.9	0.00030366	-0.99736
1068.4	0.00029629	-0.90065
1075	0.00037987	-0.85681
1081.5	0.0003887	-0.75263
1088	0.00043507	-0.65735
1094.5	0.00042905	-0.62797
1101	0.00037949	-0.58249
1107.5	0.0003553	-0.51659
1114	0.00045576	-0.29748
1120.6	0.0004343	-0.33258
1127.1	0.00044328	-0.28819
1133.6	0.00035811	-0.23031
1140.1	0.00041698	-0.18274
1146.6	0.00043331	-0.088578
1153.1	0.00055168	-0.11969
1159.7	0.00054996	-0.15114
1166.2	0.00046778	-0.18118
1172.7	0.0005111	-0.22789
1179.2	0.00055425	-0.13536
1185.7	0.00052232	-0.10963
1192.2	0.00051784	-0.047908
1198.7	0.00056526	-0.0081009
1205.3	0.00045287	-0.022304
1211.8	0.00048272	-0.062514
1218.3	0.00049363	-0.1602
1224.8	0.00052637	-0.14874
1231.3	0.00054931	-0.083245
1237.8	0.00054193	-0.094872
1244.3	0.0005178	-0.06567
1250.9	0.00050266	-0.039745
1257.4	0.00048436	-0.067886
1263.9	0.00047226	-0.01208
1270.4	0.00045726	-0.0090092
1276.9	0.00039101	-0.013269
1283.4	0.00040119	0.065605
1290	0.00039307	0.082427
1296.5	0.00036472	0.10483
1303	0.00030262	0.21974
1309.5	0.00027311	0.19639
1316	0.00022286	0.24355
1322.5	0.00019278	0.23963
1329	0.00014422	0.35205
1335.6	0.00014198	0.31668
1342.1	0.00011304	0.29563
1348.6	8.7679e-05	0.36984
1355.1	4.0756e-05	0.51045
1361.6	3.4562e-05	0.80082
1368.1	2.4136e-05	0.60844
1374.6	2.7189e-05	0.85653
1381.2	1.0294e-05	1.0461
1387.7	1.5965e-05	0.69797
1394.2	1.3437e-05	0.77868
1400.7	8.7086e-06	1.015
1407.2	6.8187e-06	1.3036
1413.7	5.4926e-06	0.59051
1420.2	3.3931e-06	0.030898
1426.8	1.7196e-06	0.49579
1433.3	9.6382e-07	-1.6782
1439.8	7.5441e-06	-0.72918
1446.3	9.935e-06	-0.69986
1452.8	1.2429e-05	-0.88625
1459.3	1.27e-05	-0.32185
1465.9	1.6533e-05	-0.49477
1472.4	2.1344e-05	-0.011609
1478.9	3.811e-05	-0.083169
1485.4	3.8733e-05	-0.43819
1491.9	5.2986e-05	-0.67112
1498.4	6.4716e-05	-0.41737
1504.9	6.342e-05	-0.097036
1511.5	4.4537e-05	0.098487
1518	4.5253e-05	-0.1632
1524.5	3.7575e-05	-0.28731
1531	4.7855e-05	-0.32811
1537.5	5.9017e-05	-0.25847
1544	3.9897e-05	0.094614
1550.5	3.0272e-05	0.10754
1557.1	2.765e-05	-0.10102
1563.6	1.7138e-05	-0.31283
1570.1	2.7097e-05	-0.38507
1576.6	2.6294e-05	-0.07308
1583.1	3.6504e-05	0.029605
1589.6	2.5923e-05	-0.11957
1596.2	2.4106e-05	0.12413
1602.7	1.0402e-05	-0.069738
1609.2	1.3123e-05	-0.10296
1615.7	1.0797e-05	-0.38324
1622.2	1.8326e-05	-0.37328
1628.7	3.2698e-05	-0.5677
1635.2	4.7777e-05	-0.50305
1641.8	5.0452e-05	-0.55575
1648.3	3.9252e-05	-0.72219
1654.8	1.365e-05	-0.71125
1661.3	1.6785e-05	-0.60352
